combination,r-squared
"('dom_perc', 'int_perc')",1
"('mv_usd', 'elo_rating', 'bmi', 'life_exp', 'qol', 'mv_play_dom', 'num_play_dom', 'mv_play_int', 'num_play_int', 'dom_int_mv_ratio', 'dom_perc')",0.948296011
"('mv_usd', 'elo_rating', 'bmi', 'life_exp', 'qol', 'mv_play_dom', 'num_play_dom', 'mv_play_int', 'num_play_int', 'dom_int_mv_ratio', 'int_perc')",0.948296011
"('mv_usd', 'elo_rating', 'bmi', 'life_exp', 'qol', 'mv_play_dom', 'num_play_dom', 'mv_play_int', 'num_play_int', 'dom_int_mv_ratio', 'dom_perc', 'int_perc')",0.948296011
"('mv_usd', 'elo_rating', 'life_exp', 'qol', 'mv_play_dom', 'num_play_dom', 'mv_play_int', 'num_play_int', 'dom_int_mv_ratio', 'dom_perc')",0.948291131
"('mv_usd', 'elo_rating', 'life_exp', 'qol', 'mv_play_dom', 'num_play_dom', 'mv_play_int', 'num_play_int', 'dom_int_mv_ratio', 'int_perc')",0.948291131
"('mv_usd', 'elo_rating', 'life_exp', 'qol', 'mv_play_dom', 'num_play_dom', 'mv_play_int', 'num_play_int', 'dom_int_mv_ratio', 'dom_perc', 'int_perc')",0.948291131
"('mv_usd', 'elo_rating', 'bmi', 'life_exp', 'qol', 'mv_play_dom', 'mv_play_int', 'num_play_int', 'dom_int_mv_ratio', 'dom_perc')",0.948226619
"('mv_usd', 'elo_rating', 'bmi', 'life_exp', 'qol', 'mv_play_dom', 'mv_play_int', 'num_play_int', 'dom_int_mv_ratio', 'int_perc')",0.948226619
"('mv_usd', 'elo_rating', 'bmi', 'life_exp', 'qol', 'mv_play_dom', 'mv_play_int', 'num_play_int', 'dom_int_mv_ratio', 'dom_perc', 'int_perc')",0.948226619
"('mv_usd', 'elo_rating', 'life_exp', 'qol', 'mv_play_dom', 'mv_play_int', 'num_play_int', 'dom_int_mv_ratio', 'dom_perc')",0.94821622
"('mv_usd', 'elo_rating', 'life_exp', 'qol', 'mv_play_dom', 'mv_play_int', 'num_play_int', 'dom_int_mv_ratio', 'int_perc')",0.94821622
"('mv_usd', 'elo_rating', 'life_exp', 'qol', 'mv_play_dom', 'mv_play_int', 'num_play_int', 'dom_int_mv_ratio', 'dom_perc', 'int_perc')",0.94821622
"('mv_usd', 'elo_rating', 'bmi', 'life_exp', 'qol', 'mv_play_dom', 'num_play_dom', 'mv_play_int', 'num_play_int', 'dom_int_mv_ratio')",0.948176964
"('mv_usd', 'elo_rating', 'life_exp', 'qol', 'mv_play_dom', 'num_play_dom', 'mv_play_int', 'num_play_int', 'dom_int_mv_ratio')",0.948168375
"('mv_usd', 'elo_rating', 'bmi', 'life_exp', 'qol', 'mv_play_dom', 'num_play_dom', 'mv_play_int', 'dom_int_mv_ratio', 'dom_perc')",0.94810508
"('mv_usd', 'elo_rating', 'bmi', 'life_exp', 'qol', 'mv_play_dom', 'num_play_dom', 'mv_play_int', 'dom_int_mv_ratio', 'int_perc')",0.94810508
"('mv_usd', 'elo_rating', 'bmi', 'life_exp', 'qol', 'mv_play_dom', 'num_play_dom', 'mv_play_int', 'dom_int_mv_ratio', 'dom_perc', 'int_perc')",0.94810508
"('mv_usd', 'elo_rating', 'bmi', 'life_exp', 'qol', 'mv_play_dom', 'num_play_dom', 'mv_play_int', 'dom_int_mv_ratio')",0.948103942
"('mv_usd', 'elo_rating', 'life_exp', 'qol', 'mv_play_dom', 'num_play_dom', 'mv_play_int', 'dom_int_mv_ratio', 'dom_perc')",0.948084923
"('mv_usd', 'elo_rating', 'life_exp', 'qol', 'mv_play_dom', 'num_play_dom', 'mv_play_int', 'dom_int_mv_ratio', 'int_perc')",0.948084923
"('mv_usd', 'elo_rating', 'life_exp', 'qol', 'mv_play_dom', 'num_play_dom', 'mv_play_int', 'dom_int_mv_ratio', 'dom_perc', 'int_perc')",0.948084923
"('mv_usd', 'elo_rating', 'life_exp', 'qol', 'mv_play_dom', 'num_play_dom', 'mv_play_int', 'dom_int_mv_ratio')",0.948082233
"('mv_usd', 'bmi', 'life_exp', 'qol', 'mv_play_dom', 'num_play_dom', 'mv_play_int', 'num_play_int', 'dom_int_mv_ratio', 'dom_perc')",0.947808569
"('mv_usd', 'bmi', 'life_exp', 'qol', 'mv_play_dom', 'num_play_dom', 'mv_play_int', 'num_play_int', 'dom_int_mv_ratio', 'int_perc')",0.947808569
"('mv_usd', 'bmi', 'life_exp', 'qol', 'mv_play_dom', 'num_play_dom', 'mv_play_int', 'num_play_int', 'dom_int_mv_ratio', 'dom_perc', 'int_perc')",0.947808569
"('mv_usd', 'bmi', 'life_exp', 'qol', 'mv_play_dom', 'num_play_dom', 'mv_play_int', 'dom_int_mv_ratio', 'dom_perc')",0.947765687
"('mv_usd', 'bmi', 'life_exp', 'qol', 'mv_play_dom', 'num_play_dom', 'mv_play_int', 'dom_int_mv_ratio', 'int_perc')",0.947765687
"('mv_usd', 'bmi', 'life_exp', 'qol', 'mv_play_dom', 'num_play_dom', 'mv_play_int', 'dom_int_mv_ratio', 'dom_perc', 'int_perc')",0.947765687
"('mv_usd', 'bmi', 'life_exp', 'qol', 'mv_play_dom', 'mv_play_int', 'num_play_int', 'dom_int_mv_ratio', 'dom_perc')",0.947762986
"('mv_usd', 'bmi', 'life_exp', 'qol', 'mv_play_dom', 'mv_play_int', 'num_play_int', 'dom_int_mv_ratio', 'int_perc')",0.947762986
"('mv_usd', 'bmi', 'life_exp', 'qol', 'mv_play_dom', 'mv_play_int', 'num_play_int', 'dom_int_mv_ratio', 'dom_perc', 'int_perc')",0.947762986
"('mv_usd', 'life_exp', 'qol', 'mv_play_dom', 'num_play_dom', 'mv_play_int', 'num_play_int', 'dom_int_mv_ratio', 'dom_perc')",0.94776116
"('mv_usd', 'life_exp', 'qol', 'mv_play_dom', 'num_play_dom', 'mv_play_int', 'num_play_int', 'dom_int_mv_ratio', 'int_perc')",0.94776116
"('mv_usd', 'life_exp', 'qol', 'mv_play_dom', 'num_play_dom', 'mv_play_int', 'num_play_int', 'dom_int_mv_ratio', 'dom_perc', 'int_perc')",0.94776116
"('mv_usd', 'life_exp', 'qol', 'mv_play_dom', 'num_play_dom', 'mv_play_int', 'dom_int_mv_ratio', 'dom_perc')",0.947708535
"('mv_usd', 'life_exp', 'qol', 'mv_play_dom', 'num_play_dom', 'mv_play_int', 'dom_int_mv_ratio', 'int_perc')",0.947708535
"('mv_usd', 'life_exp', 'qol', 'mv_play_dom', 'num_play_dom', 'mv_play_int', 'dom_int_mv_ratio', 'dom_perc', 'int_perc')",0.947708535
"('mv_usd', 'life_exp', 'qol', 'mv_play_dom', 'mv_play_int', 'num_play_int', 'dom_int_mv_ratio', 'dom_perc')",0.947704448
"('mv_usd', 'life_exp', 'qol', 'mv_play_dom', 'mv_play_int', 'num_play_int', 'dom_int_mv_ratio', 'int_perc')",0.947704448
"('mv_usd', 'life_exp', 'qol', 'mv_play_dom', 'mv_play_int', 'num_play_int', 'dom_int_mv_ratio', 'dom_perc', 'int_perc')",0.947704448
"('mv_usd', 'bmi', 'life_exp', 'qol', 'mv_play_dom', 'num_play_dom', 'mv_play_int', 'num_play_int', 'dom_int_mv_ratio')",0.947693542
"('mv_usd', 'bmi', 'life_exp', 'qol', 'mv_play_dom', 'num_play_dom', 'mv_play_int', 'dom_int_mv_ratio')",0.947653746
"('mv_usd', 'life_exp', 'qol', 'mv_play_dom', 'num_play_dom', 'mv_play_int', 'num_play_int', 'dom_int_mv_ratio')",0.94763576
"('mv_usd', 'life_exp', 'qol', 'mv_play_dom', 'num_play_dom', 'mv_play_int', 'dom_int_mv_ratio')",0.947603508
"('mv_usd', 'elo_rating', 'bmi', 'life_exp', 'mv_play_dom', 'num_play_dom', 'mv_play_int', 'num_play_int', 'dom_int_mv_ratio', 'dom_perc')",0.947457525
"('mv_usd', 'elo_rating', 'bmi', 'life_exp', 'mv_play_dom', 'num_play_dom', 'mv_play_int', 'num_play_int', 'dom_int_mv_ratio', 'int_perc')",0.947457525
"('mv_usd', 'elo_rating', 'bmi', 'life_exp', 'mv_play_dom', 'num_play_dom', 'mv_play_int', 'num_play_int', 'dom_int_mv_ratio', 'dom_perc', 'int_perc')",0.947457525
"('mv_usd', 'elo_rating', 'bmi', 'life_exp', 'mv_play_dom', 'mv_play_int', 'num_play_int', 'dom_int_mv_ratio', 'dom_perc')",0.947419004
"('mv_usd', 'elo_rating', 'bmi', 'life_exp', 'mv_play_dom', 'mv_play_int', 'num_play_int', 'dom_int_mv_ratio', 'int_perc')",0.947419004
"('mv_usd', 'elo_rating', 'bmi', 'life_exp', 'mv_play_dom', 'mv_play_int', 'num_play_int', 'dom_int_mv_ratio', 'dom_perc', 'int_perc')",0.947419004
"('mv_usd', 'elo_rating', 'bmi', 'life_exp', 'mv_play_dom', 'num_play_dom', 'mv_play_int', 'dom_int_mv_ratio', 'dom_perc')",0.947386699
"('mv_usd', 'elo_rating', 'bmi', 'life_exp', 'mv_play_dom', 'num_play_dom', 'mv_play_int', 'dom_int_mv_ratio', 'int_perc')",0.947386699
"('mv_usd', 'elo_rating', 'bmi', 'life_exp', 'mv_play_dom', 'num_play_dom', 'mv_play_int', 'dom_int_mv_ratio', 'dom_perc', 'int_perc')",0.947386699
"('mv_usd', 'elo_rating', 'bmi', 'life_exp', 'mv_play_dom', 'num_play_dom', 'mv_play_int', 'num_play_int', 'dom_int_mv_ratio')",0.947349904
"('mv_usd', 'elo_rating', 'bmi', 'life_exp', 'mv_play_dom', 'num_play_dom', 'mv_play_int', 'dom_int_mv_ratio')",0.947349484
"('mv_usd', 'elo_rating', 'life_exp', 'mv_play_dom', 'num_play_dom', 'mv_play_int', 'num_play_int', 'dom_int_mv_ratio', 'dom_perc')",0.947244326
"('mv_usd', 'elo_rating', 'life_exp', 'mv_play_dom', 'num_play_dom', 'mv_play_int', 'num_play_int', 'dom_int_mv_ratio', 'int_perc')",0.947244326
"('mv_usd', 'elo_rating', 'life_exp', 'mv_play_dom', 'num_play_dom', 'mv_play_int', 'num_play_int', 'dom_int_mv_ratio', 'dom_perc', 'int_perc')",0.947244326
"('mv_usd', 'elo_rating', 'life_exp', 'mv_play_dom', 'mv_play_int', 'num_play_int', 'dom_int_mv_ratio', 'dom_perc')",0.947185324
"('mv_usd', 'elo_rating', 'life_exp', 'mv_play_dom', 'mv_play_int', 'num_play_int', 'dom_int_mv_ratio', 'int_perc')",0.947185324
"('mv_usd', 'elo_rating', 'life_exp', 'mv_play_dom', 'mv_play_int', 'num_play_int', 'dom_int_mv_ratio', 'dom_perc', 'int_perc')",0.947185324
"('mv_usd', 'elo_rating', 'life_exp', 'mv_play_dom', 'num_play_dom', 'mv_play_int', 'dom_int_mv_ratio', 'dom_perc')",0.94714723
"('mv_usd', 'elo_rating', 'life_exp', 'mv_play_dom', 'num_play_dom', 'mv_play_int', 'dom_int_mv_ratio', 'int_perc')",0.94714723
"('mv_usd', 'elo_rating', 'life_exp', 'mv_play_dom', 'num_play_dom', 'mv_play_int', 'dom_int_mv_ratio', 'dom_perc', 'int_perc')",0.94714723
"('mv_usd', 'elo_rating', 'bmi', 'life_exp', 'qol', 'mv_play_dom', 'mv_play_int', 'dom_int_mv_ratio', 'dom_perc')",0.94713909
"('mv_usd', 'elo_rating', 'bmi', 'life_exp', 'qol', 'mv_play_dom', 'mv_play_int', 'dom_int_mv_ratio', 'int_perc')",0.94713909
"('mv_usd', 'elo_rating', 'bmi', 'life_exp', 'qol', 'mv_play_dom', 'mv_play_int', 'dom_int_mv_ratio', 'dom_perc', 'int_perc')",0.94713909
"('mv_usd', 'bmi', 'life_exp', 'qol', 'mv_play_dom', 'mv_play_int', 'dom_int_mv_ratio', 'dom_perc')",0.947139061
"('mv_usd', 'bmi', 'life_exp', 'qol', 'mv_play_dom', 'mv_play_int', 'dom_int_mv_ratio', 'int_perc')",0.947139061
"('mv_usd', 'bmi', 'life_exp', 'qol', 'mv_play_dom', 'mv_play_int', 'dom_int_mv_ratio', 'dom_perc', 'int_perc')",0.947139061
"('mv_usd', 'elo_rating', 'life_exp', 'mv_play_dom', 'num_play_dom', 'mv_play_int', 'num_play_int', 'dom_int_mv_ratio')",0.947116145
"('mv_usd', 'elo_rating', 'life_exp', 'mv_play_dom', 'num_play_dom', 'mv_play_int', 'dom_int_mv_ratio')",0.94711584
"('mv_usd', 'bmi', 'life_exp', 'mv_play_dom', 'num_play_dom', 'mv_play_int', 'num_play_int', 'dom_int_mv_ratio', 'dom_perc')",0.9470822
"('mv_usd', 'bmi', 'life_exp', 'mv_play_dom', 'num_play_dom', 'mv_play_int', 'num_play_int', 'dom_int_mv_ratio', 'int_perc')",0.9470822
"('mv_usd', 'bmi', 'life_exp', 'mv_play_dom', 'num_play_dom', 'mv_play_int', 'num_play_int', 'dom_int_mv_ratio', 'dom_perc', 'int_perc')",0.9470822
"('mv_usd', 'bmi', 'life_exp', 'mv_play_dom', 'num_play_dom', 'mv_play_int', 'dom_int_mv_ratio', 'dom_perc')",0.947078187
"('mv_usd', 'bmi', 'life_exp', 'mv_play_dom', 'num_play_dom', 'mv_play_int', 'dom_int_mv_ratio', 'int_perc')",0.947078187
"('mv_usd', 'bmi', 'life_exp', 'mv_play_dom', 'num_play_dom', 'mv_play_int', 'dom_int_mv_ratio', 'dom_perc', 'int_perc')",0.947078187
"('mv_usd', 'bmi', 'life_exp', 'mv_play_dom', 'mv_play_int', 'num_play_int', 'dom_int_mv_ratio', 'dom_perc')",0.947057745
"('mv_usd', 'bmi', 'life_exp', 'mv_play_dom', 'mv_play_int', 'num_play_int', 'dom_int_mv_ratio', 'int_perc')",0.947057745
"('mv_usd', 'bmi', 'life_exp', 'mv_play_dom', 'mv_play_int', 'num_play_int', 'dom_int_mv_ratio', 'dom_perc', 'int_perc')",0.947057745
"('mv_usd', 'bmi', 'life_exp', 'mv_play_dom', 'num_play_dom', 'mv_play_int', 'num_play_int', 'dom_int_mv_ratio')",0.946977239
"('mv_usd', 'elo_rating', 'bmi', 'life_exp', 'mv_play_dom', 'mv_play_int', 'dom_int_mv_ratio', 'dom_perc')",0.946868638
"('mv_usd', 'elo_rating', 'bmi', 'life_exp', 'mv_play_dom', 'mv_play_int', 'dom_int_mv_ratio', 'int_perc')",0.946868638
"('mv_usd', 'elo_rating', 'bmi', 'life_exp', 'mv_play_dom', 'mv_play_int', 'dom_int_mv_ratio', 'dom_perc', 'int_perc')",0.946868638
"('mv_usd', 'bmi', 'life_exp', 'mv_play_dom', 'mv_play_int', 'dom_int_mv_ratio', 'dom_perc')",0.94685148
"('mv_usd', 'bmi', 'life_exp', 'mv_play_dom', 'mv_play_int', 'dom_int_mv_ratio', 'int_perc')",0.94685148
"('mv_usd', 'bmi', 'life_exp', 'mv_play_dom', 'mv_play_int', 'dom_int_mv_ratio', 'dom_perc', 'int_perc')",0.94685148
"('mv_usd', 'elo_rating', 'life_exp', 'qol', 'mv_play_dom', 'mv_play_int', 'dom_int_mv_ratio', 'dom_perc')",0.946793467
"('mv_usd', 'elo_rating', 'life_exp', 'qol', 'mv_play_dom', 'mv_play_int', 'dom_int_mv_ratio', 'int_perc')",0.946793467
"('mv_usd', 'elo_rating', 'life_exp', 'qol', 'mv_play_dom', 'mv_play_int', 'dom_int_mv_ratio', 'dom_perc', 'int_perc')",0.946793467
"('mv_usd', 'life_exp', 'qol', 'mv_play_dom', 'mv_play_int', 'dom_int_mv_ratio', 'dom_perc')",0.94678866
"('mv_usd', 'life_exp', 'qol', 'mv_play_dom', 'mv_play_int', 'dom_int_mv_ratio', 'int_perc')",0.94678866
"('mv_usd', 'life_exp', 'qol', 'mv_play_dom', 'mv_play_int', 'dom_int_mv_ratio', 'dom_perc', 'int_perc')",0.94678866
"('mv_usd', 'life_exp', 'mv_play_dom', 'num_play_dom', 'mv_play_int', 'num_play_int', 'dom_int_mv_ratio', 'dom_perc')",0.946741635
"('mv_usd', 'life_exp', 'mv_play_dom', 'num_play_dom', 'mv_play_int', 'num_play_int', 'dom_int_mv_ratio', 'int_perc')",0.946741635
"('mv_usd', 'life_exp', 'mv_play_dom', 'num_play_dom', 'mv_play_int', 'num_play_int', 'dom_int_mv_ratio', 'dom_perc', 'int_perc')",0.946741635
"('mv_usd', 'life_exp', 'mv_play_dom', 'num_play_dom', 'mv_play_int', 'dom_int_mv_ratio', 'dom_perc')",0.946734461
"('mv_usd', 'life_exp', 'mv_play_dom', 'num_play_dom', 'mv_play_int', 'dom_int_mv_ratio', 'int_perc')",0.946734461
"('mv_usd', 'life_exp', 'mv_play_dom', 'num_play_dom', 'mv_play_int', 'dom_int_mv_ratio', 'dom_perc', 'int_perc')",0.946734461
"('mv_usd', 'bmi', 'life_exp', 'mv_play_dom', 'num_play_dom', 'mv_play_int', 'dom_int_mv_ratio')",0.946719699
"('mv_usd', 'life_exp', 'mv_play_dom', 'mv_play_int', 'num_play_int', 'dom_int_mv_ratio', 'dom_perc')",0.946698113
"('mv_usd', 'life_exp', 'mv_play_dom', 'mv_play_int', 'num_play_int', 'dom_int_mv_ratio', 'int_perc')",0.946698113
"('mv_usd', 'life_exp', 'mv_play_dom', 'mv_play_int', 'num_play_int', 'dom_int_mv_ratio', 'dom_perc', 'int_perc')",0.946698113
"('mv_usd', 'elo_rating', 'bmi', 'qol', 'mv_play_dom', 'num_play_dom', 'mv_play_int', 'num_play_int', 'dom_int_mv_ratio', 'dom_perc')",0.946657304
"('mv_usd', 'elo_rating', 'bmi', 'qol', 'mv_play_dom', 'num_play_dom', 'mv_play_int', 'num_play_int', 'dom_int_mv_ratio', 'int_perc')",0.946657304
"('mv_usd', 'elo_rating', 'bmi', 'qol', 'mv_play_dom', 'num_play_dom', 'mv_play_int', 'num_play_int', 'dom_int_mv_ratio', 'dom_perc', 'int_perc')",0.946657304
"('mv_usd', 'elo_rating', 'bmi', 'qol', 'mv_play_dom', 'num_play_dom', 'mv_play_int', 'dom_int_mv_ratio', 'dom_perc')",0.946656544
"('mv_usd', 'elo_rating', 'bmi', 'qol', 'mv_play_dom', 'num_play_dom', 'mv_play_int', 'dom_int_mv_ratio', 'int_perc')",0.946656544
"('mv_usd', 'elo_rating', 'bmi', 'qol', 'mv_play_dom', 'num_play_dom', 'mv_play_int', 'dom_int_mv_ratio', 'dom_perc', 'int_perc')",0.946656544
"('mv_usd', 'elo_rating', 'bmi', 'qol', 'mv_play_dom', 'num_play_dom', 'mv_play_int', 'num_play_int', 'dom_int_mv_ratio')",0.946652289
"('mv_usd', 'elo_rating', 'bmi', 'qol', 'mv_play_dom', 'num_play_dom', 'mv_play_int', 'dom_int_mv_ratio')",0.946649299
"('mv_usd', 'elo_rating', 'qol', 'mv_play_dom', 'num_play_dom', 'mv_play_int', 'num_play_int', 'dom_int_mv_ratio', 'dom_perc')",0.94663443
"('mv_usd', 'elo_rating', 'qol', 'mv_play_dom', 'num_play_dom', 'mv_play_int', 'num_play_int', 'dom_int_mv_ratio', 'int_perc')",0.94663443
"('mv_usd', 'elo_rating', 'qol', 'mv_play_dom', 'num_play_dom', 'mv_play_int', 'num_play_int', 'dom_int_mv_ratio', 'dom_perc', 'int_perc')",0.94663443
"('mv_usd', 'elo_rating', 'qol', 'mv_play_dom', 'num_play_dom', 'mv_play_int', 'dom_int_mv_ratio', 'dom_perc')",0.946634372
"('mv_usd', 'elo_rating', 'qol', 'mv_play_dom', 'num_play_dom', 'mv_play_int', 'dom_int_mv_ratio', 'int_perc')",0.946634372
"('mv_usd', 'elo_rating', 'qol', 'mv_play_dom', 'num_play_dom', 'mv_play_int', 'dom_int_mv_ratio', 'dom_perc', 'int_perc')",0.946634372
"('mv_usd', 'elo_rating', 'qol', 'mv_play_dom', 'num_play_dom', 'mv_play_int', 'num_play_int', 'dom_int_mv_ratio')",0.946631402
"('mv_usd', 'elo_rating', 'qol', 'mv_play_dom', 'num_play_dom', 'mv_play_int', 'dom_int_mv_ratio')",0.946622434
"('mv_usd', 'life_exp', 'mv_play_dom', 'num_play_dom', 'mv_play_int', 'num_play_int', 'dom_int_mv_ratio')",0.946610896
"('mv_usd', 'elo_rating', 'bmi', 'mv_play_dom', 'num_play_dom', 'mv_play_int', 'num_play_int', 'dom_int_mv_ratio', 'dom_perc')",0.946597524
"('mv_usd', 'elo_rating', 'bmi', 'mv_play_dom', 'num_play_dom', 'mv_play_int', 'num_play_int', 'dom_int_mv_ratio', 'int_perc')",0.946597524
"('mv_usd', 'elo_rating', 'bmi', 'mv_play_dom', 'num_play_dom', 'mv_play_int', 'num_play_int', 'dom_int_mv_ratio', 'dom_perc', 'int_perc')",0.946597524
"('mv_usd', 'elo_rating', 'mv_play_dom', 'num_play_dom', 'mv_play_int', 'num_play_int', 'dom_int_mv_ratio', 'dom_perc')",0.946597453
"('mv_usd', 'elo_rating', 'mv_play_dom', 'num_play_dom', 'mv_play_int', 'num_play_int', 'dom_int_mv_ratio', 'int_perc')",0.946597453
"('mv_usd', 'elo_rating', 'mv_play_dom', 'num_play_dom', 'mv_play_int', 'num_play_int', 'dom_int_mv_ratio', 'dom_perc', 'int_perc')",0.946597453
"('mv_usd', 'elo_rating', 'bmi', 'mv_play_dom', 'num_play_dom', 'mv_play_int', 'dom_int_mv_ratio', 'dom_perc')",0.946596976
"('mv_usd', 'elo_rating', 'bmi', 'mv_play_dom', 'num_play_dom', 'mv_play_int', 'dom_int_mv_ratio', 'int_perc')",0.946596976
"('mv_usd', 'elo_rating', 'bmi', 'mv_play_dom', 'num_play_dom', 'mv_play_int', 'dom_int_mv_ratio', 'dom_perc', 'int_perc')",0.946596976
"('mv_usd', 'elo_rating', 'mv_play_dom', 'num_play_dom', 'mv_play_int', 'dom_int_mv_ratio', 'dom_perc')",0.946596971
"('mv_usd', 'elo_rating', 'mv_play_dom', 'num_play_dom', 'mv_play_int', 'dom_int_mv_ratio', 'int_perc')",0.946596971
"('mv_usd', 'elo_rating', 'mv_play_dom', 'num_play_dom', 'mv_play_int', 'dom_int_mv_ratio', 'dom_perc', 'int_perc')",0.946596971
"('mv_usd', 'elo_rating', 'bmi', 'mv_play_dom', 'num_play_dom', 'mv_play_int', 'num_play_int', 'dom_int_mv_ratio')",0.946587087
"('mv_usd', 'elo_rating', 'mv_play_dom', 'num_play_dom', 'mv_play_int', 'num_play_int', 'dom_int_mv_ratio')",0.946586863
"('mv_usd', 'elo_rating', 'bmi', 'mv_play_dom', 'num_play_dom', 'mv_play_int', 'dom_int_mv_ratio')",0.946574547
"('mv_usd', 'elo_rating', 'mv_play_dom', 'num_play_dom', 'mv_play_int', 'dom_int_mv_ratio')",0.946574537
"('mv_usd', 'elo_rating', 'bmi', 'qol', 'mv_play_dom', 'mv_play_int', 'num_play_int', 'dom_int_mv_ratio', 'dom_perc')",0.946350854
"('mv_usd', 'elo_rating', 'bmi', 'qol', 'mv_play_dom', 'mv_play_int', 'num_play_int', 'dom_int_mv_ratio', 'int_perc')",0.946350854
"('mv_usd', 'elo_rating', 'bmi', 'qol', 'mv_play_dom', 'mv_play_int', 'num_play_int', 'dom_int_mv_ratio', 'dom_perc', 'int_perc')",0.946350854
"('mv_usd', 'elo_rating', 'qol', 'mv_play_dom', 'mv_play_int', 'num_play_int', 'dom_int_mv_ratio', 'dom_perc')",0.94633997
"('mv_usd', 'elo_rating', 'qol', 'mv_play_dom', 'mv_play_int', 'num_play_int', 'dom_int_mv_ratio', 'int_perc')",0.94633997
"('mv_usd', 'elo_rating', 'qol', 'mv_play_dom', 'mv_play_int', 'num_play_int', 'dom_int_mv_ratio', 'dom_perc', 'int_perc')",0.94633997
"('mv_usd', 'elo_rating', 'bmi', 'mv_play_dom', 'mv_play_int', 'num_play_int', 'dom_int_mv_ratio', 'dom_perc')",0.946337589
"('mv_usd', 'elo_rating', 'bmi', 'mv_play_dom', 'mv_play_int', 'num_play_int', 'dom_int_mv_ratio', 'int_perc')",0.946337589
"('mv_usd', 'elo_rating', 'bmi', 'mv_play_dom', 'mv_play_int', 'num_play_int', 'dom_int_mv_ratio', 'dom_perc', 'int_perc')",0.946337589
"('mv_usd', 'elo_rating', 'mv_play_dom', 'mv_play_int', 'num_play_int', 'dom_int_mv_ratio', 'dom_perc')",0.946335555
"('mv_usd', 'elo_rating', 'mv_play_dom', 'mv_play_int', 'num_play_int', 'dom_int_mv_ratio', 'int_perc')",0.946335555
"('mv_usd', 'elo_rating', 'mv_play_dom', 'mv_play_int', 'num_play_int', 'dom_int_mv_ratio', 'dom_perc', 'int_perc')",0.946335555
"('mv_usd', 'life_exp', 'mv_play_dom', 'num_play_dom', 'mv_play_int', 'dom_int_mv_ratio')",0.94632438
"('mv_usd', 'elo_rating', 'life_exp', 'mv_play_dom', 'mv_play_int', 'dom_int_mv_ratio', 'dom_perc')",0.946309669
"('mv_usd', 'elo_rating', 'life_exp', 'mv_play_dom', 'mv_play_int', 'dom_int_mv_ratio', 'int_perc')",0.946309669
"('mv_usd', 'elo_rating', 'life_exp', 'mv_play_dom', 'mv_play_int', 'dom_int_mv_ratio', 'dom_perc', 'int_perc')",0.946309669
"('mv_usd', 'life_exp', 'mv_play_dom', 'mv_play_int', 'dom_int_mv_ratio', 'dom_perc')",0.946300239
"('mv_usd', 'life_exp', 'mv_play_dom', 'mv_play_int', 'dom_int_mv_ratio', 'int_perc')",0.946300239
"('mv_usd', 'life_exp', 'mv_play_dom', 'mv_play_int', 'dom_int_mv_ratio', 'dom_perc', 'int_perc')",0.946300239
"('mv_usd', 'bmi', 'qol', 'mv_play_dom', 'num_play_dom', 'mv_play_int', 'num_play_int', 'dom_int_mv_ratio', 'dom_perc')",0.946294172
"('mv_usd', 'bmi', 'qol', 'mv_play_dom', 'num_play_dom', 'mv_play_int', 'num_play_int', 'dom_int_mv_ratio', 'int_perc')",0.946294172
"('mv_usd', 'bmi', 'qol', 'mv_play_dom', 'num_play_dom', 'mv_play_int', 'num_play_int', 'dom_int_mv_ratio', 'dom_perc', 'int_perc')",0.946294172
"('mv_usd', 'qol', 'mv_play_dom', 'num_play_dom', 'mv_play_int', 'num_play_int', 'dom_int_mv_ratio', 'dom_perc')",0.946293853
"('mv_usd', 'qol', 'mv_play_dom', 'num_play_dom', 'mv_play_int', 'num_play_int', 'dom_int_mv_ratio', 'int_perc')",0.946293853
"('mv_usd', 'qol', 'mv_play_dom', 'num_play_dom', 'mv_play_int', 'num_play_int', 'dom_int_mv_ratio', 'dom_perc', 'int_perc')",0.946293853
"('mv_usd', 'bmi', 'qol', 'mv_play_dom', 'num_play_dom', 'mv_play_int', 'num_play_int', 'dom_int_mv_ratio')",0.946288436
"('mv_usd', 'qol', 'mv_play_dom', 'num_play_dom', 'mv_play_int', 'num_play_int', 'dom_int_mv_ratio')",0.946288345
"('mv_usd', 'bmi', 'qol', 'mv_play_dom', 'num_play_dom', 'mv_play_int', 'dom_int_mv_ratio', 'dom_perc')",0.946257959
"('mv_usd', 'bmi', 'qol', 'mv_play_dom', 'num_play_dom', 'mv_play_int', 'dom_int_mv_ratio', 'int_perc')",0.946257959
"('mv_usd', 'bmi', 'qol', 'mv_play_dom', 'num_play_dom', 'mv_play_int', 'dom_int_mv_ratio', 'dom_perc', 'int_perc')",0.946257959
"('mv_usd', 'qol', 'mv_play_dom', 'num_play_dom', 'mv_play_int', 'dom_int_mv_ratio', 'dom_perc')",0.946255377
"('mv_usd', 'qol', 'mv_play_dom', 'num_play_dom', 'mv_play_int', 'dom_int_mv_ratio', 'int_perc')",0.946255377
"('mv_usd', 'qol', 'mv_play_dom', 'num_play_dom', 'mv_play_int', 'dom_int_mv_ratio', 'dom_perc', 'int_perc')",0.946255377
"('mv_usd', 'bmi', 'mv_play_dom', 'num_play_dom', 'mv_play_int', 'num_play_int', 'dom_int_mv_ratio', 'dom_perc')",0.946251943
"('mv_usd', 'bmi', 'mv_play_dom', 'num_play_dom', 'mv_play_int', 'num_play_int', 'dom_int_mv_ratio', 'int_perc')",0.946251943
"('mv_usd', 'bmi', 'mv_play_dom', 'num_play_dom', 'mv_play_int', 'num_play_int', 'dom_int_mv_ratio', 'dom_perc', 'int_perc')",0.946251943
"('mv_usd', 'bmi', 'mv_play_dom', 'num_play_dom', 'mv_play_int', 'num_play_int', 'dom_int_mv_ratio')",0.946241507
"('mv_usd', 'mv_play_dom', 'num_play_dom', 'mv_play_int', 'num_play_int', 'dom_int_mv_ratio', 'dom_perc')",0.946235333
"('mv_usd', 'mv_play_dom', 'num_play_dom', 'mv_play_int', 'num_play_int', 'dom_int_mv_ratio', 'int_perc')",0.946235333
"('mv_usd', 'mv_play_dom', 'num_play_dom', 'mv_play_int', 'num_play_int', 'dom_int_mv_ratio', 'dom_perc', 'int_perc')",0.946235333
"('mv_usd', 'mv_play_dom', 'num_play_dom', 'mv_play_int', 'num_play_int', 'dom_int_mv_ratio')",0.946216934
"('mv_usd', 'bmi', 'mv_play_dom', 'num_play_dom', 'mv_play_int', 'dom_int_mv_ratio', 'dom_perc')",0.946216187
"('mv_usd', 'bmi', 'mv_play_dom', 'num_play_dom', 'mv_play_int', 'dom_int_mv_ratio', 'int_perc')",0.946216187
"('mv_usd', 'bmi', 'mv_play_dom', 'num_play_dom', 'mv_play_int', 'dom_int_mv_ratio', 'dom_perc', 'int_perc')",0.946216187
"('mv_usd', 'mv_play_dom', 'num_play_dom', 'mv_play_int', 'dom_int_mv_ratio', 'dom_perc')",0.946208009
"('mv_usd', 'mv_play_dom', 'num_play_dom', 'mv_play_int', 'dom_int_mv_ratio', 'int_perc')",0.946208009
"('mv_usd', 'mv_play_dom', 'num_play_dom', 'mv_play_int', 'dom_int_mv_ratio', 'dom_perc', 'int_perc')",0.946208009
"('mv_usd', 'elo_rating', 'bmi', 'life_exp', 'qol', 'mv_play_dom', 'num_play_dom', 'num_play_int', 'dom_int_mv_ratio', 'dom_perc')",0.946095802
"('mv_usd', 'elo_rating', 'bmi', 'life_exp', 'qol', 'mv_play_dom', 'num_play_dom', 'num_play_int', 'dom_int_mv_ratio', 'int_perc')",0.946095802
"('mv_usd', 'elo_rating', 'bmi', 'life_exp', 'qol', 'mv_play_dom', 'num_play_dom', 'num_play_int', 'dom_int_mv_ratio', 'dom_perc', 'int_perc')",0.946095802
"('mv_usd', 'elo_rating', 'bmi', 'life_exp', 'qol', 'mv_play_dom', 'num_play_int', 'dom_int_mv_ratio', 'dom_perc')",0.946077512
"('mv_usd', 'elo_rating', 'bmi', 'life_exp', 'qol', 'mv_play_dom', 'num_play_int', 'dom_int_mv_ratio', 'int_perc')",0.946077512
"('mv_usd', 'elo_rating', 'bmi', 'life_exp', 'qol', 'mv_play_dom', 'num_play_int', 'dom_int_mv_ratio', 'dom_perc', 'int_perc')",0.946077512
"('mv_usd', 'bmi', 'qol', 'mv_play_dom', 'mv_play_int', 'num_play_int', 'dom_int_mv_ratio', 'dom_perc')",0.946043446
"('mv_usd', 'bmi', 'qol', 'mv_play_dom', 'mv_play_int', 'num_play_int', 'dom_int_mv_ratio', 'int_perc')",0.946043446
"('mv_usd', 'bmi', 'qol', 'mv_play_dom', 'mv_play_int', 'num_play_int', 'dom_int_mv_ratio', 'dom_perc', 'int_perc')",0.946043446
"('mv_usd', 'qol', 'mv_play_dom', 'mv_play_int', 'num_play_int', 'dom_int_mv_ratio', 'dom_perc')",0.946043197
"('mv_usd', 'qol', 'mv_play_dom', 'mv_play_int', 'num_play_int', 'dom_int_mv_ratio', 'int_perc')",0.946043197
"('mv_usd', 'qol', 'mv_play_dom', 'mv_play_int', 'num_play_int', 'dom_int_mv_ratio', 'dom_perc', 'int_perc')",0.946043197
"('mv_usd', 'bmi', 'life_exp', 'qol', 'mv_play_dom', 'num_play_dom', 'num_play_int', 'dom_int_mv_ratio', 'dom_perc')",0.946043113
"('mv_usd', 'bmi', 'life_exp', 'qol', 'mv_play_dom', 'num_play_dom', 'num_play_int', 'dom_int_mv_ratio', 'int_perc')",0.946043113
"('mv_usd', 'bmi', 'life_exp', 'qol', 'mv_play_dom', 'num_play_dom', 'num_play_int', 'dom_int_mv_ratio', 'dom_perc', 'int_perc')",0.946043113
"('mv_usd', 'elo_rating', 'life_exp', 'qol', 'mv_play_dom', 'num_play_dom', 'num_play_int', 'dom_int_mv_ratio', 'dom_perc')",0.946039563
"('mv_usd', 'elo_rating', 'life_exp', 'qol', 'mv_play_dom', 'num_play_dom', 'num_play_int', 'dom_int_mv_ratio', 'int_perc')",0.946039563
"('mv_usd', 'elo_rating', 'life_exp', 'qol', 'mv_play_dom', 'num_play_dom', 'num_play_int', 'dom_int_mv_ratio', 'dom_perc', 'int_perc')",0.946039563
"('mv_usd', 'bmi', 'mv_play_dom', 'mv_play_int', 'num_play_int', 'dom_int_mv_ratio', 'dom_perc')",0.946035299
"('mv_usd', 'bmi', 'mv_play_dom', 'mv_play_int', 'num_play_int', 'dom_int_mv_ratio', 'int_perc')",0.946035299
"('mv_usd', 'bmi', 'mv_play_dom', 'mv_play_int', 'num_play_int', 'dom_int_mv_ratio', 'dom_perc', 'int_perc')",0.946035299
"('mv_usd', 'mv_play_dom', 'mv_play_int', 'num_play_int', 'dom_int_mv_ratio', 'dom_perc')",0.94602784
"('mv_usd', 'mv_play_dom', 'mv_play_int', 'num_play_int', 'dom_int_mv_ratio', 'int_perc')",0.94602784
"('mv_usd', 'mv_play_dom', 'mv_play_int', 'num_play_int', 'dom_int_mv_ratio', 'dom_perc', 'int_perc')",0.94602784
"('mv_usd', 'elo_rating', 'life_exp', 'qol', 'mv_play_dom', 'num_play_int', 'dom_int_mv_ratio', 'dom_perc')",0.946026661
"('mv_usd', 'elo_rating', 'life_exp', 'qol', 'mv_play_dom', 'num_play_int', 'dom_int_mv_ratio', 'int_perc')",0.946026661
"('mv_usd', 'elo_rating', 'life_exp', 'qol', 'mv_play_dom', 'num_play_int', 'dom_int_mv_ratio', 'dom_perc', 'int_perc')",0.946026661
"('mv_usd', 'bmi', 'life_exp', 'qol', 'mv_play_dom', 'num_play_int', 'dom_int_mv_ratio', 'dom_perc')",0.946016993
"('mv_usd', 'bmi', 'life_exp', 'qol', 'mv_play_dom', 'num_play_int', 'dom_int_mv_ratio', 'int_perc')",0.946016993
"('mv_usd', 'bmi', 'life_exp', 'qol', 'mv_play_dom', 'num_play_int', 'dom_int_mv_ratio', 'dom_perc', 'int_perc')",0.946016993
"('mv_usd', 'life_exp', 'qol', 'mv_play_dom', 'num_play_dom', 'num_play_int', 'dom_int_mv_ratio', 'dom_perc')",0.946002978
"('mv_usd', 'life_exp', 'qol', 'mv_play_dom', 'num_play_dom', 'num_play_int', 'dom_int_mv_ratio', 'int_perc')",0.946002978
"('mv_usd', 'life_exp', 'qol', 'mv_play_dom', 'num_play_dom', 'num_play_int', 'dom_int_mv_ratio', 'dom_perc', 'int_perc')",0.946002978
"('mv_usd', 'bmi', 'qol', 'mv_play_dom', 'num_play_dom', 'mv_play_int', 'dom_int_mv_ratio')",0.945992379
"('mv_usd', 'qol', 'mv_play_dom', 'num_play_dom', 'mv_play_int', 'dom_int_mv_ratio')",0.945983659
"('mv_usd', 'life_exp', 'qol', 'mv_play_dom', 'num_play_int', 'dom_int_mv_ratio', 'dom_perc')",0.94598352
"('mv_usd', 'life_exp', 'qol', 'mv_play_dom', 'num_play_int', 'dom_int_mv_ratio', 'int_perc')",0.94598352
"('mv_usd', 'life_exp', 'qol', 'mv_play_dom', 'num_play_int', 'dom_int_mv_ratio', 'dom_perc', 'int_perc')",0.94598352
"('mv_usd', 'elo_rating', 'bmi', 'life_exp', 'qol', 'mv_play_dom', 'num_play_dom', 'dom_int_mv_ratio', 'dom_perc')",0.945960927
"('mv_usd', 'elo_rating', 'bmi', 'life_exp', 'qol', 'mv_play_dom', 'num_play_dom', 'dom_int_mv_ratio', 'int_perc')",0.945960927
"('mv_usd', 'elo_rating', 'bmi', 'life_exp', 'qol', 'mv_play_dom', 'num_play_dom', 'dom_int_mv_ratio', 'dom_perc', 'int_perc')",0.945960927
"('mv_usd', 'bmi', 'mv_play_dom', 'num_play_dom', 'mv_play_int', 'dom_int_mv_ratio')",0.945872659
"('mv_usd', 'elo_rating', 'life_exp', 'qol', 'mv_play_dom', 'num_play_dom', 'dom_int_mv_ratio', 'dom_perc')",0.945871894
"('mv_usd', 'elo_rating', 'life_exp', 'qol', 'mv_play_dom', 'num_play_dom', 'dom_int_mv_ratio', 'int_perc')",0.945871894
"('mv_usd', 'elo_rating', 'life_exp', 'qol', 'mv_play_dom', 'num_play_dom', 'dom_int_mv_ratio', 'dom_perc', 'int_perc')",0.945871894
"('mv_usd', 'elo_rating', 'bmi', 'life_exp', 'qol', 'mv_play_dom', 'dom_int_mv_ratio', 'dom_perc')",0.945868791
"('mv_usd', 'elo_rating', 'bmi', 'life_exp', 'qol', 'mv_play_dom', 'dom_int_mv_ratio', 'int_perc')",0.945868791
"('mv_usd', 'elo_rating', 'bmi', 'life_exp', 'qol', 'mv_play_dom', 'dom_int_mv_ratio', 'dom_perc', 'int_perc')",0.945868791
"('mv_usd', 'mv_play_dom', 'num_play_dom', 'mv_play_int', 'dom_int_mv_ratio')",0.94585182
"('mv_usd', 'elo_rating', 'bmi', 'qol', 'mv_play_dom', 'mv_play_int', 'dom_int_mv_ratio', 'dom_perc')",0.945827512
"('mv_usd', 'elo_rating', 'bmi', 'qol', 'mv_play_dom', 'mv_play_int', 'dom_int_mv_ratio', 'int_perc')",0.945827512
"('mv_usd', 'elo_rating', 'bmi', 'qol', 'mv_play_dom', 'mv_play_int', 'dom_int_mv_ratio', 'dom_perc', 'int_perc')",0.945827512
"('mv_usd', 'bmi', 'qol', 'mv_play_dom', 'mv_play_int', 'dom_int_mv_ratio', 'dom_perc')",0.945816484
"('mv_usd', 'bmi', 'qol', 'mv_play_dom', 'mv_play_int', 'dom_int_mv_ratio', 'int_perc')",0.945816484
"('mv_usd', 'bmi', 'qol', 'mv_play_dom', 'mv_play_int', 'dom_int_mv_ratio', 'dom_perc', 'int_perc')",0.945816484
"('mv_usd', 'elo_rating', 'bmi', 'mv_play_dom', 'mv_play_int', 'dom_int_mv_ratio', 'dom_perc')",0.945810224
"('mv_usd', 'elo_rating', 'bmi', 'mv_play_dom', 'mv_play_int', 'dom_int_mv_ratio', 'int_perc')",0.945810224
"('mv_usd', 'elo_rating', 'bmi', 'mv_play_dom', 'mv_play_int', 'dom_int_mv_ratio', 'dom_perc', 'int_perc')",0.945810224
"('mv_usd', 'bmi', 'mv_play_dom', 'mv_play_int', 'dom_int_mv_ratio', 'dom_perc')",0.945804533
"('mv_usd', 'bmi', 'mv_play_dom', 'mv_play_int', 'dom_int_mv_ratio', 'int_perc')",0.945804533
"('mv_usd', 'bmi', 'mv_play_dom', 'mv_play_int', 'dom_int_mv_ratio', 'dom_perc', 'int_perc')",0.945804533
"('mv_usd', 'bmi', 'life_exp', 'qol', 'mv_play_dom', 'num_play_dom', 'dom_int_mv_ratio', 'dom_perc')",0.945793122
"('mv_usd', 'bmi', 'life_exp', 'qol', 'mv_play_dom', 'num_play_dom', 'dom_int_mv_ratio', 'int_perc')",0.945793122
"('mv_usd', 'bmi', 'life_exp', 'qol', 'mv_play_dom', 'num_play_dom', 'dom_int_mv_ratio', 'dom_perc', 'int_perc')",0.945793122
"('mv_usd', 'elo_rating', 'qol', 'mv_play_dom', 'mv_play_int', 'dom_int_mv_ratio', 'dom_perc')",0.945754787
"('mv_usd', 'elo_rating', 'qol', 'mv_play_dom', 'mv_play_int', 'dom_int_mv_ratio', 'int_perc')",0.945754787
"('mv_usd', 'elo_rating', 'qol', 'mv_play_dom', 'mv_play_int', 'dom_int_mv_ratio', 'dom_perc', 'int_perc')",0.945754787
"('mv_usd', 'elo_rating', 'mv_play_dom', 'mv_play_int', 'dom_int_mv_ratio', 'dom_perc')",0.945754676
"('mv_usd', 'elo_rating', 'mv_play_dom', 'mv_play_int', 'dom_int_mv_ratio', 'int_perc')",0.945754676
"('mv_usd', 'elo_rating', 'mv_play_dom', 'mv_play_int', 'dom_int_mv_ratio', 'dom_perc', 'int_perc')",0.945754676
"('mv_usd', 'qol', 'mv_play_dom', 'mv_play_int', 'dom_int_mv_ratio', 'dom_perc')",0.945750256
"('mv_usd', 'qol', 'mv_play_dom', 'mv_play_int', 'dom_int_mv_ratio', 'int_perc')",0.945750256
"('mv_usd', 'qol', 'mv_play_dom', 'mv_play_int', 'dom_int_mv_ratio', 'dom_perc', 'int_perc')",0.945750256
"('mv_usd', 'mv_play_dom', 'mv_play_int', 'dom_int_mv_ratio', 'dom_perc')",0.945749661
"('mv_usd', 'mv_play_dom', 'mv_play_int', 'dom_int_mv_ratio', 'int_perc')",0.945749661
"('mv_usd', 'mv_play_dom', 'mv_play_int', 'dom_int_mv_ratio', 'dom_perc', 'int_perc')",0.945749661
"('mv_usd', 'life_exp', 'qol', 'mv_play_dom', 'num_play_dom', 'dom_int_mv_ratio', 'dom_perc')",0.945730631
"('mv_usd', 'life_exp', 'qol', 'mv_play_dom', 'num_play_dom', 'dom_int_mv_ratio', 'int_perc')",0.945730631
"('mv_usd', 'life_exp', 'qol', 'mv_play_dom', 'num_play_dom', 'dom_int_mv_ratio', 'dom_perc', 'int_perc')",0.945730631
"('mv_usd', 'elo_rating', 'bmi', 'life_exp', 'mv_play_dom', 'num_play_dom', 'num_play_int', 'dom_int_mv_ratio', 'dom_perc')",0.945699096
"('mv_usd', 'elo_rating', 'bmi', 'life_exp', 'mv_play_dom', 'num_play_dom', 'num_play_int', 'dom_int_mv_ratio', 'int_perc')",0.945699096
"('mv_usd', 'elo_rating', 'bmi', 'life_exp', 'mv_play_dom', 'num_play_dom', 'num_play_int', 'dom_int_mv_ratio', 'dom_perc', 'int_perc')",0.945699096
"('mv_usd', 'elo_rating', 'bmi', 'life_exp', 'mv_play_dom', 'num_play_int', 'dom_int_mv_ratio', 'dom_perc')",0.945676919
"('mv_usd', 'elo_rating', 'bmi', 'life_exp', 'mv_play_dom', 'num_play_int', 'dom_int_mv_ratio', 'int_perc')",0.945676919
"('mv_usd', 'elo_rating', 'bmi', 'life_exp', 'mv_play_dom', 'num_play_int', 'dom_int_mv_ratio', 'dom_perc', 'int_perc')",0.945676919
"('mv_usd', 'elo_rating', 'life_exp', 'qol', 'mv_play_dom', 'dom_int_mv_ratio', 'dom_perc')",0.945656335
"('mv_usd', 'elo_rating', 'life_exp', 'qol', 'mv_play_dom', 'dom_int_mv_ratio', 'int_perc')",0.945656335
"('mv_usd', 'elo_rating', 'life_exp', 'qol', 'mv_play_dom', 'dom_int_mv_ratio', 'dom_perc', 'int_perc')",0.945656335
"('mv_usd', 'bmi', 'life_exp', 'mv_play_dom', 'num_play_dom', 'num_play_int', 'dom_int_mv_ratio', 'dom_perc')",0.945654584
"('mv_usd', 'bmi', 'life_exp', 'mv_play_dom', 'num_play_dom', 'num_play_int', 'dom_int_mv_ratio', 'int_perc')",0.945654584
"('mv_usd', 'bmi', 'life_exp', 'mv_play_dom', 'num_play_dom', 'num_play_int', 'dom_int_mv_ratio', 'dom_perc', 'int_perc')",0.945654584
"('mv_usd', 'elo_rating', 'bmi', 'life_exp', 'mv_play_dom', 'num_play_dom', 'dom_int_mv_ratio', 'dom_perc')",0.945634443
"('mv_usd', 'elo_rating', 'bmi', 'life_exp', 'mv_play_dom', 'num_play_dom', 'dom_int_mv_ratio', 'int_perc')",0.945634443
"('mv_usd', 'elo_rating', 'bmi', 'life_exp', 'mv_play_dom', 'num_play_dom', 'dom_int_mv_ratio', 'dom_perc', 'int_perc')",0.945634443
"('mv_usd', 'bmi', 'life_exp', 'mv_play_dom', 'num_play_int', 'dom_int_mv_ratio', 'dom_perc')",0.945624592
"('mv_usd', 'bmi', 'life_exp', 'mv_play_dom', 'num_play_int', 'dom_int_mv_ratio', 'int_perc')",0.945624592
"('mv_usd', 'bmi', 'life_exp', 'mv_play_dom', 'num_play_int', 'dom_int_mv_ratio', 'dom_perc', 'int_perc')",0.945624592
"('mv_usd', 'elo_rating', 'bmi', 'life_exp', 'mv_play_dom', 'dom_int_mv_ratio', 'dom_perc')",0.945618434
"('mv_usd', 'elo_rating', 'bmi', 'life_exp', 'mv_play_dom', 'dom_int_mv_ratio', 'int_perc')",0.945618434
"('mv_usd', 'elo_rating', 'bmi', 'life_exp', 'mv_play_dom', 'dom_int_mv_ratio', 'dom_perc', 'int_perc')",0.945618434
"('mv_usd', 'bmi', 'life_exp', 'mv_play_dom', 'num_play_dom', 'dom_int_mv_ratio', 'dom_perc')",0.94551466
"('mv_usd', 'bmi', 'life_exp', 'mv_play_dom', 'num_play_dom', 'dom_int_mv_ratio', 'int_perc')",0.94551466
"('mv_usd', 'bmi', 'life_exp', 'mv_play_dom', 'num_play_dom', 'dom_int_mv_ratio', 'dom_perc', 'int_perc')",0.94551466
"('mv_usd', 'bmi', 'life_exp', 'qol', 'mv_play_dom', 'dom_int_mv_ratio', 'dom_perc')",0.9455115
"('mv_usd', 'bmi', 'life_exp', 'qol', 'mv_play_dom', 'dom_int_mv_ratio', 'int_perc')",0.9455115
"('mv_usd', 'bmi', 'life_exp', 'qol', 'mv_play_dom', 'dom_int_mv_ratio', 'dom_perc', 'int_perc')",0.9455115
"('mv_usd', 'elo_rating', 'life_exp', 'mv_play_dom', 'num_play_dom', 'num_play_int', 'dom_int_mv_ratio', 'dom_perc')",0.945437572
"('mv_usd', 'elo_rating', 'life_exp', 'mv_play_dom', 'num_play_dom', 'num_play_int', 'dom_int_mv_ratio', 'int_perc')",0.945437572
"('mv_usd', 'elo_rating', 'life_exp', 'mv_play_dom', 'num_play_dom', 'num_play_int', 'dom_int_mv_ratio', 'dom_perc', 'int_perc')",0.945437572
"('mv_usd', 'elo_rating', 'bmi', 'life_exp', 'qol', 'mv_play_dom', 'mv_play_int', 'num_play_int', 'dom_int_mv_ratio')",0.945432572
"('mv_usd', 'elo_rating', 'life_exp', 'mv_play_dom', 'num_play_int', 'dom_int_mv_ratio', 'dom_perc')",0.945427111
"('mv_usd', 'elo_rating', 'life_exp', 'mv_play_dom', 'num_play_int', 'dom_int_mv_ratio', 'int_perc')",0.945427111
"('mv_usd', 'elo_rating', 'life_exp', 'mv_play_dom', 'num_play_int', 'dom_int_mv_ratio', 'dom_perc', 'int_perc')",0.945427111
"('mv_usd', 'life_exp', 'mv_play_dom', 'num_play_dom', 'num_play_int', 'dom_int_mv_ratio', 'dom_perc')",0.945425204
"('mv_usd', 'life_exp', 'mv_play_dom', 'num_play_dom', 'num_play_int', 'dom_int_mv_ratio', 'int_perc')",0.945425204
"('mv_usd', 'life_exp', 'mv_play_dom', 'num_play_dom', 'num_play_int', 'dom_int_mv_ratio', 'dom_perc', 'int_perc')",0.945425204
"('mv_usd', 'life_exp', 'mv_play_dom', 'num_play_int', 'dom_int_mv_ratio', 'dom_perc')",0.945411296
"('mv_usd', 'life_exp', 'mv_play_dom', 'num_play_int', 'dom_int_mv_ratio', 'int_perc')",0.945411296
"('mv_usd', 'life_exp', 'mv_play_dom', 'num_play_int', 'dom_int_mv_ratio', 'dom_perc', 'int_perc')",0.945411296
"('mv_usd', 'bmi', 'life_exp', 'mv_play_dom', 'dom_int_mv_ratio', 'dom_perc')",0.94539688
"('mv_usd', 'bmi', 'life_exp', 'mv_play_dom', 'dom_int_mv_ratio', 'int_perc')",0.94539688
"('mv_usd', 'bmi', 'life_exp', 'mv_play_dom', 'dom_int_mv_ratio', 'dom_perc', 'int_perc')",0.94539688
"('mv_usd', 'elo_rating', 'life_exp', 'mv_play_dom', 'num_play_dom', 'dom_int_mv_ratio', 'dom_perc')",0.945344972
"('mv_usd', 'elo_rating', 'life_exp', 'mv_play_dom', 'num_play_dom', 'dom_int_mv_ratio', 'int_perc')",0.945344972
"('mv_usd', 'elo_rating', 'life_exp', 'mv_play_dom', 'num_play_dom', 'dom_int_mv_ratio', 'dom_perc', 'int_perc')",0.945344972
"('mv_usd', 'bmi', 'life_exp', 'qol', 'mv_play_dom', 'mv_play_int', 'num_play_int', 'dom_int_mv_ratio')",0.945324745
"('mv_usd', 'elo_rating', 'bmi', 'life_exp', 'qol', 'mv_play_dom', 'mv_play_int', 'dom_int_mv_ratio')",0.945318941
"('mv_usd', 'bmi', 'life_exp', 'qol', 'mv_play_dom', 'mv_play_int', 'dom_int_mv_ratio')",0.945297554
"('mv_usd', 'elo_rating', 'bmi', 'life_exp', 'qol', 'mv_play_dom', 'num_play_dom', 'num_play_int', 'dom_int_mv_ratio')",0.94528194
"('mv_usd', 'life_exp', 'mv_play_dom', 'num_play_dom', 'dom_int_mv_ratio', 'dom_perc')",0.945279928
"('mv_usd', 'life_exp', 'mv_play_dom', 'num_play_dom', 'dom_int_mv_ratio', 'int_perc')",0.945279928
"('mv_usd', 'life_exp', 'mv_play_dom', 'num_play_dom', 'dom_int_mv_ratio', 'dom_perc', 'int_perc')",0.945279928
"('mv_usd', 'life_exp', 'qol', 'mv_play_dom', 'dom_int_mv_ratio', 'dom_perc')",0.945262602
"('mv_usd', 'life_exp', 'qol', 'mv_play_dom', 'dom_int_mv_ratio', 'int_perc')",0.945262602
"('mv_usd', 'life_exp', 'qol', 'mv_play_dom', 'dom_int_mv_ratio', 'dom_perc', 'int_perc')",0.945262602
"('mv_usd', 'elo_rating', 'life_exp', 'mv_play_dom', 'dom_int_mv_ratio', 'dom_perc')",0.945241958
"('mv_usd', 'elo_rating', 'life_exp', 'mv_play_dom', 'dom_int_mv_ratio', 'int_perc')",0.945241958
"('mv_usd', 'elo_rating', 'life_exp', 'mv_play_dom', 'dom_int_mv_ratio', 'dom_perc', 'int_perc')",0.945241958
"('mv_usd', 'elo_rating', 'bmi', 'life_exp', 'mv_play_dom', 'mv_play_int', 'num_play_int', 'dom_int_mv_ratio')",0.94518391
"('mv_usd', 'elo_rating', 'life_exp', 'qol', 'mv_play_dom', 'num_play_dom', 'num_play_int', 'dom_int_mv_ratio')",0.94516691
"('mv_usd', 'elo_rating', 'bmi', 'life_exp', 'mv_play_dom', 'mv_play_int', 'dom_int_mv_ratio')",0.945152284
"('mv_usd', 'bmi', 'life_exp', 'mv_play_dom', 'mv_play_int', 'num_play_int', 'dom_int_mv_ratio')",0.945088711
"('mv_usd', 'bmi', 'life_exp', 'mv_play_dom', 'mv_play_int', 'dom_int_mv_ratio')",0.945087269
"('mv_usd', 'bmi', 'life_exp', 'qol', 'mv_play_dom', 'num_play_dom', 'num_play_int', 'dom_int_mv_ratio')",0.945031493
"('mv_usd', 'life_exp', 'mv_play_dom', 'dom_int_mv_ratio', 'dom_perc')",0.945030079
"('mv_usd', 'life_exp', 'mv_play_dom', 'dom_int_mv_ratio', 'int_perc')",0.945030079
"('mv_usd', 'life_exp', 'mv_play_dom', 'dom_int_mv_ratio', 'dom_perc', 'int_perc')",0.945030079
"('mv_usd', 'elo_rating', 'bmi', 'life_exp', 'mv_play_dom', 'num_play_dom', 'num_play_int', 'dom_int_mv_ratio')",0.94498259
"('mv_usd', 'life_exp', 'qol', 'mv_play_dom', 'num_play_dom', 'num_play_int', 'dom_int_mv_ratio')",0.944960039
"('mv_usd', 'elo_rating', 'bmi', 'qol', 'mv_play_dom', 'num_play_dom', 'num_play_int', 'dom_int_mv_ratio', 'dom_perc')",0.944799263
"('mv_usd', 'elo_rating', 'bmi', 'qol', 'mv_play_dom', 'num_play_dom', 'num_play_int', 'dom_int_mv_ratio', 'int_perc')",0.944799263
"('mv_usd', 'elo_rating', 'bmi', 'qol', 'mv_play_dom', 'num_play_dom', 'num_play_int', 'dom_int_mv_ratio', 'dom_perc', 'int_perc')",0.944799263
"('mv_usd', 'elo_rating', 'bmi', 'mv_play_dom', 'num_play_dom', 'num_play_int', 'dom_int_mv_ratio', 'dom_perc')",0.944799251
"('mv_usd', 'elo_rating', 'bmi', 'mv_play_dom', 'num_play_dom', 'num_play_int', 'dom_int_mv_ratio', 'int_perc')",0.944799251
"('mv_usd', 'elo_rating', 'bmi', 'mv_play_dom', 'num_play_dom', 'num_play_int', 'dom_int_mv_ratio', 'dom_perc', 'int_perc')",0.944799251
"('mv_usd', 'elo_rating', 'bmi', 'qol', 'mv_play_dom', 'num_play_dom', 'dom_int_mv_ratio', 'dom_perc')",0.944799236
"('mv_usd', 'elo_rating', 'bmi', 'qol', 'mv_play_dom', 'num_play_dom', 'dom_int_mv_ratio', 'int_perc')",0.944799236
"('mv_usd', 'elo_rating', 'bmi', 'qol', 'mv_play_dom', 'num_play_dom', 'dom_int_mv_ratio', 'dom_perc', 'int_perc')",0.944799236
"('mv_usd', 'elo_rating', 'bmi', 'mv_play_dom', 'num_play_dom', 'dom_int_mv_ratio', 'dom_perc')",0.944799224
"('mv_usd', 'elo_rating', 'bmi', 'mv_play_dom', 'num_play_dom', 'dom_int_mv_ratio', 'int_perc')",0.944799224
"('mv_usd', 'elo_rating', 'bmi', 'mv_play_dom', 'num_play_dom', 'dom_int_mv_ratio', 'dom_perc', 'int_perc')",0.944799224
"('mv_usd', 'elo_rating', 'qol', 'mv_play_dom', 'num_play_dom', 'num_play_int', 'dom_int_mv_ratio', 'dom_perc')",0.94479848
"('mv_usd', 'elo_rating', 'qol', 'mv_play_dom', 'num_play_dom', 'num_play_int', 'dom_int_mv_ratio', 'int_perc')",0.94479848
"('mv_usd', 'elo_rating', 'qol', 'mv_play_dom', 'num_play_dom', 'num_play_int', 'dom_int_mv_ratio', 'dom_perc', 'int_perc')",0.94479848
"('mv_usd', 'elo_rating', 'qol', 'mv_play_dom', 'num_play_dom', 'dom_int_mv_ratio', 'dom_perc')",0.944798335
"('mv_usd', 'elo_rating', 'qol', 'mv_play_dom', 'num_play_dom', 'dom_int_mv_ratio', 'int_perc')",0.944798335
"('mv_usd', 'elo_rating', 'qol', 'mv_play_dom', 'num_play_dom', 'dom_int_mv_ratio', 'dom_perc', 'int_perc')",0.944798335
"('mv_usd', 'elo_rating', 'mv_play_dom', 'num_play_dom', 'num_play_int', 'dom_int_mv_ratio', 'dom_perc')",0.944797891
"('mv_usd', 'elo_rating', 'mv_play_dom', 'num_play_dom', 'num_play_int', 'dom_int_mv_ratio', 'int_perc')",0.944797891
"('mv_usd', 'elo_rating', 'mv_play_dom', 'num_play_dom', 'num_play_int', 'dom_int_mv_ratio', 'dom_perc', 'int_perc')",0.944797891
"('mv_usd', 'elo_rating', 'mv_play_dom', 'num_play_dom', 'dom_int_mv_ratio', 'dom_perc')",0.944797639
"('mv_usd', 'elo_rating', 'mv_play_dom', 'num_play_dom', 'dom_int_mv_ratio', 'int_perc')",0.944797639
"('mv_usd', 'elo_rating', 'mv_play_dom', 'num_play_dom', 'dom_int_mv_ratio', 'dom_perc', 'int_perc')",0.944797639
"('mv_usd', 'elo_rating', 'bmi', 'qol', 'mv_play_dom', 'num_play_int', 'dom_int_mv_ratio', 'dom_perc')",0.944774297
"('mv_usd', 'elo_rating', 'bmi', 'qol', 'mv_play_dom', 'num_play_int', 'dom_int_mv_ratio', 'int_perc')",0.944774297
"('mv_usd', 'elo_rating', 'bmi', 'qol', 'mv_play_dom', 'num_play_int', 'dom_int_mv_ratio', 'dom_perc', 'int_perc')",0.944774297
"('mv_usd', 'elo_rating', 'bmi', 'mv_play_dom', 'num_play_int', 'dom_int_mv_ratio', 'dom_perc')",0.944773479
"('mv_usd', 'elo_rating', 'bmi', 'mv_play_dom', 'num_play_int', 'dom_int_mv_ratio', 'int_perc')",0.944773479
"('mv_usd', 'elo_rating', 'bmi', 'mv_play_dom', 'num_play_int', 'dom_int_mv_ratio', 'dom_perc', 'int_perc')",0.944773479
"('mv_usd', 'elo_rating', 'qol', 'mv_play_dom', 'num_play_int', 'dom_int_mv_ratio', 'dom_perc')",0.944773015
"('mv_usd', 'elo_rating', 'qol', 'mv_play_dom', 'num_play_int', 'dom_int_mv_ratio', 'int_perc')",0.944773015
"('mv_usd', 'elo_rating', 'qol', 'mv_play_dom', 'num_play_int', 'dom_int_mv_ratio', 'dom_perc', 'int_perc')",0.944773015
"('mv_usd', 'elo_rating', 'mv_play_dom', 'num_play_int', 'dom_int_mv_ratio', 'dom_perc')",0.944772925
"('mv_usd', 'elo_rating', 'mv_play_dom', 'num_play_int', 'dom_int_mv_ratio', 'int_perc')",0.944772925
"('mv_usd', 'elo_rating', 'mv_play_dom', 'num_play_int', 'dom_int_mv_ratio', 'dom_perc', 'int_perc')",0.944772925
"('mv_usd', 'bmi', 'life_exp', 'mv_play_dom', 'num_play_dom', 'num_play_int', 'dom_int_mv_ratio')",0.944762379
"('mv_usd', 'bmi', 'qol', 'mv_play_dom', 'num_play_dom', 'num_play_int', 'dom_int_mv_ratio', 'dom_perc')",0.944734836
"('mv_usd', 'bmi', 'qol', 'mv_play_dom', 'num_play_dom', 'num_play_int', 'dom_int_mv_ratio', 'int_perc')",0.944734836
"('mv_usd', 'bmi', 'qol', 'mv_play_dom', 'num_play_dom', 'num_play_int', 'dom_int_mv_ratio', 'dom_perc', 'int_perc')",0.944734836
"('mv_usd', 'bmi', 'mv_play_dom', 'num_play_dom', 'num_play_int', 'dom_int_mv_ratio', 'dom_perc')",0.944734753
"('mv_usd', 'bmi', 'mv_play_dom', 'num_play_dom', 'num_play_int', 'dom_int_mv_ratio', 'int_perc')",0.944734753
"('mv_usd', 'bmi', 'mv_play_dom', 'num_play_dom', 'num_play_int', 'dom_int_mv_ratio', 'dom_perc', 'int_perc')",0.944734753
"('mv_usd', 'qol', 'mv_play_dom', 'num_play_dom', 'num_play_int', 'dom_int_mv_ratio', 'dom_perc')",0.944734506
"('mv_usd', 'qol', 'mv_play_dom', 'num_play_dom', 'num_play_int', 'dom_int_mv_ratio', 'int_perc')",0.944734506
"('mv_usd', 'qol', 'mv_play_dom', 'num_play_dom', 'num_play_int', 'dom_int_mv_ratio', 'dom_perc', 'int_perc')",0.944734506
"('mv_usd', 'mv_play_dom', 'num_play_dom', 'num_play_int', 'dom_int_mv_ratio', 'dom_perc')",0.944733876
"('mv_usd', 'mv_play_dom', 'num_play_dom', 'num_play_int', 'dom_int_mv_ratio', 'int_perc')",0.944733876
"('mv_usd', 'mv_play_dom', 'num_play_dom', 'num_play_int', 'dom_int_mv_ratio', 'dom_perc', 'int_perc')",0.944733876
"('mv_usd', 'bmi', 'qol', 'mv_play_dom', 'num_play_dom', 'dom_int_mv_ratio', 'dom_perc')",0.94472024
"('mv_usd', 'bmi', 'qol', 'mv_play_dom', 'num_play_dom', 'dom_int_mv_ratio', 'int_perc')",0.94472024
"('mv_usd', 'bmi', 'qol', 'mv_play_dom', 'num_play_dom', 'dom_int_mv_ratio', 'dom_perc', 'int_perc')",0.94472024
"('mv_usd', 'qol', 'mv_play_dom', 'num_play_dom', 'dom_int_mv_ratio', 'dom_perc')",0.944720231
"('mv_usd', 'qol', 'mv_play_dom', 'num_play_dom', 'dom_int_mv_ratio', 'int_perc')",0.944720231
"('mv_usd', 'qol', 'mv_play_dom', 'num_play_dom', 'dom_int_mv_ratio', 'dom_perc', 'int_perc')",0.944720231
"('mv_usd', 'elo_rating', 'bmi', 'qol', 'mv_play_dom', 'dom_int_mv_ratio', 'dom_perc')",0.944720126
"('mv_usd', 'elo_rating', 'bmi', 'qol', 'mv_play_dom', 'dom_int_mv_ratio', 'int_perc')",0.944720126
"('mv_usd', 'elo_rating', 'bmi', 'qol', 'mv_play_dom', 'dom_int_mv_ratio', 'dom_perc', 'int_perc')",0.944720126
"('mv_usd', 'bmi', 'mv_play_dom', 'num_play_dom', 'dom_int_mv_ratio', 'dom_perc')",0.944720051
"('mv_usd', 'bmi', 'mv_play_dom', 'num_play_dom', 'dom_int_mv_ratio', 'int_perc')",0.944720051
"('mv_usd', 'bmi', 'mv_play_dom', 'num_play_dom', 'dom_int_mv_ratio', 'dom_perc', 'int_perc')",0.944720051
"('mv_usd', 'mv_play_dom', 'num_play_dom', 'dom_int_mv_ratio', 'dom_perc')",0.944720006
"('mv_usd', 'mv_play_dom', 'num_play_dom', 'dom_int_mv_ratio', 'int_perc')",0.944720006
"('mv_usd', 'mv_play_dom', 'num_play_dom', 'dom_int_mv_ratio', 'dom_perc', 'int_perc')",0.944720006
"('mv_usd', 'bmi', 'qol', 'mv_play_dom', 'num_play_int', 'dom_int_mv_ratio', 'dom_perc')",0.944717629
"('mv_usd', 'bmi', 'qol', 'mv_play_dom', 'num_play_int', 'dom_int_mv_ratio', 'int_perc')",0.944717629
"('mv_usd', 'bmi', 'qol', 'mv_play_dom', 'num_play_int', 'dom_int_mv_ratio', 'dom_perc', 'int_perc')",0.944717629
"('mv_usd', 'qol', 'mv_play_dom', 'num_play_int', 'dom_int_mv_ratio', 'dom_perc')",0.944717549
"('mv_usd', 'qol', 'mv_play_dom', 'num_play_int', 'dom_int_mv_ratio', 'int_perc')",0.944717549
"('mv_usd', 'qol', 'mv_play_dom', 'num_play_int', 'dom_int_mv_ratio', 'dom_perc', 'int_perc')",0.944717549
"('mv_usd', 'bmi', 'mv_play_dom', 'num_play_int', 'dom_int_mv_ratio', 'dom_perc')",0.944716373
"('mv_usd', 'bmi', 'mv_play_dom', 'num_play_int', 'dom_int_mv_ratio', 'int_perc')",0.944716373
"('mv_usd', 'bmi', 'mv_play_dom', 'num_play_int', 'dom_int_mv_ratio', 'dom_perc', 'int_perc')",0.944716373
"('mv_usd', 'mv_play_dom', 'num_play_int', 'dom_int_mv_ratio', 'dom_perc')",0.944714944
"('mv_usd', 'mv_play_dom', 'num_play_int', 'dom_int_mv_ratio', 'int_perc')",0.944714944
"('mv_usd', 'mv_play_dom', 'num_play_int', 'dom_int_mv_ratio', 'dom_perc', 'int_perc')",0.944714944
"('mv_usd', 'elo_rating', 'bmi', 'mv_play_dom', 'dom_int_mv_ratio', 'dom_perc')",0.944708702
"('mv_usd', 'elo_rating', 'bmi', 'mv_play_dom', 'dom_int_mv_ratio', 'int_perc')",0.944708702
"('mv_usd', 'elo_rating', 'bmi', 'mv_play_dom', 'dom_int_mv_ratio', 'dom_perc', 'int_perc')",0.944708702
"('mv_usd', 'elo_rating', 'qol', 'mv_play_dom', 'dom_int_mv_ratio', 'dom_perc')",0.944692971
"('mv_usd', 'elo_rating', 'qol', 'mv_play_dom', 'dom_int_mv_ratio', 'int_perc')",0.944692971
"('mv_usd', 'elo_rating', 'qol', 'mv_play_dom', 'dom_int_mv_ratio', 'dom_perc', 'int_perc')",0.944692971
"('mv_usd', 'elo_rating', 'mv_play_dom', 'dom_int_mv_ratio', 'dom_perc')",0.944692367
"('mv_usd', 'elo_rating', 'mv_play_dom', 'dom_int_mv_ratio', 'int_perc')",0.944692367
"('mv_usd', 'elo_rating', 'mv_play_dom', 'dom_int_mv_ratio', 'dom_perc', 'int_perc')",0.944692367
"('mv_usd', 'elo_rating', 'life_exp', 'mv_play_dom', 'num_play_dom', 'num_play_int', 'dom_int_mv_ratio')",0.944643386
"('mv_usd', 'bmi', 'qol', 'mv_play_dom', 'dom_int_mv_ratio', 'dom_perc')",0.944519427
"('mv_usd', 'bmi', 'qol', 'mv_play_dom', 'dom_int_mv_ratio', 'int_perc')",0.944519427
"('mv_usd', 'bmi', 'qol', 'mv_play_dom', 'dom_int_mv_ratio', 'dom_perc', 'int_perc')",0.944519427
"('mv_usd', 'life_exp', 'mv_play_dom', 'num_play_dom', 'num_play_int', 'dom_int_mv_ratio')",0.944507872
"('mv_usd', 'qol', 'mv_play_dom', 'dom_int_mv_ratio', 'dom_perc')",0.944473425
"('mv_usd', 'qol', 'mv_play_dom', 'dom_int_mv_ratio', 'int_perc')",0.944473425
"('mv_usd', 'qol', 'mv_play_dom', 'dom_int_mv_ratio', 'dom_perc', 'int_perc')",0.944473425
"('mv_usd', 'bmi', 'mv_play_dom', 'dom_int_mv_ratio', 'dom_perc')",0.944465337
"('mv_usd', 'bmi', 'mv_play_dom', 'dom_int_mv_ratio', 'int_perc')",0.944465337
"('mv_usd', 'bmi', 'mv_play_dom', 'dom_int_mv_ratio', 'dom_perc', 'int_perc')",0.944465337
"('mv_usd', 'mv_play_dom', 'dom_int_mv_ratio', 'dom_perc')",0.944453083
"('mv_usd', 'mv_play_dom', 'dom_int_mv_ratio', 'int_perc')",0.944453083
"('mv_usd', 'mv_play_dom', 'dom_int_mv_ratio', 'dom_perc', 'int_perc')",0.944453083
"('mv_usd', 'elo_rating', 'bmi', 'qol', 'mv_play_dom', 'num_play_dom', 'num_play_int', 'dom_int_mv_ratio')",0.944413073
"('mv_usd', 'elo_rating', 'bmi', 'mv_play_dom', 'num_play_dom', 'num_play_int', 'dom_int_mv_ratio')",0.94441115
"('mv_usd', 'elo_rating', 'qol', 'mv_play_dom', 'num_play_dom', 'num_play_int', 'dom_int_mv_ratio')",0.944394925
"('mv_usd', 'elo_rating', 'mv_play_dom', 'num_play_dom', 'num_play_int', 'dom_int_mv_ratio')",0.94437039
"('mv_usd', 'elo_rating', 'life_exp', 'qol', 'mv_play_dom', 'mv_play_int', 'num_play_int', 'dom_int_mv_ratio')",0.944236736
"('mv_usd', 'bmi', 'qol', 'mv_play_dom', 'num_play_dom', 'num_play_int', 'dom_int_mv_ratio')",0.944212381
"('mv_usd', 'bmi', 'mv_play_dom', 'num_play_dom', 'num_play_int', 'dom_int_mv_ratio')",0.944211524
"('mv_usd', 'qol', 'mv_play_dom', 'num_play_dom', 'num_play_int', 'dom_int_mv_ratio')",0.944207134
"('mv_usd', 'mv_play_dom', 'num_play_dom', 'num_play_int', 'dom_int_mv_ratio')",0.944198421
"('mv_usd', 'elo_rating', 'bmi', 'life_exp', 'qol', 'mv_play_dom', 'num_play_dom', 'dom_int_mv_ratio')",0.944197231
"('mv_usd', 'bmi', 'life_exp', 'qol', 'mv_play_dom', 'num_play_dom', 'dom_int_mv_ratio')",0.944177908
"('mv_usd', 'elo_rating', 'life_exp', 'qol', 'mv_play_dom', 'num_play_dom', 'dom_int_mv_ratio')",0.944156146
"('mv_usd', 'life_exp', 'qol', 'mv_play_dom', 'num_play_dom', 'dom_int_mv_ratio')",0.944142381
"('mv_usd', 'life_exp', 'qol', 'mv_play_dom', 'mv_play_int', 'num_play_int', 'dom_int_mv_ratio')",0.944036534
"('mv_usd', 'elo_rating', 'life_exp', 'qol', 'mv_play_dom', 'mv_play_int', 'dom_int_mv_ratio')",0.943843009
"('mv_usd', 'life_exp', 'qol', 'mv_play_dom', 'mv_play_int', 'dom_int_mv_ratio')",0.943839287
"('mv_usd', 'elo_rating', 'bmi', 'qol', 'mv_play_dom', 'mv_play_int', 'num_play_int', 'dom_int_mv_ratio')",0.943723926
"('mv_usd', 'elo_rating', 'bmi', 'qol', 'mv_play_dom', 'mv_play_int', 'dom_int_mv_ratio')",0.943723915
"('mv_usd', 'bmi', 'qol', 'mv_play_dom', 'mv_play_int', 'num_play_int', 'dom_int_mv_ratio')",0.943678109
"('mv_usd', 'bmi', 'qol', 'mv_play_dom', 'mv_play_int', 'dom_int_mv_ratio')",0.943644273
"('mv_usd', 'elo_rating', 'bmi', 'mv_play_dom', 'mv_play_int', 'num_play_int', 'dom_int_mv_ratio')",0.943599343
"('mv_usd', 'elo_rating', 'bmi', 'mv_play_dom', 'mv_play_int', 'dom_int_mv_ratio')",0.943592367
"('mv_usd', 'bmi', 'mv_play_dom', 'mv_play_int', 'num_play_int', 'dom_int_mv_ratio')",0.943555834
"('mv_usd', 'bmi', 'mv_play_dom', 'mv_play_int', 'dom_int_mv_ratio')",0.943550321
"('mv_usd', 'elo_rating', 'bmi', 'life_exp', 'mv_play_dom', 'num_play_dom', 'dom_int_mv_ratio')",0.943530007
"('mv_usd', 'bmi', 'life_exp', 'mv_play_dom', 'num_play_dom', 'dom_int_mv_ratio')",0.94352989
"('mv_usd', 'elo_rating', 'life_exp', 'mv_play_dom', 'mv_play_int', 'num_play_int', 'dom_int_mv_ratio')",0.943464522
"('mv_usd', 'elo_rating', 'life_exp', 'mv_play_dom', 'mv_play_int', 'dom_int_mv_ratio')",0.943310924
"('mv_usd', 'life_exp', 'mv_play_dom', 'mv_play_int', 'num_play_int', 'dom_int_mv_ratio')",0.943270414
"('mv_usd', 'elo_rating', 'life_exp', 'mv_play_dom', 'num_play_dom', 'dom_int_mv_ratio')",0.943256948
"('mv_usd', 'life_exp', 'mv_play_dom', 'mv_play_int', 'dom_int_mv_ratio')",0.94325274
"('mv_usd', 'life_exp', 'mv_play_dom', 'num_play_dom', 'dom_int_mv_ratio')",0.943249868
"('mv_usd', 'elo_rating', 'qol', 'mv_play_dom', 'mv_play_int', 'num_play_int', 'dom_int_mv_ratio')",0.942994133
"('mv_usd', 'elo_rating', 'mv_play_dom', 'mv_play_int', 'num_play_int', 'dom_int_mv_ratio')",0.942977217
"('mv_usd', 'elo_rating', 'qol', 'mv_play_dom', 'mv_play_int', 'dom_int_mv_ratio')",0.942915495
"('mv_usd', 'elo_rating', 'mv_play_dom', 'mv_play_int', 'dom_int_mv_ratio')",0.942904173
"('mv_usd', 'qol', 'mv_play_dom', 'mv_play_int', 'num_play_int', 'dom_int_mv_ratio')",0.942888555
"('mv_usd', 'qol', 'mv_play_dom', 'mv_play_int', 'dom_int_mv_ratio')",0.942879688
"('mv_usd', 'elo_rating', 'bmi', 'qol', 'mv_play_dom', 'num_play_dom', 'dom_int_mv_ratio')",0.942878803
"('mv_usd', 'bmi', 'qol', 'mv_play_dom', 'num_play_dom', 'dom_int_mv_ratio')",0.942878543
"('mv_usd', 'elo_rating', 'qol', 'mv_play_dom', 'num_play_dom', 'dom_int_mv_ratio')",0.942870197
"('mv_usd', 'qol', 'mv_play_dom', 'num_play_dom', 'dom_int_mv_ratio')",0.94287012
"('mv_usd', 'mv_play_dom', 'mv_play_int', 'num_play_int', 'dom_int_mv_ratio')",0.942861768
"('mv_usd', 'mv_play_dom', 'mv_play_int', 'dom_int_mv_ratio')",0.942857775
"('mv_usd', 'elo_rating', 'bmi', 'mv_play_dom', 'num_play_dom', 'dom_int_mv_ratio')",0.942816881
"('mv_usd', 'bmi', 'mv_play_dom', 'num_play_dom', 'dom_int_mv_ratio')",0.942815138
"('mv_usd', 'elo_rating', 'mv_play_dom', 'num_play_dom', 'dom_int_mv_ratio')",0.942812378
"('mv_usd', 'mv_play_dom', 'num_play_dom', 'dom_int_mv_ratio')",0.942809435
"('mv_usd', 'elo_rating', 'bmi', 'life_exp', 'qol', 'mv_play_dom', 'num_play_int', 'dom_int_mv_ratio')",0.94149315
"('mv_usd', 'elo_rating', 'bmi', 'life_exp', 'mv_play_dom', 'num_play_int', 'dom_int_mv_ratio')",0.941490991
"('mv_usd', 'elo_rating', 'bmi', 'qol', 'mv_play_dom', 'num_play_int', 'dom_int_mv_ratio')",0.940572342
"('mv_usd', 'elo_rating', 'bmi', 'life_exp', 'qol', 'mv_play_dom', 'dom_int_mv_ratio')",0.940066489
"('mv_usd', 'elo_rating', 'bmi', 'mv_play_dom', 'num_play_int', 'dom_int_mv_ratio')",0.940026215
"('mv_usd', 'elo_rating', 'bmi', 'life_exp', 'mv_play_dom', 'dom_int_mv_ratio')",0.940014672
"('mv_usd', 'elo_rating', 'bmi', 'life_exp', 'qol', 'mv_play_dom', 'num_play_dom', 'mv_play_int', 'num_play_int', 'dom_perc')",0.939713984
"('mv_usd', 'elo_rating', 'bmi', 'life_exp', 'qol', 'mv_play_dom', 'num_play_dom', 'mv_play_int', 'num_play_int', 'int_perc')",0.939713984
"('mv_usd', 'elo_rating', 'bmi', 'life_exp', 'qol', 'mv_play_dom', 'num_play_dom', 'mv_play_int', 'num_play_int', 'dom_perc', 'int_perc')",0.939713984
"('mv_usd', 'elo_rating', 'bmi', 'life_exp', 'qol', 'mv_play_dom', 'mv_play_int', 'num_play_int', 'dom_perc')",0.93967037
"('mv_usd', 'elo_rating', 'bmi', 'life_exp', 'qol', 'mv_play_dom', 'mv_play_int', 'num_play_int', 'int_perc')",0.93967037
"('mv_usd', 'elo_rating', 'bmi', 'life_exp', 'qol', 'mv_play_dom', 'mv_play_int', 'num_play_int', 'dom_perc', 'int_perc')",0.93967037
"('mv_usd', 'elo_rating', 'life_exp', 'qol', 'mv_play_dom', 'num_play_dom', 'mv_play_int', 'num_play_int', 'dom_perc')",0.939502541
"('mv_usd', 'elo_rating', 'life_exp', 'qol', 'mv_play_dom', 'num_play_dom', 'mv_play_int', 'num_play_int', 'int_perc')",0.939502541
"('mv_usd', 'elo_rating', 'life_exp', 'qol', 'mv_play_dom', 'num_play_dom', 'mv_play_int', 'num_play_int', 'dom_perc', 'int_perc')",0.939502541
"('mv_usd', 'elo_rating', 'bmi', 'life_exp', 'qol', 'mv_play_dom', 'num_play_dom', 'mv_play_int', 'num_play_int')",0.939480558
"('mv_usd', 'elo_rating', 'life_exp', 'qol', 'mv_play_dom', 'mv_play_int', 'num_play_int', 'dom_perc')",0.939479203
"('mv_usd', 'elo_rating', 'life_exp', 'qol', 'mv_play_dom', 'mv_play_int', 'num_play_int', 'int_perc')",0.939479203
"('mv_usd', 'elo_rating', 'life_exp', 'qol', 'mv_play_dom', 'mv_play_int', 'num_play_int', 'dom_perc', 'int_perc')",0.939479203
"('mv_usd', 'bmi', 'life_exp', 'qol', 'mv_play_dom', 'num_play_int', 'dom_int_mv_ratio')",0.939319781
"('mv_usd', 'elo_rating', 'life_exp', 'qol', 'mv_play_dom', 'num_play_dom', 'mv_play_int', 'num_play_int')",0.939293554
"('mv_usd', 'bmi', 'life_exp', 'mv_play_dom', 'num_play_int', 'dom_int_mv_ratio')",0.939176869
"('mv_usd', 'bmi', 'life_exp', 'qol', 'mv_play_dom', 'dom_int_mv_ratio')",0.938810596
"('mv_usd', 'bmi', 'life_exp', 'mv_play_dom', 'dom_int_mv_ratio')",0.93878833
"('mv_usd', 'elo_rating', 'bmi', 'life_exp', 'qol', 'mv_play_dom', 'num_play_dom', 'mv_play_int', 'dom_perc')",0.938778465
"('mv_usd', 'elo_rating', 'bmi', 'life_exp', 'qol', 'mv_play_dom', 'num_play_dom', 'mv_play_int', 'int_perc')",0.938778465
"('mv_usd', 'elo_rating', 'bmi', 'life_exp', 'qol', 'mv_play_dom', 'num_play_dom', 'mv_play_int', 'dom_perc', 'int_perc')",0.938778465
"('mv_usd', 'elo_rating', 'life_exp', 'qol', 'mv_play_dom', 'num_play_int', 'dom_int_mv_ratio')",0.938694197
"('mv_usd', 'elo_rating', 'life_exp', 'qol', 'mv_play_dom', 'num_play_dom', 'mv_play_int', 'dom_perc')",0.938667216
"('mv_usd', 'elo_rating', 'life_exp', 'qol', 'mv_play_dom', 'num_play_dom', 'mv_play_int', 'int_perc')",0.938667216
"('mv_usd', 'elo_rating', 'life_exp', 'qol', 'mv_play_dom', 'num_play_dom', 'mv_play_int', 'dom_perc', 'int_perc')",0.938667216
"('mv_usd', 'elo_rating', 'bmi', 'qol', 'mv_play_dom', 'dom_int_mv_ratio')",0.93860761
"('mv_usd', 'bmi', 'qol', 'mv_play_dom', 'num_play_int', 'dom_int_mv_ratio')",0.938549383
"('mv_usd', 'elo_rating', 'life_exp', 'mv_play_dom', 'num_play_int', 'dom_int_mv_ratio')",0.938539767
"('mv_usd', 'elo_rating', 'bmi', 'life_exp', 'qol', 'mv_play_dom', 'num_play_dom', 'mv_play_int')",0.938417986
"('mv_usd', 'elo_rating', 'qol', 'mv_play_dom', 'num_play_int', 'dom_int_mv_ratio')",0.938393831
"('mv_usd', 'elo_rating', 'mv_play_dom', 'num_play_int', 'dom_int_mv_ratio')",0.938393413
"('mv_usd', 'elo_rating', 'life_exp', 'qol', 'mv_play_dom', 'num_play_dom', 'mv_play_int')",0.938342288
"('mv_usd', 'elo_rating', 'bmi', 'mv_play_dom', 'dom_int_mv_ratio')",0.938312178
"('mv_usd', 'elo_rating', 'bmi', 'life_exp', 'mv_play_dom', 'num_play_dom', 'mv_play_int', 'num_play_int', 'dom_perc')",0.937954206
"('mv_usd', 'elo_rating', 'bmi', 'life_exp', 'mv_play_dom', 'num_play_dom', 'mv_play_int', 'num_play_int', 'int_perc')",0.937954206
"('mv_usd', 'elo_rating', 'bmi', 'life_exp', 'mv_play_dom', 'num_play_dom', 'mv_play_int', 'num_play_int', 'dom_perc', 'int_perc')",0.937954206
"('mv_usd', 'elo_rating', 'life_exp', 'mv_play_dom', 'num_play_dom', 'mv_play_int', 'num_play_int', 'dom_perc')",0.937952726
"('mv_usd', 'elo_rating', 'life_exp', 'mv_play_dom', 'num_play_dom', 'mv_play_int', 'num_play_int', 'int_perc')",0.937952726
"('mv_usd', 'elo_rating', 'life_exp', 'mv_play_dom', 'num_play_dom', 'mv_play_int', 'num_play_int', 'dom_perc', 'int_perc')",0.937952726
"('mv_usd', 'elo_rating', 'bmi', 'life_exp', 'mv_play_dom', 'mv_play_int', 'num_play_int', 'dom_perc')",0.937942809
"('mv_usd', 'elo_rating', 'bmi', 'life_exp', 'mv_play_dom', 'mv_play_int', 'num_play_int', 'int_perc')",0.937942809
"('mv_usd', 'elo_rating', 'bmi', 'life_exp', 'mv_play_dom', 'mv_play_int', 'num_play_int', 'dom_perc', 'int_perc')",0.937942809
"('mv_usd', 'elo_rating', 'life_exp', 'mv_play_dom', 'mv_play_int', 'num_play_int', 'dom_perc')",0.937940332
"('mv_usd', 'elo_rating', 'life_exp', 'mv_play_dom', 'mv_play_int', 'num_play_int', 'int_perc')",0.937940332
"('mv_usd', 'elo_rating', 'life_exp', 'mv_play_dom', 'mv_play_int', 'num_play_int', 'dom_perc', 'int_perc')",0.937940332
"('mv_usd', 'elo_rating', 'bmi', 'life_exp', 'mv_play_dom', 'num_play_dom', 'mv_play_int', 'num_play_int')",0.937736297
"('mv_usd', 'elo_rating', 'life_exp', 'mv_play_dom', 'num_play_dom', 'mv_play_int', 'num_play_int')",0.937732
"('mv_usd', 'bmi', 'qol', 'mv_play_dom', 'dom_int_mv_ratio')",0.937675027
"('mv_usd', 'elo_rating', 'life_exp', 'qol', 'mv_play_dom', 'dom_int_mv_ratio')",0.937656803
"('mv_usd', 'bmi', 'life_exp', 'qol', 'mv_play_dom', 'num_play_dom', 'mv_play_int', 'num_play_int', 'dom_perc')",0.937393681
"('mv_usd', 'bmi', 'life_exp', 'qol', 'mv_play_dom', 'num_play_dom', 'mv_play_int', 'num_play_int', 'int_perc')",0.937393681
"('mv_usd', 'bmi', 'life_exp', 'qol', 'mv_play_dom', 'num_play_dom', 'mv_play_int', 'num_play_int', 'dom_perc', 'int_perc')",0.937393681
"('mv_usd', 'elo_rating', 'bmi', 'life_exp', 'mv_play_dom', 'num_play_dom', 'mv_play_int', 'dom_perc')",0.937391893
"('mv_usd', 'elo_rating', 'bmi', 'life_exp', 'mv_play_dom', 'num_play_dom', 'mv_play_int', 'int_perc')",0.937391893
"('mv_usd', 'elo_rating', 'bmi', 'life_exp', 'mv_play_dom', 'num_play_dom', 'mv_play_int', 'dom_perc', 'int_perc')",0.937391893
"('mv_usd', 'bmi', 'life_exp', 'qol', 'mv_play_dom', 'mv_play_int', 'num_play_int', 'dom_perc')",0.937386079
"('mv_usd', 'bmi', 'life_exp', 'qol', 'mv_play_dom', 'mv_play_int', 'num_play_int', 'int_perc')",0.937386079
"('mv_usd', 'bmi', 'life_exp', 'qol', 'mv_play_dom', 'mv_play_int', 'num_play_int', 'dom_perc', 'int_perc')",0.937386079
"('mv_usd', 'elo_rating', 'life_exp', 'mv_play_dom', 'num_play_dom', 'mv_play_int', 'dom_perc')",0.93738275
"('mv_usd', 'elo_rating', 'life_exp', 'mv_play_dom', 'num_play_dom', 'mv_play_int', 'int_perc')",0.93738275
"('mv_usd', 'elo_rating', 'life_exp', 'mv_play_dom', 'num_play_dom', 'mv_play_int', 'dom_perc', 'int_perc')",0.93738275
"('mv_usd', 'bmi', 'mv_play_dom', 'num_play_int', 'dom_int_mv_ratio')",0.937354771
"('mv_usd', 'life_exp', 'qol', 'mv_play_dom', 'num_play_dom', 'mv_play_int', 'num_play_int', 'dom_perc')",0.937350071
"('mv_usd', 'life_exp', 'qol', 'mv_play_dom', 'num_play_dom', 'mv_play_int', 'num_play_int', 'int_perc')",0.937350071
"('mv_usd', 'life_exp', 'qol', 'mv_play_dom', 'num_play_dom', 'mv_play_int', 'num_play_int', 'dom_perc', 'int_perc')",0.937350071
"('mv_usd', 'life_exp', 'qol', 'mv_play_dom', 'mv_play_int', 'num_play_int', 'dom_perc')",0.937345978
"('mv_usd', 'life_exp', 'qol', 'mv_play_dom', 'mv_play_int', 'num_play_int', 'int_perc')",0.937345978
"('mv_usd', 'life_exp', 'qol', 'mv_play_dom', 'mv_play_int', 'num_play_int', 'dom_perc', 'int_perc')",0.937345978
"('mv_usd', 'elo_rating', 'bmi', 'life_exp', 'mv_play_dom', 'num_play_dom', 'mv_play_int')",0.937288963
"('mv_usd', 'elo_rating', 'life_exp', 'mv_play_dom', 'dom_int_mv_ratio')",0.937279036
"('mv_usd', 'elo_rating', 'life_exp', 'mv_play_dom', 'num_play_dom', 'mv_play_int')",0.937279036
"('mv_usd', 'bmi', 'life_exp', 'qol', 'mv_play_dom', 'num_play_dom', 'mv_play_int', 'num_play_int')",0.937154202
"('mv_usd', 'bmi', 'life_exp', 'qol', 'mv_play_dom', 'num_play_dom', 'mv_play_int', 'dom_perc')",0.937133516
"('mv_usd', 'bmi', 'life_exp', 'qol', 'mv_play_dom', 'num_play_dom', 'mv_play_int', 'int_perc')",0.937133516
"('mv_usd', 'bmi', 'life_exp', 'qol', 'mv_play_dom', 'num_play_dom', 'mv_play_int', 'dom_perc', 'int_perc')",0.937133516
"('mv_usd', 'bmi', 'life_exp', 'qol', 'mv_play_dom', 'num_play_dom', 'mv_play_int')",0.937126894
"('mv_usd', 'life_exp', 'qol', 'mv_play_dom', 'num_play_dom', 'mv_play_int', 'num_play_int')",0.937121829
"('mv_usd', 'life_exp', 'qol', 'mv_play_dom', 'num_play_dom', 'mv_play_int', 'dom_perc')",0.937106159
"('mv_usd', 'life_exp', 'qol', 'mv_play_dom', 'num_play_dom', 'mv_play_int', 'int_perc')",0.937106159
"('mv_usd', 'life_exp', 'qol', 'mv_play_dom', 'num_play_dom', 'mv_play_int', 'dom_perc', 'int_perc')",0.937106159
"('mv_usd', 'life_exp', 'qol', 'mv_play_dom', 'num_play_dom', 'mv_play_int')",0.937098521
"('mv_usd', 'elo_rating', 'qol', 'mv_play_dom', 'dom_int_mv_ratio')",0.937017821
"('mv_usd', 'elo_rating', 'mv_play_dom', 'dom_int_mv_ratio')",0.937007497
"('mv_usd', 'bmi', 'mv_play_dom', 'dom_int_mv_ratio')",0.93689329
"('mv_usd', 'elo_rating', 'bmi', 'life_exp', 'qol', 'mv_play_dom', 'mv_play_int', 'dom_perc')",0.936168748
"('mv_usd', 'elo_rating', 'bmi', 'life_exp', 'qol', 'mv_play_dom', 'mv_play_int', 'int_perc')",0.936168748
"('mv_usd', 'elo_rating', 'bmi', 'life_exp', 'qol', 'mv_play_dom', 'mv_play_int', 'dom_perc', 'int_perc')",0.936168748
"('mv_usd', 'elo_rating', 'life_exp', 'qol', 'mv_play_dom', 'mv_play_int', 'dom_perc')",0.93607151
"('mv_usd', 'elo_rating', 'life_exp', 'qol', 'mv_play_dom', 'mv_play_int', 'int_perc')",0.93607151
"('mv_usd', 'elo_rating', 'life_exp', 'qol', 'mv_play_dom', 'mv_play_int', 'dom_perc', 'int_perc')",0.93607151
"('mv_usd', 'elo_rating', 'bmi', 'qol', 'mv_play_dom', 'num_play_dom', 'mv_play_int', 'num_play_int', 'dom_perc')",0.936052992
"('mv_usd', 'elo_rating', 'bmi', 'qol', 'mv_play_dom', 'num_play_dom', 'mv_play_int', 'num_play_int', 'int_perc')",0.936052992
"('mv_usd', 'elo_rating', 'bmi', 'qol', 'mv_play_dom', 'num_play_dom', 'mv_play_int', 'num_play_int', 'dom_perc', 'int_perc')",0.936052992
"('mv_usd', 'elo_rating', 'bmi', 'qol', 'mv_play_dom', 'num_play_dom', 'mv_play_int', 'num_play_int')",0.936046262
"('mv_usd', 'bmi', 'life_exp', 'qol', 'mv_play_dom', 'mv_play_int', 'dom_perc')",0.935987599
"('mv_usd', 'bmi', 'life_exp', 'qol', 'mv_play_dom', 'mv_play_int', 'int_perc')",0.935987599
"('mv_usd', 'bmi', 'life_exp', 'qol', 'mv_play_dom', 'mv_play_int', 'dom_perc', 'int_perc')",0.935987599
"('mv_usd', 'elo_rating', 'bmi', 'life_exp', 'qol', 'mv_play_dom', 'mv_play_int', 'num_play_int')",0.935974848
"('mv_usd', 'elo_rating', 'bmi', 'mv_play_dom', 'num_play_dom', 'mv_play_int', 'num_play_int', 'dom_perc')",0.935938923
"('mv_usd', 'elo_rating', 'bmi', 'mv_play_dom', 'num_play_dom', 'mv_play_int', 'num_play_int', 'int_perc')",0.935938923
"('mv_usd', 'elo_rating', 'bmi', 'mv_play_dom', 'num_play_dom', 'mv_play_int', 'num_play_int', 'dom_perc', 'int_perc')",0.935938923
"('mv_usd', 'elo_rating', 'bmi', 'mv_play_dom', 'num_play_dom', 'mv_play_int', 'num_play_int')",0.935923229
"('mv_usd', 'life_exp', 'qol', 'mv_play_dom', 'mv_play_int', 'dom_perc')",0.935918677
"('mv_usd', 'life_exp', 'qol', 'mv_play_dom', 'mv_play_int', 'int_perc')",0.935918677
"('mv_usd', 'life_exp', 'qol', 'mv_play_dom', 'mv_play_int', 'dom_perc', 'int_perc')",0.935918677
"('mv_usd', 'life_exp', 'qol', 'mv_play_dom', 'num_play_int', 'dom_int_mv_ratio')",0.935906541
"('mv_usd', 'life_exp', 'mv_play_dom', 'num_play_int', 'dom_int_mv_ratio')",0.935902538
"('mv_usd', 'elo_rating', 'bmi', 'qol', 'mv_play_dom', 'num_play_dom', 'mv_play_int', 'dom_perc')",0.935876832
"('mv_usd', 'elo_rating', 'bmi', 'qol', 'mv_play_dom', 'num_play_dom', 'mv_play_int', 'int_perc')",0.935876832
"('mv_usd', 'elo_rating', 'bmi', 'qol', 'mv_play_dom', 'num_play_dom', 'mv_play_int', 'dom_perc', 'int_perc')",0.935876832
"('mv_usd', 'bmi', 'life_exp', 'mv_play_dom', 'num_play_dom', 'mv_play_int', 'num_play_int', 'dom_perc')",0.935875136
"('mv_usd', 'bmi', 'life_exp', 'mv_play_dom', 'num_play_dom', 'mv_play_int', 'num_play_int', 'int_perc')",0.935875136
"('mv_usd', 'bmi', 'life_exp', 'mv_play_dom', 'num_play_dom', 'mv_play_int', 'num_play_int', 'dom_perc', 'int_perc')",0.935875136
"('mv_usd', 'bmi', 'life_exp', 'mv_play_dom', 'mv_play_int', 'num_play_int', 'dom_perc')",0.935875131
"('mv_usd', 'bmi', 'life_exp', 'mv_play_dom', 'mv_play_int', 'num_play_int', 'int_perc')",0.935875131
"('mv_usd', 'bmi', 'life_exp', 'mv_play_dom', 'mv_play_int', 'num_play_int', 'dom_perc', 'int_perc')",0.935875131
"('mv_usd', 'life_exp', 'mv_play_dom', 'num_play_dom', 'mv_play_int', 'num_play_int', 'dom_perc')",0.935805272
"('mv_usd', 'life_exp', 'mv_play_dom', 'num_play_dom', 'mv_play_int', 'num_play_int', 'int_perc')",0.935805272
"('mv_usd', 'life_exp', 'mv_play_dom', 'num_play_dom', 'mv_play_int', 'num_play_int', 'dom_perc', 'int_perc')",0.935805272
"('mv_usd', 'life_exp', 'mv_play_dom', 'mv_play_int', 'num_play_int', 'dom_perc')",0.935804763
"('mv_usd', 'life_exp', 'mv_play_dom', 'mv_play_int', 'num_play_int', 'int_perc')",0.935804763
"('mv_usd', 'life_exp', 'mv_play_dom', 'mv_play_int', 'num_play_int', 'dom_perc', 'int_perc')",0.935804763
"('mv_usd', 'bmi', 'life_exp', 'mv_play_dom', 'num_play_dom', 'mv_play_int', 'dom_perc')",0.935775229
"('mv_usd', 'bmi', 'life_exp', 'mv_play_dom', 'num_play_dom', 'mv_play_int', 'int_perc')",0.935775229
"('mv_usd', 'bmi', 'life_exp', 'mv_play_dom', 'num_play_dom', 'mv_play_int', 'dom_perc', 'int_perc')",0.935775229
"('mv_usd', 'elo_rating', 'bmi', 'mv_play_dom', 'num_play_dom', 'mv_play_int', 'dom_perc')",0.935766563
"('mv_usd', 'elo_rating', 'bmi', 'mv_play_dom', 'num_play_dom', 'mv_play_int', 'int_perc')",0.935766563
"('mv_usd', 'elo_rating', 'bmi', 'mv_play_dom', 'num_play_dom', 'mv_play_int', 'dom_perc', 'int_perc')",0.935766563
"('mv_usd', 'elo_rating', 'bmi', 'life_exp', 'mv_play_dom', 'mv_play_int', 'dom_perc')",0.935759136
"('mv_usd', 'elo_rating', 'bmi', 'life_exp', 'mv_play_dom', 'mv_play_int', 'int_perc')",0.935759136
"('mv_usd', 'elo_rating', 'bmi', 'life_exp', 'mv_play_dom', 'mv_play_int', 'dom_perc', 'int_perc')",0.935759136
"('mv_usd', 'qol', 'mv_play_dom', 'num_play_int', 'dom_int_mv_ratio')",0.935744926
"('mv_usd', 'life_exp', 'qol', 'mv_play_dom', 'dom_int_mv_ratio')",0.935727162
"('mv_usd', 'life_exp', 'mv_play_dom', 'num_play_dom', 'mv_play_int', 'dom_perc')",0.935700283
"('mv_usd', 'life_exp', 'mv_play_dom', 'num_play_dom', 'mv_play_int', 'int_perc')",0.935700283
"('mv_usd', 'life_exp', 'mv_play_dom', 'num_play_dom', 'mv_play_int', 'dom_perc', 'int_perc')",0.935700283
"('mv_usd', 'life_exp', 'mv_play_dom', 'dom_int_mv_ratio')",0.935685872
"('mv_usd', 'mv_play_dom', 'num_play_int', 'dom_int_mv_ratio')",0.935658079
"('mv_usd', 'bmi', 'life_exp', 'mv_play_dom', 'num_play_dom', 'mv_play_int', 'num_play_int')",0.935650606
"('mv_usd', 'elo_rating', 'bmi', 'qol', 'mv_play_dom', 'num_play_dom', 'mv_play_int')",0.935647261
"('mv_usd', 'elo_rating', 'bmi', 'qol', 'mv_play_dom', 'mv_play_int', 'num_play_int', 'dom_perc')",0.93564384
"('mv_usd', 'elo_rating', 'bmi', 'qol', 'mv_play_dom', 'mv_play_int', 'num_play_int', 'int_perc')",0.93564384
"('mv_usd', 'elo_rating', 'bmi', 'qol', 'mv_play_dom', 'mv_play_int', 'num_play_int', 'dom_perc', 'int_perc')",0.93564384
"('mv_usd', 'elo_rating', 'life_exp', 'qol', 'mv_play_dom', 'mv_play_int', 'num_play_int')",0.935612342
"('mv_usd', 'elo_rating', 'bmi', 'mv_play_dom', 'mv_play_int', 'num_play_int', 'dom_perc')",0.935607618
"('mv_usd', 'elo_rating', 'bmi', 'mv_play_dom', 'mv_play_int', 'num_play_int', 'int_perc')",0.935607618
"('mv_usd', 'elo_rating', 'bmi', 'mv_play_dom', 'mv_play_int', 'num_play_int', 'dom_perc', 'int_perc')",0.935607618
"('mv_usd', 'elo_rating', 'bmi', 'mv_play_dom', 'num_play_dom', 'mv_play_int')",0.935598248
"('mv_usd', 'bmi', 'life_exp', 'mv_play_dom', 'num_play_dom', 'mv_play_int')",0.935592089
"('mv_usd', 'life_exp', 'mv_play_dom', 'num_play_dom', 'mv_play_int', 'num_play_int')",0.935564811
"('mv_usd', 'elo_rating', 'life_exp', 'mv_play_dom', 'mv_play_int', 'dom_perc')",0.935516683
"('mv_usd', 'elo_rating', 'life_exp', 'mv_play_dom', 'mv_play_int', 'int_perc')",0.935516683
"('mv_usd', 'elo_rating', 'life_exp', 'mv_play_dom', 'mv_play_int', 'dom_perc', 'int_perc')",0.935516683
"('mv_usd', 'life_exp', 'mv_play_dom', 'num_play_dom', 'mv_play_int')",0.935498391
"('mv_usd', 'qol', 'mv_play_dom', 'dom_int_mv_ratio')",0.935432408
"('mv_usd', 'mv_play_dom', 'dom_int_mv_ratio')",0.9353899
"('mv_usd', 'bmi', 'life_exp', 'mv_play_dom', 'mv_play_int', 'dom_perc')",0.935382242
"('mv_usd', 'bmi', 'life_exp', 'mv_play_dom', 'mv_play_int', 'int_perc')",0.935382242
"('mv_usd', 'bmi', 'life_exp', 'mv_play_dom', 'mv_play_int', 'dom_perc', 'int_perc')",0.935382242
"('mv_usd', 'elo_rating', 'qol', 'mv_play_dom', 'num_play_dom', 'mv_play_int', 'num_play_int', 'dom_perc')",0.935257483
"('mv_usd', 'elo_rating', 'qol', 'mv_play_dom', 'num_play_dom', 'mv_play_int', 'num_play_int', 'int_perc')",0.935257483
"('mv_usd', 'elo_rating', 'qol', 'mv_play_dom', 'num_play_dom', 'mv_play_int', 'num_play_int', 'dom_perc', 'int_perc')",0.935257483
"('mv_usd', 'elo_rating', 'qol', 'mv_play_dom', 'num_play_dom', 'mv_play_int', 'num_play_int')",0.935257267
"('mv_usd', 'elo_rating', 'bmi', 'life_exp', 'mv_play_dom', 'mv_play_int', 'num_play_int')",0.935203702
"('mv_usd', 'elo_rating', 'qol', 'mv_play_dom', 'num_play_dom', 'mv_play_int', 'dom_perc')",0.935201577
"('mv_usd', 'elo_rating', 'qol', 'mv_play_dom', 'num_play_dom', 'mv_play_int', 'int_perc')",0.935201577
"('mv_usd', 'elo_rating', 'qol', 'mv_play_dom', 'num_play_dom', 'mv_play_int', 'dom_perc', 'int_perc')",0.935201577
"('mv_usd', 'elo_rating', 'mv_play_dom', 'num_play_dom', 'mv_play_int', 'num_play_int', 'dom_perc')",0.935196941
"('mv_usd', 'elo_rating', 'mv_play_dom', 'num_play_dom', 'mv_play_int', 'num_play_int', 'int_perc')",0.935196941
"('mv_usd', 'elo_rating', 'mv_play_dom', 'num_play_dom', 'mv_play_int', 'num_play_int', 'dom_perc', 'int_perc')",0.935196941
"('mv_usd', 'elo_rating', 'mv_play_dom', 'num_play_dom', 'mv_play_int', 'num_play_int')",0.935191214
"('mv_usd', 'life_exp', 'mv_play_dom', 'mv_play_int', 'dom_perc')",0.935172464
"('mv_usd', 'life_exp', 'mv_play_dom', 'mv_play_int', 'int_perc')",0.935172464
"('mv_usd', 'life_exp', 'mv_play_dom', 'mv_play_int', 'dom_perc', 'int_perc')",0.935172464
"('mv_usd', 'elo_rating', 'mv_play_dom', 'num_play_dom', 'mv_play_int', 'dom_perc')",0.93515574
"('mv_usd', 'elo_rating', 'mv_play_dom', 'num_play_dom', 'mv_play_int', 'int_perc')",0.93515574
"('mv_usd', 'elo_rating', 'mv_play_dom', 'num_play_dom', 'mv_play_int', 'dom_perc', 'int_perc')",0.93515574
"('num_play_dom', 'mv_play_int', 'num_play_int', 'dom_int_mv_ratio', 'dom_perc')",0.935073338
"('num_play_dom', 'mv_play_int', 'num_play_int', 'dom_int_mv_ratio', 'int_perc')",0.935073338
"('num_play_dom', 'mv_play_int', 'num_play_int', 'dom_int_mv_ratio', 'dom_perc', 'int_perc')",0.935073338
"('mv_usd', 'elo_rating', 'qol', 'mv_play_dom', 'num_play_dom', 'mv_play_int')",0.935056899
"('mv_usd', 'elo_rating', 'mv_play_dom', 'num_play_dom', 'mv_play_int')",0.934964914
"('mv_usd', 'elo_rating', 'qol', 'mv_play_dom', 'mv_play_int', 'num_play_int', 'dom_perc')",0.934934045
"('mv_usd', 'elo_rating', 'qol', 'mv_play_dom', 'mv_play_int', 'num_play_int', 'int_perc')",0.934934045
"('mv_usd', 'elo_rating', 'qol', 'mv_play_dom', 'mv_play_int', 'num_play_int', 'dom_perc', 'int_perc')",0.934934045
"('mv_usd', 'elo_rating', 'mv_play_dom', 'mv_play_int', 'num_play_int', 'dom_perc')",0.934779639
"('mv_usd', 'elo_rating', 'mv_play_dom', 'mv_play_int', 'num_play_int', 'int_perc')",0.934779639
"('mv_usd', 'elo_rating', 'mv_play_dom', 'mv_play_int', 'num_play_int', 'dom_perc', 'int_perc')",0.934779639
"('mv_usd', 'elo_rating', 'bmi', 'life_exp', 'qol', 'mv_play_dom', 'mv_play_int')",0.93466388
"('mv_usd', 'bmi', 'life_exp', 'qol', 'mv_play_dom', 'mv_play_int', 'num_play_int')",0.934657015
"('mv_usd', 'elo_rating', 'life_exp', 'mv_play_dom', 'mv_play_int', 'num_play_int')",0.934391949
"('mv_usd', 'elo_rating', 'bmi', 'life_exp', 'mv_play_dom', 'mv_play_int')",0.934375291
"('mv_usd', 'bmi', 'life_exp', 'qol', 'mv_play_dom', 'mv_play_int')",0.934348896
"('mv_usd', 'life_exp', 'qol', 'mv_play_dom', 'mv_play_int', 'num_play_int')",0.934191629
"('mv_usd', 'elo_rating', 'life_exp', 'qol', 'mv_play_dom', 'mv_play_int')",0.93390555
"('mv_usd', 'bmi', 'life_exp', 'mv_play_dom', 'mv_play_int', 'num_play_int')",0.933905466
"('mv_usd', 'bmi', 'qol', 'mv_play_dom', 'num_play_dom', 'mv_play_int', 'num_play_int', 'dom_perc')",0.933869186
"('mv_usd', 'bmi', 'qol', 'mv_play_dom', 'num_play_dom', 'mv_play_int', 'num_play_int', 'int_perc')",0.933869186
"('mv_usd', 'bmi', 'qol', 'mv_play_dom', 'num_play_dom', 'mv_play_int', 'num_play_int', 'dom_perc', 'int_perc')",0.933869186
"('mv_usd', 'bmi', 'qol', 'mv_play_dom', 'num_play_dom', 'mv_play_int', 'dom_perc')",0.933865088
"('mv_usd', 'bmi', 'qol', 'mv_play_dom', 'num_play_dom', 'mv_play_int', 'int_perc')",0.933865088
"('mv_usd', 'bmi', 'qol', 'mv_play_dom', 'num_play_dom', 'mv_play_int', 'dom_perc', 'int_perc')",0.933865088
"('mv_usd', 'bmi', 'qol', 'mv_play_dom', 'num_play_dom', 'mv_play_int', 'num_play_int')",0.933859997
"('mv_usd', 'bmi', 'life_exp', 'mv_play_dom', 'mv_play_int')",0.933854775
"('mv_usd', 'bmi', 'mv_play_dom', 'num_play_dom', 'mv_play_int', 'num_play_int', 'dom_perc')",0.933807064
"('mv_usd', 'bmi', 'mv_play_dom', 'num_play_dom', 'mv_play_int', 'num_play_int', 'int_perc')",0.933807064
"('mv_usd', 'bmi', 'mv_play_dom', 'num_play_dom', 'mv_play_int', 'num_play_int', 'dom_perc', 'int_perc')",0.933807064
"('mv_usd', 'bmi', 'mv_play_dom', 'num_play_dom', 'mv_play_int', 'dom_perc')",0.933803164
"('mv_usd', 'bmi', 'mv_play_dom', 'num_play_dom', 'mv_play_int', 'int_perc')",0.933803164
"('mv_usd', 'bmi', 'mv_play_dom', 'num_play_dom', 'mv_play_int', 'dom_perc', 'int_perc')",0.933803164
"('mv_usd', 'bmi', 'mv_play_dom', 'num_play_dom', 'mv_play_int', 'num_play_int')",0.933790691
"('mv_usd', 'bmi', 'qol', 'mv_play_dom', 'num_play_dom', 'mv_play_int')",0.933760839
"('mv_usd', 'life_exp', 'qol', 'mv_play_dom', 'mv_play_int')",0.933666356
"('mv_usd', 'bmi', 'mv_play_dom', 'num_play_dom', 'mv_play_int')",0.933644209
"('mv_usd', 'bmi', 'qol', 'mv_play_dom', 'mv_play_int', 'num_play_int', 'dom_perc')",0.933606532
"('mv_usd', 'bmi', 'qol', 'mv_play_dom', 'mv_play_int', 'num_play_int', 'int_perc')",0.933606532
"('mv_usd', 'bmi', 'qol', 'mv_play_dom', 'mv_play_int', 'num_play_int', 'dom_perc', 'int_perc')",0.933606532
"('mv_usd', 'bmi', 'mv_play_dom', 'mv_play_int', 'num_play_int', 'dom_perc')",0.933588993
"('mv_usd', 'bmi', 'mv_play_dom', 'mv_play_int', 'num_play_int', 'int_perc')",0.933588993
"('mv_usd', 'bmi', 'mv_play_dom', 'mv_play_int', 'num_play_int', 'dom_perc', 'int_perc')",0.933588993
"('num_play_dom', 'mv_play_int', 'num_play_int', 'dom_perc')",0.933509201
"('num_play_dom', 'mv_play_int', 'num_play_int', 'int_perc')",0.933509201
"('num_play_dom', 'mv_play_int', 'num_play_int', 'dom_perc', 'int_perc')",0.933509201
"('mv_usd', 'qol', 'mv_play_dom', 'num_play_dom', 'mv_play_int', 'num_play_int', 'dom_perc')",0.933457252
"('mv_usd', 'qol', 'mv_play_dom', 'num_play_dom', 'mv_play_int', 'num_play_int', 'int_perc')",0.933457252
"('mv_usd', 'qol', 'mv_play_dom', 'num_play_dom', 'mv_play_int', 'num_play_int', 'dom_perc', 'int_perc')",0.933457252
"('mv_usd', 'qol', 'mv_play_dom', 'num_play_dom', 'mv_play_int', 'num_play_int')",0.933456663
"('mv_usd', 'elo_rating', 'bmi', 'qol', 'mv_play_dom', 'mv_play_int', 'dom_perc')",0.933436132
"('mv_usd', 'elo_rating', 'bmi', 'qol', 'mv_play_dom', 'mv_play_int', 'int_perc')",0.933436132
"('mv_usd', 'elo_rating', 'bmi', 'qol', 'mv_play_dom', 'mv_play_int', 'dom_perc', 'int_perc')",0.933436132
"('mv_usd', 'mv_play_dom', 'num_play_dom', 'mv_play_int', 'num_play_int', 'dom_perc')",0.933428641
"('mv_usd', 'mv_play_dom', 'num_play_dom', 'mv_play_int', 'num_play_int', 'int_perc')",0.933428641
"('mv_usd', 'mv_play_dom', 'num_play_dom', 'mv_play_int', 'num_play_int', 'dom_perc', 'int_perc')",0.933428641
"('mv_usd', 'mv_play_dom', 'num_play_dom', 'mv_play_int', 'num_play_int')",0.933428352
"('mv_usd', 'qol', 'mv_play_dom', 'num_play_dom', 'mv_play_int', 'dom_perc')",0.933427404
"('mv_usd', 'qol', 'mv_play_dom', 'num_play_dom', 'mv_play_int', 'int_perc')",0.933427404
"('mv_usd', 'qol', 'mv_play_dom', 'num_play_dom', 'mv_play_int', 'dom_perc', 'int_perc')",0.933427404
"('mv_usd', 'elo_rating', 'qol', 'mv_play_dom', 'mv_play_int', 'dom_perc')",0.933395625
"('mv_usd', 'elo_rating', 'qol', 'mv_play_dom', 'mv_play_int', 'int_perc')",0.933395625
"('mv_usd', 'elo_rating', 'qol', 'mv_play_dom', 'mv_play_int', 'dom_perc', 'int_perc')",0.933395625
"('mv_usd', 'mv_play_dom', 'num_play_dom', 'mv_play_int', 'dom_perc')",0.933389765
"('mv_usd', 'mv_play_dom', 'num_play_dom', 'mv_play_int', 'int_perc')",0.933389765
"('mv_usd', 'mv_play_dom', 'num_play_dom', 'mv_play_int', 'dom_perc', 'int_perc')",0.933389765
"('mv_usd', 'elo_rating', 'bmi', 'mv_play_dom', 'mv_play_int', 'dom_perc')",0.933330727
"('mv_usd', 'elo_rating', 'bmi', 'mv_play_dom', 'mv_play_int', 'int_perc')",0.933330727
"('mv_usd', 'elo_rating', 'bmi', 'mv_play_dom', 'mv_play_int', 'dom_perc', 'int_perc')",0.933330727
"('mv_usd', 'elo_rating', 'life_exp', 'mv_play_dom', 'mv_play_int')",0.933309096
"('mv_usd', 'qol', 'mv_play_dom', 'num_play_dom', 'mv_play_int')",0.933288473
"('mv_usd', 'mv_play_dom', 'num_play_dom', 'mv_play_int')",0.933278546
"('mv_usd', 'qol', 'mv_play_dom', 'mv_play_int', 'num_play_int', 'dom_perc')",0.933236171
"('mv_usd', 'qol', 'mv_play_dom', 'mv_play_int', 'num_play_int', 'int_perc')",0.933236171
"('mv_usd', 'qol', 'mv_play_dom', 'mv_play_int', 'num_play_int', 'dom_perc', 'int_perc')",0.933236171
"('mv_usd', 'mv_play_dom', 'mv_play_int', 'num_play_int', 'dom_perc')",0.933150575
"('mv_usd', 'mv_play_dom', 'mv_play_int', 'num_play_int', 'int_perc')",0.933150575
"('mv_usd', 'mv_play_dom', 'mv_play_int', 'num_play_int', 'dom_perc', 'int_perc')",0.933150575
"('mv_usd', 'elo_rating', 'mv_play_dom', 'mv_play_int', 'dom_perc')",0.933134525
"('mv_usd', 'elo_rating', 'mv_play_dom', 'mv_play_int', 'int_perc')",0.933134525
"('mv_usd', 'elo_rating', 'mv_play_dom', 'mv_play_int', 'dom_perc', 'int_perc')",0.933134525
"('mv_usd', 'bmi', 'qol', 'mv_play_dom', 'mv_play_int', 'dom_perc')",0.933046949
"('mv_usd', 'bmi', 'qol', 'mv_play_dom', 'mv_play_int', 'int_perc')",0.933046949
"('mv_usd', 'bmi', 'qol', 'mv_play_dom', 'mv_play_int', 'dom_perc', 'int_perc')",0.933046949
"('mv_usd', 'bmi', 'mv_play_dom', 'mv_play_int', 'dom_perc')",0.933013807
"('mv_usd', 'bmi', 'mv_play_dom', 'mv_play_int', 'int_perc')",0.933013807
"('mv_usd', 'bmi', 'mv_play_dom', 'mv_play_int', 'dom_perc', 'int_perc')",0.933013807
"('num_play_dom', 'num_play_int', 'dom_int_mv_ratio', 'dom_perc')",0.932968606
"('num_play_dom', 'num_play_int', 'dom_int_mv_ratio', 'int_perc')",0.932968606
"('num_play_dom', 'num_play_int', 'dom_int_mv_ratio', 'dom_perc', 'int_perc')",0.932968606
"('mv_usd', 'qol', 'mv_play_dom', 'mv_play_int', 'dom_perc')",0.932951837
"('mv_usd', 'qol', 'mv_play_dom', 'mv_play_int', 'int_perc')",0.932951837
"('mv_usd', 'qol', 'mv_play_dom', 'mv_play_int', 'dom_perc', 'int_perc')",0.932951837
"('mv_usd', 'life_exp', 'mv_play_dom', 'mv_play_int', 'num_play_int')",0.932942358
"('mv_usd', 'life_exp', 'mv_play_dom', 'mv_play_int')",0.932824249
"('mv_usd', 'mv_play_dom', 'mv_play_int', 'dom_perc')",0.932793049
"('mv_usd', 'mv_play_dom', 'mv_play_int', 'int_perc')",0.932793049
"('mv_usd', 'mv_play_dom', 'mv_play_int', 'dom_perc', 'int_perc')",0.932793049
"('num_play_dom', 'num_play_int', 'dom_perc')",0.93276904
"('num_play_dom', 'num_play_int', 'int_perc')",0.93276904
"('num_play_dom', 'num_play_int', 'dom_perc', 'int_perc')",0.93276904
"('mv_usd', 'elo_rating', 'bmi', 'qol', 'mv_play_dom', 'mv_play_int', 'num_play_int')",0.932110374
"('mv_usd', 'elo_rating', 'qol', 'mv_play_dom', 'mv_play_int', 'num_play_int')",0.932090297
"('mv_usd', 'elo_rating', 'bmi', 'mv_play_dom', 'mv_play_int', 'num_play_int')",0.931988945
"('mv_usd', 'elo_rating', 'mv_play_dom', 'mv_play_int', 'num_play_int')",0.931985182
"('mv_usd', 'elo_rating', 'bmi', 'qol', 'mv_play_dom', 'mv_play_int')",0.931580484
"('mv_usd', 'elo_rating', 'qol', 'mv_play_dom', 'mv_play_int')",0.931448555
"('mv_usd', 'elo_rating', 'bmi', 'mv_play_dom', 'mv_play_int')",0.931285939
"('mv_usd', 'elo_rating', 'mv_play_dom', 'mv_play_int')",0.931276994
"('mv_usd', 'bmi', 'qol', 'mv_play_dom', 'mv_play_int', 'num_play_int')",0.930961002
"('mv_usd', 'bmi', 'qol', 'mv_play_dom', 'mv_play_int')",0.930955329
"('mv_usd', 'qol', 'mv_play_dom', 'mv_play_int', 'num_play_int')",0.930908966
"('mv_usd', 'qol', 'mv_play_dom', 'mv_play_int')",0.930886226
"('mv_usd', 'bmi', 'mv_play_dom', 'mv_play_int', 'num_play_int')",0.930851454
"('mv_usd', 'mv_play_dom', 'mv_play_int', 'num_play_int')",0.930848656
"('mv_usd', 'bmi', 'mv_play_dom', 'mv_play_int')",0.930813935
"('mv_usd', 'mv_play_dom', 'mv_play_int')",0.930807009
"('mv_usd', 'elo_rating', 'bmi', 'life_exp', 'qol', 'mv_play_dom', 'num_play_dom', 'num_play_int', 'dom_perc')",0.930715488
"('mv_usd', 'elo_rating', 'bmi', 'life_exp', 'qol', 'mv_play_dom', 'num_play_dom', 'num_play_int', 'int_perc')",0.930715488
"('mv_usd', 'elo_rating', 'bmi', 'life_exp', 'qol', 'mv_play_dom', 'num_play_dom', 'num_play_int', 'dom_perc', 'int_perc')",0.930715488
"('mv_usd', 'bmi', 'life_exp', 'qol', 'mv_play_dom', 'num_play_dom', 'num_play_int', 'dom_perc')",0.930688601
"('mv_usd', 'bmi', 'life_exp', 'qol', 'mv_play_dom', 'num_play_dom', 'num_play_int', 'int_perc')",0.930688601
"('mv_usd', 'bmi', 'life_exp', 'qol', 'mv_play_dom', 'num_play_dom', 'num_play_int', 'dom_perc', 'int_perc')",0.930688601
"('mv_usd', 'elo_rating', 'life_exp', 'qol', 'mv_play_dom', 'num_play_dom', 'num_play_int', 'dom_perc')",0.930601768
"('mv_usd', 'elo_rating', 'life_exp', 'qol', 'mv_play_dom', 'num_play_dom', 'num_play_int', 'int_perc')",0.930601768
"('mv_usd', 'elo_rating', 'life_exp', 'qol', 'mv_play_dom', 'num_play_dom', 'num_play_int', 'dom_perc', 'int_perc')",0.930601768
"('mv_usd', 'life_exp', 'qol', 'mv_play_dom', 'num_play_dom', 'num_play_int', 'dom_perc')",0.930550811
"('mv_usd', 'life_exp', 'qol', 'mv_play_dom', 'num_play_dom', 'num_play_int', 'int_perc')",0.930550811
"('mv_usd', 'life_exp', 'qol', 'mv_play_dom', 'num_play_dom', 'num_play_int', 'dom_perc', 'int_perc')",0.930550811
"('mv_usd', 'elo_rating', 'bmi', 'life_exp', 'qol', 'mv_play_dom', 'num_play_int', 'dom_perc')",0.930182876
"('mv_usd', 'elo_rating', 'bmi', 'life_exp', 'qol', 'mv_play_dom', 'num_play_int', 'int_perc')",0.930182876
"('mv_usd', 'elo_rating', 'bmi', 'life_exp', 'qol', 'mv_play_dom', 'num_play_int', 'dom_perc', 'int_perc')",0.930182876
"('mv_usd', 'bmi', 'life_exp', 'qol', 'mv_play_dom', 'num_play_int', 'dom_perc')",0.930122739
"('mv_usd', 'bmi', 'life_exp', 'qol', 'mv_play_dom', 'num_play_int', 'int_perc')",0.930122739
"('mv_usd', 'bmi', 'life_exp', 'qol', 'mv_play_dom', 'num_play_int', 'dom_perc', 'int_perc')",0.930122739
"('mv_usd', 'elo_rating', 'life_exp', 'qol', 'mv_play_dom', 'num_play_int', 'dom_perc')",0.930001296
"('mv_usd', 'elo_rating', 'life_exp', 'qol', 'mv_play_dom', 'num_play_int', 'int_perc')",0.930001296
"('mv_usd', 'elo_rating', 'life_exp', 'qol', 'mv_play_dom', 'num_play_int', 'dom_perc', 'int_perc')",0.930001296
"('mv_usd', 'elo_rating', 'bmi', 'life_exp', 'mv_play_dom', 'num_play_dom', 'num_play_int', 'dom_perc')",0.92998152
"('mv_usd', 'elo_rating', 'bmi', 'life_exp', 'mv_play_dom', 'num_play_dom', 'num_play_int', 'int_perc')",0.92998152
"('mv_usd', 'elo_rating', 'bmi', 'life_exp', 'mv_play_dom', 'num_play_dom', 'num_play_int', 'dom_perc', 'int_perc')",0.92998152
"('mv_usd', 'elo_rating', 'life_exp', 'mv_play_dom', 'num_play_dom', 'num_play_int', 'dom_perc')",0.929981124
"('mv_usd', 'elo_rating', 'life_exp', 'mv_play_dom', 'num_play_dom', 'num_play_int', 'int_perc')",0.929981124
"('mv_usd', 'elo_rating', 'life_exp', 'mv_play_dom', 'num_play_dom', 'num_play_int', 'dom_perc', 'int_perc')",0.929981124
"('mv_usd', 'bmi', 'life_exp', 'mv_play_dom', 'num_play_dom', 'num_play_int', 'dom_perc')",0.929962533
"('mv_usd', 'bmi', 'life_exp', 'mv_play_dom', 'num_play_dom', 'num_play_int', 'int_perc')",0.929962533
"('mv_usd', 'bmi', 'life_exp', 'mv_play_dom', 'num_play_dom', 'num_play_int', 'dom_perc', 'int_perc')",0.929962533
"('mv_usd', 'life_exp', 'mv_play_dom', 'num_play_dom', 'num_play_int', 'dom_perc')",0.929960206
"('mv_usd', 'life_exp', 'mv_play_dom', 'num_play_dom', 'num_play_int', 'int_perc')",0.929960206
"('mv_usd', 'life_exp', 'mv_play_dom', 'num_play_dom', 'num_play_int', 'dom_perc', 'int_perc')",0.929960206
"('mv_usd', 'life_exp', 'qol', 'mv_play_dom', 'num_play_int', 'dom_perc')",0.929891455
"('mv_usd', 'life_exp', 'qol', 'mv_play_dom', 'num_play_int', 'int_perc')",0.929891455
"('mv_usd', 'life_exp', 'qol', 'mv_play_dom', 'num_play_int', 'dom_perc', 'int_perc')",0.929891455
"('mv_usd', 'elo_rating', 'bmi', 'life_exp', 'qol', 'mv_play_dom', 'num_play_dom', 'dom_perc')",0.929595542
"('mv_usd', 'elo_rating', 'bmi', 'life_exp', 'qol', 'mv_play_dom', 'num_play_dom', 'int_perc')",0.929595542
"('mv_usd', 'elo_rating', 'bmi', 'life_exp', 'qol', 'mv_play_dom', 'num_play_dom', 'dom_perc', 'int_perc')",0.929595542
"('mv_usd', 'elo_rating', 'life_exp', 'qol', 'mv_play_dom', 'num_play_dom', 'dom_perc')",0.929557098
"('mv_usd', 'elo_rating', 'life_exp', 'qol', 'mv_play_dom', 'num_play_dom', 'int_perc')",0.929557098
"('mv_usd', 'elo_rating', 'life_exp', 'qol', 'mv_play_dom', 'num_play_dom', 'dom_perc', 'int_perc')",0.929557098
"('mv_usd', 'elo_rating', 'bmi', 'life_exp', 'qol', 'mv_play_dom', 'dom_perc')",0.929530772
"('mv_usd', 'elo_rating', 'bmi', 'life_exp', 'qol', 'mv_play_dom', 'int_perc')",0.929530772
"('mv_usd', 'elo_rating', 'bmi', 'life_exp', 'qol', 'mv_play_dom', 'dom_perc', 'int_perc')",0.929530772
"('mv_usd', 'elo_rating', 'life_exp', 'qol', 'mv_play_dom', 'dom_perc')",0.929520648
"('mv_usd', 'elo_rating', 'life_exp', 'qol', 'mv_play_dom', 'int_perc')",0.929520648
"('mv_usd', 'elo_rating', 'life_exp', 'qol', 'mv_play_dom', 'dom_perc', 'int_perc')",0.929520648
"('mv_usd', 'elo_rating', 'bmi', 'life_exp', 'mv_play_dom', 'num_play_int', 'dom_perc')",0.929409354
"('mv_usd', 'elo_rating', 'bmi', 'life_exp', 'mv_play_dom', 'num_play_int', 'int_perc')",0.929409354
"('mv_usd', 'elo_rating', 'bmi', 'life_exp', 'mv_play_dom', 'num_play_int', 'dom_perc', 'int_perc')",0.929409354
"('mv_usd', 'elo_rating', 'life_exp', 'mv_play_dom', 'num_play_int', 'dom_perc')",0.929397842
"('mv_usd', 'elo_rating', 'life_exp', 'mv_play_dom', 'num_play_int', 'int_perc')",0.929397842
"('mv_usd', 'elo_rating', 'life_exp', 'mv_play_dom', 'num_play_int', 'dom_perc', 'int_perc')",0.929397842
"('mv_usd', 'bmi', 'life_exp', 'mv_play_dom', 'num_play_int', 'dom_perc')",0.929360443
"('mv_usd', 'bmi', 'life_exp', 'mv_play_dom', 'num_play_int', 'int_perc')",0.929360443
"('mv_usd', 'bmi', 'life_exp', 'mv_play_dom', 'num_play_int', 'dom_perc', 'int_perc')",0.929360443
"('mv_usd', 'life_exp', 'mv_play_dom', 'num_play_int', 'dom_perc')",0.929335395
"('mv_usd', 'life_exp', 'mv_play_dom', 'num_play_int', 'int_perc')",0.929335395
"('mv_usd', 'life_exp', 'mv_play_dom', 'num_play_int', 'dom_perc', 'int_perc')",0.929335395
"('mv_usd', 'bmi', 'life_exp', 'qol', 'mv_play_dom', 'num_play_dom', 'dom_perc')",0.929182445
"('mv_usd', 'bmi', 'life_exp', 'qol', 'mv_play_dom', 'num_play_dom', 'int_perc')",0.929182445
"('mv_usd', 'bmi', 'life_exp', 'qol', 'mv_play_dom', 'num_play_dom', 'dom_perc', 'int_perc')",0.929182445
"('mv_usd', 'elo_rating', 'bmi', 'life_exp', 'mv_play_dom', 'num_play_dom', 'dom_perc')",0.929136224
"('mv_usd', 'elo_rating', 'bmi', 'life_exp', 'mv_play_dom', 'num_play_dom', 'int_perc')",0.929136224
"('mv_usd', 'elo_rating', 'bmi', 'life_exp', 'mv_play_dom', 'num_play_dom', 'dom_perc', 'int_perc')",0.929136224
"('mv_usd', 'elo_rating', 'bmi', 'life_exp', 'mv_play_dom', 'dom_perc')",0.929134756
"('mv_usd', 'elo_rating', 'bmi', 'life_exp', 'mv_play_dom', 'int_perc')",0.929134756
"('mv_usd', 'elo_rating', 'bmi', 'life_exp', 'mv_play_dom', 'dom_perc', 'int_perc')",0.929134756
"('mv_usd', 'elo_rating', 'life_exp', 'mv_play_dom', 'num_play_dom', 'dom_perc')",0.929133823
"('mv_usd', 'elo_rating', 'life_exp', 'mv_play_dom', 'num_play_dom', 'int_perc')",0.929133823
"('mv_usd', 'elo_rating', 'life_exp', 'mv_play_dom', 'num_play_dom', 'dom_perc', 'int_perc')",0.929133823
"('mv_usd', 'elo_rating', 'life_exp', 'mv_play_dom', 'dom_perc')",0.929130463
"('mv_usd', 'elo_rating', 'life_exp', 'mv_play_dom', 'int_perc')",0.929130463
"('mv_usd', 'elo_rating', 'life_exp', 'mv_play_dom', 'dom_perc', 'int_perc')",0.929130463
"('mv_usd', 'life_exp', 'qol', 'mv_play_dom', 'num_play_dom', 'dom_perc')",0.929102539
"('mv_usd', 'life_exp', 'qol', 'mv_play_dom', 'num_play_dom', 'int_perc')",0.929102539
"('mv_usd', 'life_exp', 'qol', 'mv_play_dom', 'num_play_dom', 'dom_perc', 'int_perc')",0.929102539
"('mv_usd', 'bmi', 'life_exp', 'qol', 'mv_play_dom', 'dom_perc')",0.928837671
"('mv_usd', 'bmi', 'life_exp', 'qol', 'mv_play_dom', 'int_perc')",0.928837671
"('mv_usd', 'bmi', 'life_exp', 'qol', 'mv_play_dom', 'dom_perc', 'int_perc')",0.928837671
"('mv_usd', 'life_exp', 'qol', 'mv_play_dom', 'dom_perc')",0.928834613
"('mv_usd', 'life_exp', 'qol', 'mv_play_dom', 'int_perc')",0.928834613
"('mv_usd', 'life_exp', 'qol', 'mv_play_dom', 'dom_perc', 'int_perc')",0.928834613
"('mv_usd', 'bmi', 'life_exp', 'mv_play_dom', 'num_play_dom', 'dom_perc')",0.928812239
"('mv_usd', 'bmi', 'life_exp', 'mv_play_dom', 'num_play_dom', 'int_perc')",0.928812239
"('mv_usd', 'bmi', 'life_exp', 'mv_play_dom', 'num_play_dom', 'dom_perc', 'int_perc')",0.928812239
"('mv_usd', 'life_exp', 'mv_play_dom', 'num_play_dom', 'dom_perc')",0.928808962
"('mv_usd', 'life_exp', 'mv_play_dom', 'num_play_dom', 'int_perc')",0.928808962
"('mv_usd', 'life_exp', 'mv_play_dom', 'num_play_dom', 'dom_perc', 'int_perc')",0.928808962
"('mv_usd', 'bmi', 'life_exp', 'mv_play_dom', 'dom_perc')",0.928676344
"('mv_usd', 'bmi', 'life_exp', 'mv_play_dom', 'int_perc')",0.928676344
"('mv_usd', 'bmi', 'life_exp', 'mv_play_dom', 'dom_perc', 'int_perc')",0.928676344
"('mv_usd', 'life_exp', 'mv_play_dom', 'dom_perc')",0.928673924
"('mv_usd', 'life_exp', 'mv_play_dom', 'int_perc')",0.928673924
"('mv_usd', 'life_exp', 'mv_play_dom', 'dom_perc', 'int_perc')",0.928673924
"('mv_usd', 'elo_rating', 'bmi', 'life_exp', 'qol', 'mv_play_dom', 'num_play_dom', 'num_play_int')",0.927392617
"('mv_usd', 'elo_rating', 'life_exp', 'qol', 'mv_play_dom', 'num_play_dom', 'num_play_int')",0.927356572
"('mv_usd', 'elo_rating', 'bmi', 'qol', 'mv_play_dom', 'num_play_dom', 'num_play_int', 'dom_perc')",0.927228026
"('mv_usd', 'elo_rating', 'bmi', 'qol', 'mv_play_dom', 'num_play_dom', 'num_play_int', 'int_perc')",0.927228026
"('mv_usd', 'elo_rating', 'bmi', 'qol', 'mv_play_dom', 'num_play_dom', 'num_play_int', 'dom_perc', 'int_perc')",0.927228026
"('mv_usd', 'bmi', 'qol', 'mv_play_dom', 'num_play_dom', 'num_play_int', 'dom_perc')",0.927188531
"('mv_usd', 'bmi', 'qol', 'mv_play_dom', 'num_play_dom', 'num_play_int', 'int_perc')",0.927188531
"('mv_usd', 'bmi', 'qol', 'mv_play_dom', 'num_play_dom', 'num_play_int', 'dom_perc', 'int_perc')",0.927188531
"('mv_usd', 'elo_rating', 'bmi', 'mv_play_dom', 'num_play_dom', 'num_play_int', 'dom_perc')",0.927186331
"('mv_usd', 'elo_rating', 'bmi', 'mv_play_dom', 'num_play_dom', 'num_play_int', 'int_perc')",0.927186331
"('mv_usd', 'elo_rating', 'bmi', 'mv_play_dom', 'num_play_dom', 'num_play_int', 'dom_perc', 'int_perc')",0.927186331
"('mv_usd', 'bmi', 'mv_play_dom', 'num_play_dom', 'num_play_int', 'dom_perc')",0.92714266
"('mv_usd', 'bmi', 'mv_play_dom', 'num_play_dom', 'num_play_int', 'int_perc')",0.92714266
"('mv_usd', 'bmi', 'mv_play_dom', 'num_play_dom', 'num_play_int', 'dom_perc', 'int_perc')",0.92714266
"('mv_usd', 'elo_rating', 'bmi', 'qol', 'mv_play_dom', 'num_play_int', 'dom_perc')",0.927135839
"('mv_usd', 'elo_rating', 'bmi', 'qol', 'mv_play_dom', 'num_play_int', 'int_perc')",0.927135839
"('mv_usd', 'elo_rating', 'bmi', 'qol', 'mv_play_dom', 'num_play_int', 'dom_perc', 'int_perc')",0.927135839
"('mv_usd', 'elo_rating', 'bmi', 'mv_play_dom', 'num_play_int', 'dom_perc')",0.927114014
"('mv_usd', 'elo_rating', 'bmi', 'mv_play_dom', 'num_play_int', 'int_perc')",0.927114014
"('mv_usd', 'elo_rating', 'bmi', 'mv_play_dom', 'num_play_int', 'dom_perc', 'int_perc')",0.927114014
"('mv_usd', 'bmi', 'qol', 'mv_play_dom', 'num_play_int', 'dom_perc')",0.927081607
"('mv_usd', 'bmi', 'qol', 'mv_play_dom', 'num_play_int', 'int_perc')",0.927081607
"('mv_usd', 'bmi', 'qol', 'mv_play_dom', 'num_play_int', 'dom_perc', 'int_perc')",0.927081607
"('mv_usd', 'bmi', 'mv_play_dom', 'num_play_int', 'dom_perc')",0.927057752
"('mv_usd', 'bmi', 'mv_play_dom', 'num_play_int', 'int_perc')",0.927057752
"('mv_usd', 'bmi', 'mv_play_dom', 'num_play_int', 'dom_perc', 'int_perc')",0.927057752
"('mv_usd', 'elo_rating', 'bmi', 'qol', 'mv_play_dom', 'num_play_dom', 'dom_perc')",0.926949107
"('mv_usd', 'elo_rating', 'bmi', 'qol', 'mv_play_dom', 'num_play_dom', 'int_perc')",0.926949107
"('mv_usd', 'elo_rating', 'bmi', 'qol', 'mv_play_dom', 'num_play_dom', 'dom_perc', 'int_perc')",0.926949107
"('mv_usd', 'elo_rating', 'bmi', 'mv_play_dom', 'num_play_dom', 'dom_perc')",0.926902845
"('mv_usd', 'elo_rating', 'bmi', 'mv_play_dom', 'num_play_dom', 'int_perc')",0.926902845
"('mv_usd', 'elo_rating', 'bmi', 'mv_play_dom', 'num_play_dom', 'dom_perc', 'int_perc')",0.926902845
"('mv_usd', 'elo_rating', 'bmi', 'qol', 'mv_play_dom', 'dom_perc')",0.926901621
"('mv_usd', 'elo_rating', 'bmi', 'qol', 'mv_play_dom', 'int_perc')",0.926901621
"('mv_usd', 'elo_rating', 'bmi', 'qol', 'mv_play_dom', 'dom_perc', 'int_perc')",0.926901621
"('mv_usd', 'bmi', 'life_exp', 'qol', 'mv_play_dom', 'num_play_dom', 'num_play_int')",0.926893864
"('mv_usd', 'elo_rating', 'bmi', 'life_exp', 'mv_play_dom', 'num_play_dom', 'num_play_int')",0.926893603
"('mv_usd', 'elo_rating', 'life_exp', 'mv_play_dom', 'num_play_dom', 'num_play_int')",0.926887945
"('mv_usd', 'elo_rating', 'bmi', 'mv_play_dom', 'dom_perc')",0.926801371
"('mv_usd', 'elo_rating', 'bmi', 'mv_play_dom', 'dom_perc', 'int_perc')",0.926801371
"('mv_usd', 'elo_rating', 'bmi', 'mv_play_dom', 'int_perc')",0.926801371
"('mv_usd', 'life_exp', 'qol', 'mv_play_dom', 'num_play_dom', 'num_play_int')",0.926801119
"('mv_usd', 'bmi', 'qol', 'mv_play_dom', 'num_play_dom', 'dom_perc')",0.926738467
"('mv_usd', 'bmi', 'qol', 'mv_play_dom', 'num_play_dom', 'int_perc')",0.926738467
"('mv_usd', 'bmi', 'qol', 'mv_play_dom', 'num_play_dom', 'dom_perc', 'int_perc')",0.926738467
"('mv_usd', 'bmi', 'mv_play_dom', 'num_play_dom', 'dom_perc')",0.926678659
"('mv_usd', 'bmi', 'mv_play_dom', 'num_play_dom', 'int_perc')",0.926678659
"('mv_usd', 'bmi', 'mv_play_dom', 'num_play_dom', 'dom_perc', 'int_perc')",0.926678659
"('mv_usd', 'elo_rating', 'qol', 'mv_play_dom', 'num_play_dom', 'num_play_int', 'dom_perc')",0.926653438
"('mv_usd', 'elo_rating', 'qol', 'mv_play_dom', 'num_play_dom', 'num_play_int', 'int_perc')",0.926653438
"('mv_usd', 'elo_rating', 'qol', 'mv_play_dom', 'num_play_dom', 'num_play_int', 'dom_perc', 'int_perc')",0.926653438
"('mv_usd', 'qol', 'mv_play_dom', 'num_play_dom', 'num_play_int', 'dom_perc')",0.926536552
"('mv_usd', 'qol', 'mv_play_dom', 'num_play_dom', 'num_play_int', 'int_perc')",0.926536552
"('mv_usd', 'qol', 'mv_play_dom', 'num_play_dom', 'num_play_int', 'dom_perc', 'int_perc')",0.926536552
"('mv_usd', 'elo_rating', 'qol', 'mv_play_dom', 'num_play_int', 'dom_perc')",0.926524955
"('mv_usd', 'elo_rating', 'qol', 'mv_play_dom', 'num_play_int', 'int_perc')",0.926524955
"('mv_usd', 'elo_rating', 'qol', 'mv_play_dom', 'num_play_int', 'dom_perc', 'int_perc')",0.926524955
"('mv_usd', 'bmi', 'qol', 'mv_play_dom', 'dom_perc')",0.926523593
"('mv_usd', 'bmi', 'qol', 'mv_play_dom', 'int_perc')",0.926523593
"('mv_usd', 'bmi', 'qol', 'mv_play_dom', 'dom_perc', 'int_perc')",0.926523593
"('mv_usd', 'elo_rating', 'qol', 'mv_play_dom', 'num_play_dom', 'dom_perc')",0.926512853
"('mv_usd', 'elo_rating', 'qol', 'mv_play_dom', 'num_play_dom', 'int_perc')",0.926512853
"('mv_usd', 'elo_rating', 'qol', 'mv_play_dom', 'num_play_dom', 'dom_perc', 'int_perc')",0.926512853
"('mv_usd', 'elo_rating', 'qol', 'mv_play_dom', 'dom_perc')",0.926507254
"('mv_usd', 'elo_rating', 'qol', 'mv_play_dom', 'int_perc')",0.926507254
"('mv_usd', 'elo_rating', 'qol', 'mv_play_dom', 'dom_perc', 'int_perc')",0.926507254
"('mv_usd', 'bmi', 'life_exp', 'mv_play_dom', 'num_play_dom', 'num_play_int')",0.926448427
"('mv_usd', 'life_exp', 'mv_play_dom', 'num_play_dom', 'num_play_int')",0.92644555
"('mv_usd', 'qol', 'mv_play_dom', 'num_play_int', 'dom_perc')",0.926373618
"('mv_usd', 'qol', 'mv_play_dom', 'num_play_int', 'int_perc')",0.926373618
"('mv_usd', 'qol', 'mv_play_dom', 'num_play_int', 'dom_perc', 'int_perc')",0.926373618
"('mv_usd', 'bmi', 'mv_play_dom', 'dom_perc')",0.926276352
"('mv_usd', 'bmi', 'mv_play_dom', 'int_perc')",0.926276352
"('mv_usd', 'bmi', 'mv_play_dom', 'dom_perc', 'int_perc')",0.926276352
"('mv_usd', 'qol', 'mv_play_dom', 'num_play_dom', 'dom_perc')",0.926231043
"('mv_usd', 'qol', 'mv_play_dom', 'num_play_dom', 'int_perc')",0.926231043
"('mv_usd', 'qol', 'mv_play_dom', 'num_play_dom', 'dom_perc', 'int_perc')",0.926231043
"('mv_usd', 'qol', 'mv_play_dom', 'dom_perc')",0.926201129
"('mv_usd', 'qol', 'mv_play_dom', 'int_perc')",0.926201129
"('mv_usd', 'qol', 'mv_play_dom', 'dom_perc', 'int_perc')",0.926201129
"('mv_usd', 'elo_rating', 'mv_play_dom', 'num_play_dom', 'num_play_int', 'dom_perc')",0.925969635
"('mv_usd', 'elo_rating', 'mv_play_dom', 'num_play_dom', 'num_play_int', 'int_perc')",0.925969635
"('mv_usd', 'elo_rating', 'mv_play_dom', 'num_play_dom', 'num_play_int', 'dom_perc', 'int_perc')",0.925969635
"('mv_usd', 'elo_rating', 'mv_play_dom', 'num_play_int', 'dom_perc')",0.925928061
"('mv_usd', 'elo_rating', 'mv_play_dom', 'num_play_int', 'int_perc')",0.925928061
"('mv_usd', 'elo_rating', 'mv_play_dom', 'num_play_int', 'dom_perc', 'int_perc')",0.925928061
"('mv_usd', 'elo_rating', 'mv_play_dom', 'num_play_dom', 'dom_perc')",0.925900429
"('mv_usd', 'elo_rating', 'mv_play_dom', 'num_play_dom', 'int_perc')",0.925900429
"('mv_usd', 'elo_rating', 'mv_play_dom', 'num_play_dom', 'dom_perc', 'int_perc')",0.925900429
"('mv_usd', 'elo_rating', 'mv_play_dom', 'dom_perc')",0.925899096
"('mv_usd', 'elo_rating', 'mv_play_dom', 'int_perc')",0.925899096
"('mv_usd', 'elo_rating', 'mv_play_dom', 'dom_perc', 'int_perc')",0.925899096
"('mv_usd', 'mv_play_dom', 'num_play_dom', 'num_play_int', 'dom_perc')",0.925700307
"('mv_usd', 'mv_play_dom', 'num_play_dom', 'num_play_int', 'int_perc')",0.925700307
"('mv_usd', 'mv_play_dom', 'num_play_dom', 'num_play_int', 'dom_perc', 'int_perc')",0.925700307
"('mv_usd', 'mv_play_dom', 'num_play_int', 'dom_perc')",0.925637514
"('mv_usd', 'mv_play_dom', 'num_play_int', 'int_perc')",0.925637514
"('mv_usd', 'mv_play_dom', 'num_play_int', 'dom_perc', 'int_perc')",0.925637514
"('mv_usd', 'elo_rating', 'bmi', 'life_exp', 'qol', 'mv_play_dom', 'num_play_dom')",0.92559619
"('mv_usd', 'bmi', 'life_exp', 'qol', 'mv_play_dom', 'num_play_dom')",0.925534565
"('mv_usd', 'mv_play_dom', 'num_play_dom', 'dom_perc')",0.92545692
"('mv_usd', 'mv_play_dom', 'num_play_dom', 'int_perc')",0.92545692
"('mv_usd', 'mv_play_dom', 'num_play_dom', 'dom_perc', 'int_perc')",0.92545692
"('mv_usd', 'elo_rating', 'life_exp', 'qol', 'mv_play_dom', 'num_play_dom')",0.925447669
"('mv_usd', 'life_exp', 'qol', 'mv_play_dom', 'num_play_dom')",0.92536092
"('mv_usd', 'mv_play_dom', 'dom_perc')",0.925301613
"('mv_usd', 'mv_play_dom', 'int_perc')",0.925301613
"('mv_usd', 'mv_play_dom', 'dom_perc', 'int_perc')",0.925301613
"('mv_usd', 'elo_rating', 'bmi', 'qol', 'mv_play_dom', 'num_play_dom', 'num_play_int')",0.925205432
"('mv_usd', 'elo_rating', 'bmi', 'mv_play_dom', 'num_play_dom', 'num_play_int')",0.925190132
"('mv_usd', 'elo_rating', 'qol', 'mv_play_dom', 'num_play_dom', 'num_play_int')",0.924885661
"('mv_usd', 'bmi', 'qol', 'mv_play_dom', 'num_play_dom', 'num_play_int')",0.924807231
"('mv_usd', 'bmi', 'mv_play_dom', 'num_play_dom', 'num_play_int')",0.924786099
"('mv_usd', 'elo_rating', 'mv_play_dom', 'num_play_dom', 'num_play_int')",0.924525444
"('mv_usd', 'elo_rating', 'bmi', 'life_exp', 'mv_play_dom', 'num_play_dom')",0.924474428
"('mv_usd', 'elo_rating', 'life_exp', 'mv_play_dom', 'num_play_dom')",0.924474068
"('mv_usd', 'bmi', 'life_exp', 'mv_play_dom', 'num_play_dom')",0.924467362
"('mv_usd', 'life_exp', 'mv_play_dom', 'num_play_dom')",0.924466144
"('mv_usd', 'qol', 'mv_play_dom', 'num_play_dom', 'num_play_int')",0.924362191
"('mv_usd', 'mv_play_dom', 'num_play_dom', 'num_play_int')",0.923833433
"('mv_usd', 'elo_rating', 'bmi', 'qol', 'mv_play_dom', 'num_play_dom')",0.922424694
"('mv_usd', 'bmi', 'qol', 'mv_play_dom', 'num_play_dom')",0.922424552
"('mv_usd', 'elo_rating', 'bmi', 'mv_play_dom', 'num_play_dom')",0.922403675
"('mv_usd', 'bmi', 'mv_play_dom', 'num_play_dom')",0.922403666
"('mv_usd', 'elo_rating', 'qol', 'mv_play_dom', 'num_play_dom')",0.921579198
"('mv_usd', 'qol', 'mv_play_dom', 'num_play_dom')",0.92157154
"('mv_usd', 'elo_rating', 'mv_play_dom', 'num_play_dom')",0.921313117
"('mv_usd', 'mv_play_dom', 'num_play_dom')",0.921277164
"('mv_usd', 'elo_rating', 'bmi', 'life_exp', 'qol', 'mv_play_dom', 'num_play_int')",0.920198608
"('mv_usd', 'elo_rating', 'bmi', 'life_exp', 'mv_play_dom', 'num_play_int')",0.920186807
"('mv_usd', 'elo_rating', 'life_exp', 'qol', 'mv_play_dom', 'num_play_int')",0.918003868
"('mv_usd', 'elo_rating', 'life_exp', 'mv_play_dom', 'num_play_int')",0.917925755
"('mv_usd', 'elo_rating', 'bmi', 'qol', 'mv_play_dom', 'num_play_int')",0.917715638
"('mv_usd', 'elo_rating', 'bmi', 'life_exp', 'qol', 'mv_play_dom')",0.917678605
"('mv_usd', 'elo_rating', 'bmi', 'life_exp', 'mv_play_dom')",0.91761415
"('mv_usd', 'elo_rating', 'qol', 'mv_play_dom', 'num_play_int')",0.916498108
"('mv_usd', 'elo_rating', 'bmi', 'mv_play_dom', 'num_play_int')",0.916092395
"('mv_usd', 'elo_rating', 'life_exp', 'qol', 'mv_play_dom')",0.915960336
"('mv_usd', 'elo_rating', 'mv_play_dom', 'num_play_int')",0.915832982
"('mv_usd', 'bmi', 'life_exp', 'qol', 'mv_play_dom', 'num_play_int')",0.915748282
"('mv_usd', 'elo_rating', 'life_exp', 'mv_play_dom')",0.915620978
"('mv_usd', 'bmi', 'life_exp', 'mv_play_dom', 'num_play_int')",0.915396722
"('mv_usd', 'bmi', 'life_exp', 'qol', 'mv_play_dom')",0.914931723
"('mv_usd', 'bmi', 'life_exp', 'mv_play_dom')",0.914834992
"('mv_usd', 'elo_rating', 'bmi', 'qol', 'mv_play_dom')",0.913921938
"('mv_usd', 'bmi', 'qol', 'mv_play_dom', 'num_play_int')",0.913518892
"('mv_usd', 'elo_rating', 'qol', 'mv_play_dom')",0.91332594
"('mv_usd', 'elo_rating', 'bmi', 'mv_play_dom')",0.912872313
"('mv_usd', 'life_exp', 'qol', 'mv_play_dom', 'num_play_int')",0.912806975
"('mv_usd', 'elo_rating', 'mv_play_dom')",0.912791166
"('mv_usd', 'life_exp', 'mv_play_dom', 'num_play_int')",0.912771715
"('mv_usd', 'life_exp', 'qol', 'mv_play_dom')",0.912403121
"('mv_usd', 'life_exp', 'mv_play_dom')",0.912403075
"('mv_usd', 'bmi', 'qol', 'mv_play_dom')",0.911868082
"('mv_usd', 'qol', 'mv_play_dom', 'num_play_int')",0.911665351
"('mv_usd', 'qol', 'mv_play_dom')",0.910689546
"('mv_usd', 'bmi', 'mv_play_dom', 'num_play_int')",0.910152955
"('mv_usd', 'mv_play_dom', 'num_play_int')",0.909918209
"('mv_usd', 'bmi', 'mv_play_dom')",0.909418106
"('mv_usd', 'mv_play_dom')",0.909279175
"('elo_rating', 'bmi', 'life_exp', 'qol', 'mv_play_dom', 'num_play_dom', 'mv_play_int', 'num_play_int', 'dom_int_mv_ratio', 'dom_perc')",0.834888957
"('elo_rating', 'bmi', 'life_exp', 'qol', 'mv_play_dom', 'num_play_dom', 'mv_play_int', 'num_play_int', 'dom_int_mv_ratio', 'int_perc')",0.834888957
"('elo_rating', 'bmi', 'life_exp', 'qol', 'mv_play_dom', 'num_play_dom', 'mv_play_int', 'num_play_int', 'dom_int_mv_ratio', 'dom_perc', 'int_perc')",0.834888957
"('elo_rating', 'bmi', 'life_exp', 'qol', 'mv_play_dom', 'num_play_dom', 'mv_play_int', 'num_play_int', 'dom_int_mv_ratio')",0.834877222
"('elo_rating', 'bmi', 'life_exp', 'qol', 'mv_play_dom', 'mv_play_int', 'num_play_int', 'dom_int_mv_ratio', 'dom_perc')",0.834021308
"('elo_rating', 'bmi', 'life_exp', 'qol', 'mv_play_dom', 'mv_play_int', 'num_play_int', 'dom_int_mv_ratio', 'int_perc')",0.834021308
"('elo_rating', 'bmi', 'life_exp', 'qol', 'mv_play_dom', 'mv_play_int', 'num_play_int', 'dom_int_mv_ratio', 'dom_perc', 'int_perc')",0.834021308
"('elo_rating', 'bmi', 'qol', 'mv_play_dom', 'num_play_dom', 'mv_play_int', 'num_play_int', 'dom_int_mv_ratio', 'dom_perc')",0.833929341
"('elo_rating', 'bmi', 'qol', 'mv_play_dom', 'num_play_dom', 'mv_play_int', 'num_play_int', 'dom_int_mv_ratio', 'int_perc')",0.833929341
"('elo_rating', 'bmi', 'qol', 'mv_play_dom', 'num_play_dom', 'mv_play_int', 'num_play_int', 'dom_int_mv_ratio', 'dom_perc', 'int_perc')",0.833929341
"('elo_rating', 'bmi', 'qol', 'mv_play_dom', 'num_play_dom', 'mv_play_int', 'num_play_int', 'dom_int_mv_ratio')",0.833918263
"('elo_rating', 'bmi', 'life_exp', 'mv_play_dom', 'num_play_dom', 'mv_play_int', 'num_play_int', 'dom_int_mv_ratio', 'dom_perc')",0.833335886
"('elo_rating', 'bmi', 'life_exp', 'mv_play_dom', 'num_play_dom', 'mv_play_int', 'num_play_int', 'dom_int_mv_ratio', 'int_perc')",0.833335886
"('elo_rating', 'bmi', 'life_exp', 'mv_play_dom', 'num_play_dom', 'mv_play_int', 'num_play_int', 'dom_int_mv_ratio', 'dom_perc', 'int_perc')",0.833335886
"('elo_rating', 'bmi', 'life_exp', 'mv_play_dom', 'num_play_dom', 'mv_play_int', 'num_play_int', 'dom_int_mv_ratio')",0.833328477
"('elo_rating', 'bmi', 'mv_play_dom', 'num_play_dom', 'mv_play_int', 'num_play_int', 'dom_int_mv_ratio', 'dom_perc')",0.833214782
"('elo_rating', 'bmi', 'mv_play_dom', 'num_play_dom', 'mv_play_int', 'num_play_int', 'dom_int_mv_ratio', 'int_perc')",0.833214782
"('elo_rating', 'bmi', 'mv_play_dom', 'num_play_dom', 'mv_play_int', 'num_play_int', 'dom_int_mv_ratio', 'dom_perc', 'int_perc')",0.833214782
"('elo_rating', 'bmi', 'mv_play_dom', 'num_play_dom', 'mv_play_int', 'num_play_int', 'dom_int_mv_ratio')",0.833214782
"('elo_rating', 'bmi', 'life_exp', 'mv_play_dom', 'mv_play_int', 'num_play_int', 'dom_int_mv_ratio', 'dom_perc')",0.83261446
"('elo_rating', 'bmi', 'life_exp', 'mv_play_dom', 'mv_play_int', 'num_play_int', 'dom_int_mv_ratio', 'int_perc')",0.83261446
"('elo_rating', 'bmi', 'life_exp', 'mv_play_dom', 'mv_play_int', 'num_play_int', 'dom_int_mv_ratio', 'dom_perc', 'int_perc')",0.83261446
"('elo_rating', 'bmi', 'qol', 'mv_play_dom', 'mv_play_int', 'num_play_int', 'dom_int_mv_ratio', 'dom_perc')",0.832537386
"('elo_rating', 'bmi', 'qol', 'mv_play_dom', 'mv_play_int', 'num_play_int', 'dom_int_mv_ratio', 'int_perc')",0.832537386
"('elo_rating', 'bmi', 'qol', 'mv_play_dom', 'mv_play_int', 'num_play_int', 'dom_int_mv_ratio', 'dom_perc', 'int_perc')",0.832537386
"('elo_rating', 'bmi', 'mv_play_dom', 'mv_play_int', 'num_play_int', 'dom_int_mv_ratio', 'dom_perc')",0.83219607
"('elo_rating', 'bmi', 'mv_play_dom', 'mv_play_int', 'num_play_int', 'dom_int_mv_ratio', 'int_perc')",0.83219607
"('elo_rating', 'bmi', 'mv_play_dom', 'mv_play_int', 'num_play_int', 'dom_int_mv_ratio', 'dom_perc', 'int_perc')",0.83219607
"('elo_rating', 'life_exp', 'qol', 'mv_play_dom', 'num_play_dom', 'mv_play_int', 'num_play_int', 'dom_int_mv_ratio', 'dom_perc')",0.827632291
"('elo_rating', 'life_exp', 'qol', 'mv_play_dom', 'num_play_dom', 'mv_play_int', 'num_play_int', 'dom_int_mv_ratio', 'int_perc')",0.827632291
"('elo_rating', 'life_exp', 'qol', 'mv_play_dom', 'num_play_dom', 'mv_play_int', 'num_play_int', 'dom_int_mv_ratio', 'dom_perc', 'int_perc')",0.827632291
"('elo_rating', 'life_exp', 'qol', 'mv_play_dom', 'num_play_dom', 'mv_play_int', 'num_play_int', 'dom_int_mv_ratio')",0.827627724
"('elo_rating', 'life_exp', 'mv_play_dom', 'num_play_dom', 'mv_play_int', 'num_play_int', 'dom_int_mv_ratio', 'dom_perc')",0.82757215
"('elo_rating', 'life_exp', 'mv_play_dom', 'num_play_dom', 'mv_play_int', 'num_play_int', 'dom_int_mv_ratio', 'int_perc')",0.82757215
"('elo_rating', 'life_exp', 'mv_play_dom', 'num_play_dom', 'mv_play_int', 'num_play_int', 'dom_int_mv_ratio', 'dom_perc', 'int_perc')",0.82757215
"('elo_rating', 'life_exp', 'mv_play_dom', 'num_play_dom', 'mv_play_int', 'num_play_int', 'dom_int_mv_ratio')",0.827567825
"('elo_rating', 'life_exp', 'qol', 'mv_play_dom', 'mv_play_int', 'num_play_int', 'dom_int_mv_ratio', 'dom_perc')",0.827213393
"('elo_rating', 'life_exp', 'qol', 'mv_play_dom', 'mv_play_int', 'num_play_int', 'dom_int_mv_ratio', 'int_perc')",0.827213393
"('elo_rating', 'life_exp', 'qol', 'mv_play_dom', 'mv_play_int', 'num_play_int', 'dom_int_mv_ratio', 'dom_perc', 'int_perc')",0.827213393
"('elo_rating', 'life_exp', 'mv_play_dom', 'mv_play_int', 'num_play_int', 'dom_int_mv_ratio', 'dom_perc')",0.827162159
"('elo_rating', 'life_exp', 'mv_play_dom', 'mv_play_int', 'num_play_int', 'dom_int_mv_ratio', 'int_perc')",0.827162159
"('elo_rating', 'life_exp', 'mv_play_dom', 'mv_play_int', 'num_play_int', 'dom_int_mv_ratio', 'dom_perc', 'int_perc')",0.827162159
"('elo_rating', 'bmi', 'life_exp', 'qol', 'mv_play_dom', 'mv_play_int', 'num_play_int', 'dom_int_mv_ratio')",0.825936136
"('elo_rating', 'bmi', 'life_exp', 'mv_play_dom', 'mv_play_int', 'num_play_int', 'dom_int_mv_ratio')",0.825653497
"('elo_rating', 'qol', 'mv_play_dom', 'num_play_dom', 'mv_play_int', 'num_play_int', 'dom_int_mv_ratio', 'dom_perc')",0.825313708
"('elo_rating', 'qol', 'mv_play_dom', 'num_play_dom', 'mv_play_int', 'num_play_int', 'dom_int_mv_ratio', 'int_perc')",0.825313708
"('elo_rating', 'qol', 'mv_play_dom', 'num_play_dom', 'mv_play_int', 'num_play_int', 'dom_int_mv_ratio', 'dom_perc', 'int_perc')",0.825313708
"('elo_rating', 'qol', 'mv_play_dom', 'num_play_dom', 'mv_play_int', 'num_play_int', 'dom_int_mv_ratio')",0.82512543
"('elo_rating', 'bmi', 'qol', 'mv_play_dom', 'mv_play_int', 'num_play_int', 'dom_int_mv_ratio')",0.824574707
"('elo_rating', 'bmi', 'mv_play_dom', 'mv_play_int', 'num_play_int', 'dom_int_mv_ratio')",0.824532311
"('elo_rating', 'qol', 'mv_play_dom', 'mv_play_int', 'num_play_int', 'dom_int_mv_ratio', 'dom_perc')",0.824343548
"('elo_rating', 'qol', 'mv_play_dom', 'mv_play_int', 'num_play_int', 'dom_int_mv_ratio', 'int_perc')",0.824343548
"('elo_rating', 'qol', 'mv_play_dom', 'mv_play_int', 'num_play_int', 'dom_int_mv_ratio', 'dom_perc', 'int_perc')",0.824343548
"('elo_rating', 'mv_play_dom', 'num_play_dom', 'mv_play_int', 'num_play_int', 'dom_int_mv_ratio', 'dom_perc')",0.824085123
"('elo_rating', 'mv_play_dom', 'num_play_dom', 'mv_play_int', 'num_play_int', 'dom_int_mv_ratio', 'int_perc')",0.824085123
"('elo_rating', 'mv_play_dom', 'num_play_dom', 'mv_play_int', 'num_play_int', 'dom_int_mv_ratio', 'dom_perc', 'int_perc')",0.824085123
"('elo_rating', 'life_exp', 'qol', 'mv_play_dom', 'mv_play_int', 'num_play_int', 'dom_int_mv_ratio')",0.823937134
"('elo_rating', 'life_exp', 'mv_play_dom', 'mv_play_int', 'num_play_int', 'dom_int_mv_ratio')",0.823926354
"('elo_rating', 'mv_play_dom', 'num_play_dom', 'mv_play_int', 'num_play_int', 'dom_int_mv_ratio')",0.823569375
"('elo_rating', 'bmi', 'life_exp', 'qol', 'mv_play_dom', 'num_play_dom', 'mv_play_int', 'num_play_int', 'dom_perc')",0.822589801
"('elo_rating', 'bmi', 'life_exp', 'qol', 'mv_play_dom', 'num_play_dom', 'mv_play_int', 'num_play_int', 'int_perc')",0.822589801
"('elo_rating', 'bmi', 'life_exp', 'qol', 'mv_play_dom', 'num_play_dom', 'mv_play_int', 'num_play_int', 'dom_perc', 'int_perc')",0.822589801
"('elo_rating', 'bmi', 'life_exp', 'qol', 'mv_play_dom', 'num_play_dom', 'mv_play_int', 'num_play_int')",0.822586843
"('elo_rating', 'bmi', 'qol', 'mv_play_dom', 'num_play_dom', 'mv_play_int', 'num_play_int', 'dom_perc')",0.822487606
"('elo_rating', 'bmi', 'qol', 'mv_play_dom', 'num_play_dom', 'mv_play_int', 'num_play_int', 'int_perc')",0.822487606
"('elo_rating', 'bmi', 'qol', 'mv_play_dom', 'num_play_dom', 'mv_play_int', 'num_play_int', 'dom_perc', 'int_perc')",0.822487606
"('elo_rating', 'bmi', 'qol', 'mv_play_dom', 'num_play_dom', 'mv_play_int', 'num_play_int')",0.822472091
"('elo_rating', 'mv_play_dom', 'mv_play_int', 'num_play_int', 'dom_int_mv_ratio', 'dom_perc')",0.822412745
"('elo_rating', 'mv_play_dom', 'mv_play_int', 'num_play_int', 'dom_int_mv_ratio', 'int_perc')",0.822412745
"('elo_rating', 'mv_play_dom', 'mv_play_int', 'num_play_int', 'dom_int_mv_ratio', 'dom_perc', 'int_perc')",0.822412745
"('elo_rating', 'bmi', 'life_exp', 'mv_play_dom', 'num_play_dom', 'mv_play_int', 'num_play_int', 'dom_perc')",0.821871005
"('elo_rating', 'bmi', 'life_exp', 'mv_play_dom', 'num_play_dom', 'mv_play_int', 'num_play_int', 'int_perc')",0.821871005
"('elo_rating', 'bmi', 'life_exp', 'mv_play_dom', 'num_play_dom', 'mv_play_int', 'num_play_int', 'dom_perc', 'int_perc')",0.821871005
"('elo_rating', 'bmi', 'life_exp', 'mv_play_dom', 'num_play_dom', 'mv_play_int', 'num_play_int')",0.821866768
"('elo_rating', 'bmi', 'mv_play_dom', 'num_play_dom', 'mv_play_int', 'num_play_int', 'dom_perc')",0.821842132
"('elo_rating', 'bmi', 'mv_play_dom', 'num_play_dom', 'mv_play_int', 'num_play_int', 'int_perc')",0.821842132
"('elo_rating', 'bmi', 'mv_play_dom', 'num_play_dom', 'mv_play_int', 'num_play_int', 'dom_perc', 'int_perc')",0.821842132
"('elo_rating', 'bmi', 'mv_play_dom', 'num_play_dom', 'mv_play_int', 'num_play_int')",0.821841531
"('elo_rating', 'qol', 'mv_play_dom', 'mv_play_int', 'num_play_int', 'dom_int_mv_ratio')",0.821711498
"('elo_rating', 'bmi', 'life_exp', 'qol', 'mv_play_dom', 'mv_play_int', 'num_play_int', 'dom_perc')",0.821445669
"('elo_rating', 'bmi', 'life_exp', 'qol', 'mv_play_dom', 'mv_play_int', 'num_play_int', 'int_perc')",0.821445669
"('elo_rating', 'bmi', 'life_exp', 'qol', 'mv_play_dom', 'mv_play_int', 'num_play_int', 'dom_perc', 'int_perc')",0.821445669
"('elo_rating', 'bmi', 'qol', 'mv_play_dom', 'mv_play_int', 'num_play_int', 'dom_perc')",0.821122162
"('elo_rating', 'bmi', 'qol', 'mv_play_dom', 'mv_play_int', 'num_play_int', 'int_perc')",0.821122162
"('elo_rating', 'bmi', 'qol', 'mv_play_dom', 'mv_play_int', 'num_play_int', 'dom_perc', 'int_perc')",0.821122162
"('elo_rating', 'bmi', 'life_exp', 'mv_play_dom', 'mv_play_int', 'num_play_int', 'dom_perc')",0.8208492
"('elo_rating', 'bmi', 'life_exp', 'mv_play_dom', 'mv_play_int', 'num_play_int', 'int_perc')",0.8208492
"('elo_rating', 'bmi', 'life_exp', 'mv_play_dom', 'mv_play_int', 'num_play_int', 'dom_perc', 'int_perc')",0.8208492
"('elo_rating', 'bmi', 'mv_play_dom', 'mv_play_int', 'num_play_int', 'dom_perc')",0.82082637
"('elo_rating', 'bmi', 'mv_play_dom', 'mv_play_int', 'num_play_int', 'int_perc')",0.82082637
"('elo_rating', 'bmi', 'mv_play_dom', 'mv_play_int', 'num_play_int', 'dom_perc', 'int_perc')",0.82082637
"('elo_rating', 'mv_play_dom', 'mv_play_int', 'num_play_int', 'dom_int_mv_ratio')",0.819879255
"('elo_rating', 'life_exp', 'qol', 'mv_play_dom', 'num_play_dom', 'mv_play_int', 'num_play_int', 'dom_perc')",0.817519049
"('elo_rating', 'life_exp', 'qol', 'mv_play_dom', 'num_play_dom', 'mv_play_int', 'num_play_int', 'int_perc')",0.817519049
"('elo_rating', 'life_exp', 'qol', 'mv_play_dom', 'num_play_dom', 'mv_play_int', 'num_play_int', 'dom_perc', 'int_perc')",0.817519049
"('elo_rating', 'life_exp', 'mv_play_dom', 'num_play_dom', 'mv_play_int', 'num_play_int', 'dom_perc')",0.817518704
"('elo_rating', 'life_exp', 'mv_play_dom', 'num_play_dom', 'mv_play_int', 'num_play_int', 'int_perc')",0.817518704
"('elo_rating', 'life_exp', 'mv_play_dom', 'num_play_dom', 'mv_play_int', 'num_play_int', 'dom_perc', 'int_perc')",0.817518704
"('elo_rating', 'life_exp', 'qol', 'mv_play_dom', 'num_play_dom', 'mv_play_int', 'num_play_int')",0.817483246
"('elo_rating', 'life_exp', 'mv_play_dom', 'num_play_dom', 'mv_play_int', 'num_play_int')",0.817482968
"('elo_rating', 'life_exp', 'qol', 'mv_play_dom', 'mv_play_int', 'num_play_int', 'dom_perc')",0.816846365
"('elo_rating', 'life_exp', 'qol', 'mv_play_dom', 'mv_play_int', 'num_play_int', 'int_perc')",0.816846365
"('elo_rating', 'life_exp', 'qol', 'mv_play_dom', 'mv_play_int', 'num_play_int', 'dom_perc', 'int_perc')",0.816846365
"('elo_rating', 'life_exp', 'mv_play_dom', 'mv_play_int', 'num_play_int', 'dom_perc')",0.816846288
"('elo_rating', 'life_exp', 'mv_play_dom', 'mv_play_int', 'num_play_int', 'int_perc')",0.816846288
"('elo_rating', 'life_exp', 'mv_play_dom', 'mv_play_int', 'num_play_int', 'dom_perc', 'int_perc')",0.816846288
"('elo_rating', 'qol', 'mv_play_dom', 'num_play_dom', 'mv_play_int', 'num_play_int', 'dom_perc')",0.816812089
"('elo_rating', 'qol', 'mv_play_dom', 'num_play_dom', 'mv_play_int', 'num_play_int', 'int_perc')",0.816812089
"('elo_rating', 'qol', 'mv_play_dom', 'num_play_dom', 'mv_play_int', 'num_play_int', 'dom_perc', 'int_perc')",0.816812089
"('elo_rating', 'qol', 'mv_play_dom', 'num_play_dom', 'mv_play_int', 'num_play_int')",0.816657401
"('elo_rating', 'mv_play_dom', 'num_play_dom', 'mv_play_int', 'num_play_int', 'dom_perc')",0.816203816
"('elo_rating', 'mv_play_dom', 'num_play_dom', 'mv_play_int', 'num_play_int', 'int_perc')",0.816203816
"('elo_rating', 'mv_play_dom', 'num_play_dom', 'mv_play_int', 'num_play_int', 'dom_perc', 'int_perc')",0.816203816
"('elo_rating', 'mv_play_dom', 'num_play_dom', 'mv_play_int', 'num_play_int')",0.815845056
"('elo_rating', 'qol', 'mv_play_dom', 'mv_play_int', 'num_play_int', 'dom_perc')",0.815792376
"('elo_rating', 'qol', 'mv_play_dom', 'mv_play_int', 'num_play_int', 'int_perc')",0.815792376
"('elo_rating', 'qol', 'mv_play_dom', 'mv_play_int', 'num_play_int', 'dom_perc', 'int_perc')",0.815792376
"('elo_rating', 'mv_play_dom', 'mv_play_int', 'num_play_int', 'dom_perc')",0.81467314
"('elo_rating', 'mv_play_dom', 'mv_play_int', 'num_play_int', 'int_perc')",0.81467314
"('elo_rating', 'mv_play_dom', 'mv_play_int', 'num_play_int', 'dom_perc', 'int_perc')",0.81467314
"('elo_rating', 'bmi', 'life_exp', 'qol', 'mv_play_dom', 'mv_play_int', 'num_play_int')",0.8139074
"('elo_rating', 'bmi', 'life_exp', 'mv_play_dom', 'mv_play_int', 'num_play_int')",0.813889455
"('elo_rating', 'bmi', 'qol', 'mv_play_dom', 'mv_play_int', 'num_play_int')",0.813623695
"('elo_rating', 'bmi', 'mv_play_dom', 'mv_play_int', 'num_play_int')",0.81357385
"('elo_rating', 'life_exp', 'qol', 'mv_play_dom', 'mv_play_int', 'num_play_int')",0.813032917
"('elo_rating', 'life_exp', 'mv_play_dom', 'mv_play_int', 'num_play_int')",0.813010919
"('elo_rating', 'qol', 'mv_play_dom', 'mv_play_int', 'num_play_int')",0.812425362
"('elo_rating', 'bmi', 'life_exp', 'qol', 'mv_play_dom', 'num_play_dom', 'mv_play_int', 'dom_int_mv_ratio', 'dom_perc')",0.812172444
"('elo_rating', 'bmi', 'life_exp', 'qol', 'mv_play_dom', 'num_play_dom', 'mv_play_int', 'dom_int_mv_ratio', 'int_perc')",0.812172444
"('elo_rating', 'bmi', 'life_exp', 'qol', 'mv_play_dom', 'num_play_dom', 'mv_play_int', 'dom_int_mv_ratio', 'dom_perc', 'int_perc')",0.812172444
"('elo_rating', 'bmi', 'life_exp', 'mv_play_dom', 'num_play_dom', 'mv_play_int', 'dom_int_mv_ratio', 'dom_perc')",0.811975555
"('elo_rating', 'bmi', 'life_exp', 'mv_play_dom', 'num_play_dom', 'mv_play_int', 'dom_int_mv_ratio', 'int_perc')",0.811975555
"('elo_rating', 'bmi', 'life_exp', 'mv_play_dom', 'num_play_dom', 'mv_play_int', 'dom_int_mv_ratio', 'dom_perc', 'int_perc')",0.811975555
"('elo_rating', 'bmi', 'qol', 'mv_play_dom', 'num_play_dom', 'mv_play_int', 'dom_int_mv_ratio', 'dom_perc')",0.811870028
"('elo_rating', 'bmi', 'qol', 'mv_play_dom', 'num_play_dom', 'mv_play_int', 'dom_int_mv_ratio', 'int_perc')",0.811870028
"('elo_rating', 'bmi', 'qol', 'mv_play_dom', 'num_play_dom', 'mv_play_int', 'dom_int_mv_ratio', 'dom_perc', 'int_perc')",0.811870028
"('elo_rating', 'mv_play_dom', 'mv_play_int', 'num_play_int')",0.81142184
"('elo_rating', 'bmi', 'mv_play_dom', 'num_play_dom', 'mv_play_int', 'dom_int_mv_ratio', 'dom_perc')",0.811108037
"('elo_rating', 'bmi', 'mv_play_dom', 'num_play_dom', 'mv_play_int', 'dom_int_mv_ratio', 'int_perc')",0.811108037
"('elo_rating', 'bmi', 'mv_play_dom', 'num_play_dom', 'mv_play_int', 'dom_int_mv_ratio', 'dom_perc', 'int_perc')",0.811108037
"('elo_rating', 'life_exp', 'qol', 'mv_play_dom', 'num_play_dom', 'mv_play_int', 'dom_int_mv_ratio', 'dom_perc')",0.807155863
"('elo_rating', 'life_exp', 'qol', 'mv_play_dom', 'num_play_dom', 'mv_play_int', 'dom_int_mv_ratio', 'dom_perc', 'int_perc')",0.807155863
"('elo_rating', 'life_exp', 'qol', 'mv_play_dom', 'num_play_dom', 'mv_play_int', 'dom_int_mv_ratio', 'int_perc')",0.807155863
"('elo_rating', 'qol', 'mv_play_dom', 'num_play_dom', 'mv_play_int', 'dom_int_mv_ratio', 'dom_perc')",0.807155266
"('elo_rating', 'qol', 'mv_play_dom', 'num_play_dom', 'mv_play_int', 'dom_int_mv_ratio', 'int_perc')",0.807155266
"('elo_rating', 'qol', 'mv_play_dom', 'num_play_dom', 'mv_play_int', 'dom_int_mv_ratio', 'dom_perc', 'int_perc')",0.807155266
"('elo_rating', 'life_exp', 'mv_play_dom', 'num_play_dom', 'mv_play_int', 'dom_int_mv_ratio', 'dom_perc')",0.806986506
"('elo_rating', 'life_exp', 'mv_play_dom', 'num_play_dom', 'mv_play_int', 'dom_int_mv_ratio', 'int_perc')",0.806986506
"('elo_rating', 'life_exp', 'mv_play_dom', 'num_play_dom', 'mv_play_int', 'dom_int_mv_ratio', 'dom_perc', 'int_perc')",0.806986506
"('elo_rating', 'mv_play_dom', 'num_play_dom', 'mv_play_int', 'dom_int_mv_ratio', 'dom_perc')",0.806859695
"('elo_rating', 'mv_play_dom', 'num_play_dom', 'mv_play_int', 'dom_int_mv_ratio', 'int_perc')",0.806859695
"('elo_rating', 'mv_play_dom', 'num_play_dom', 'mv_play_int', 'dom_int_mv_ratio', 'dom_perc', 'int_perc')",0.806859695
"('mv_usd', 'elo_rating', 'bmi', 'life_exp', 'qol', 'num_play_dom', 'mv_play_int', 'num_play_int', 'dom_int_mv_ratio', 'dom_perc')",0.805699105
"('mv_usd', 'elo_rating', 'bmi', 'life_exp', 'qol', 'num_play_dom', 'mv_play_int', 'num_play_int', 'dom_int_mv_ratio', 'int_perc')",0.805699105
"('mv_usd', 'elo_rating', 'bmi', 'life_exp', 'qol', 'num_play_dom', 'mv_play_int', 'num_play_int', 'dom_int_mv_ratio', 'dom_perc', 'int_perc')",0.805699105
"('mv_usd', 'elo_rating', 'bmi', 'life_exp', 'num_play_dom', 'mv_play_int', 'num_play_int', 'dom_int_mv_ratio', 'dom_perc')",0.805677139
"('mv_usd', 'elo_rating', 'bmi', 'life_exp', 'num_play_dom', 'mv_play_int', 'num_play_int', 'dom_int_mv_ratio', 'int_perc')",0.805677139
"('mv_usd', 'elo_rating', 'bmi', 'life_exp', 'num_play_dom', 'mv_play_int', 'num_play_int', 'dom_int_mv_ratio', 'dom_perc', 'int_perc')",0.805677139
"('mv_usd', 'elo_rating', 'bmi', 'life_exp', 'qol', 'num_play_dom', 'num_play_int', 'dom_int_mv_ratio', 'dom_perc')",0.805643415
"('mv_usd', 'elo_rating', 'bmi', 'life_exp', 'qol', 'num_play_dom', 'num_play_int', 'dom_int_mv_ratio', 'int_perc')",0.805643415
"('mv_usd', 'elo_rating', 'bmi', 'life_exp', 'qol', 'num_play_dom', 'num_play_int', 'dom_int_mv_ratio', 'dom_perc', 'int_perc')",0.805643415
"('mv_usd', 'elo_rating', 'bmi', 'life_exp', 'num_play_dom', 'num_play_int', 'dom_int_mv_ratio', 'dom_perc')",0.805604319
"('mv_usd', 'elo_rating', 'bmi', 'life_exp', 'num_play_dom', 'num_play_int', 'dom_int_mv_ratio', 'int_perc')",0.805604319
"('mv_usd', 'elo_rating', 'bmi', 'life_exp', 'num_play_dom', 'num_play_int', 'dom_int_mv_ratio', 'dom_perc', 'int_perc')",0.805604319
"('mv_usd', 'elo_rating', 'bmi', 'qol', 'num_play_dom', 'mv_play_int', 'num_play_int', 'dom_int_mv_ratio', 'dom_perc')",0.805297668
"('mv_usd', 'elo_rating', 'bmi', 'qol', 'num_play_dom', 'mv_play_int', 'num_play_int', 'dom_int_mv_ratio', 'int_perc')",0.805297668
"('mv_usd', 'elo_rating', 'bmi', 'qol', 'num_play_dom', 'mv_play_int', 'num_play_int', 'dom_int_mv_ratio', 'dom_perc', 'int_perc')",0.805297668
"('mv_usd', 'elo_rating', 'bmi', 'qol', 'num_play_dom', 'num_play_int', 'dom_int_mv_ratio', 'dom_perc')",0.805266293
"('mv_usd', 'elo_rating', 'bmi', 'qol', 'num_play_dom', 'num_play_int', 'dom_int_mv_ratio', 'int_perc')",0.805266293
"('mv_usd', 'elo_rating', 'bmi', 'qol', 'num_play_dom', 'num_play_int', 'dom_int_mv_ratio', 'dom_perc', 'int_perc')",0.805266293
"('mv_usd', 'elo_rating', 'bmi', 'num_play_dom', 'mv_play_int', 'num_play_int', 'dom_int_mv_ratio', 'dom_perc')",0.804936844
"('mv_usd', 'elo_rating', 'bmi', 'num_play_dom', 'mv_play_int', 'num_play_int', 'dom_int_mv_ratio', 'int_perc')",0.804936844
"('mv_usd', 'elo_rating', 'bmi', 'num_play_dom', 'mv_play_int', 'num_play_int', 'dom_int_mv_ratio', 'dom_perc', 'int_perc')",0.804936844
"('mv_usd', 'elo_rating', 'bmi', 'num_play_dom', 'num_play_int', 'dom_int_mv_ratio', 'dom_perc')",0.804856143
"('mv_usd', 'elo_rating', 'bmi', 'num_play_dom', 'num_play_int', 'dom_int_mv_ratio', 'int_perc')",0.804856143
"('mv_usd', 'elo_rating', 'bmi', 'num_play_dom', 'num_play_int', 'dom_int_mv_ratio', 'dom_perc', 'int_perc')",0.804856143
"('elo_rating', 'bmi', 'life_exp', 'qol', 'mv_play_dom', 'num_play_dom', 'mv_play_int', 'dom_perc')",0.802709353
"('elo_rating', 'bmi', 'life_exp', 'qol', 'mv_play_dom', 'num_play_dom', 'mv_play_int', 'int_perc')",0.802709353
"('elo_rating', 'bmi', 'life_exp', 'qol', 'mv_play_dom', 'num_play_dom', 'mv_play_int', 'dom_perc', 'int_perc')",0.802709353
"('elo_rating', 'bmi', 'life_exp', 'mv_play_dom', 'num_play_dom', 'mv_play_int', 'dom_perc')",0.80269172
"('elo_rating', 'bmi', 'life_exp', 'mv_play_dom', 'num_play_dom', 'mv_play_int', 'int_perc')",0.80269172
"('elo_rating', 'bmi', 'life_exp', 'mv_play_dom', 'num_play_dom', 'mv_play_int', 'dom_perc', 'int_perc')",0.80269172
"('elo_rating', 'bmi', 'qol', 'mv_play_dom', 'num_play_dom', 'mv_play_int', 'dom_perc')",0.80152534
"('elo_rating', 'bmi', 'qol', 'mv_play_dom', 'num_play_dom', 'mv_play_int', 'int_perc')",0.80152534
"('elo_rating', 'bmi', 'qol', 'mv_play_dom', 'num_play_dom', 'mv_play_int', 'dom_perc', 'int_perc')",0.80152534
"('elo_rating', 'bmi', 'mv_play_dom', 'num_play_dom', 'mv_play_int', 'dom_perc')",0.800832479
"('elo_rating', 'bmi', 'mv_play_dom', 'num_play_dom', 'mv_play_int', 'int_perc')",0.800832479
"('elo_rating', 'bmi', 'mv_play_dom', 'num_play_dom', 'mv_play_int', 'dom_perc', 'int_perc')",0.800832479
"('mv_usd', 'elo_rating', 'bmi', 'life_exp', 'qol', 'mv_play_int', 'num_play_int', 'dom_int_mv_ratio', 'dom_perc')",0.800109067
"('mv_usd', 'elo_rating', 'bmi', 'life_exp', 'qol', 'mv_play_int', 'num_play_int', 'dom_int_mv_ratio', 'int_perc')",0.800109067
"('mv_usd', 'elo_rating', 'bmi', 'life_exp', 'qol', 'mv_play_int', 'num_play_int', 'dom_int_mv_ratio', 'dom_perc', 'int_perc')",0.800109067
"('mv_usd', 'elo_rating', 'bmi', 'life_exp', 'mv_play_int', 'num_play_int', 'dom_int_mv_ratio', 'dom_perc')",0.799975833
"('mv_usd', 'elo_rating', 'bmi', 'life_exp', 'mv_play_int', 'num_play_int', 'dom_int_mv_ratio', 'int_perc')",0.799975833
"('mv_usd', 'elo_rating', 'bmi', 'life_exp', 'mv_play_int', 'num_play_int', 'dom_int_mv_ratio', 'dom_perc', 'int_perc')",0.799975833
"('mv_usd', 'elo_rating', 'bmi', 'life_exp', 'qol', 'num_play_int', 'dom_int_mv_ratio', 'dom_perc')",0.799889516
"('mv_usd', 'elo_rating', 'bmi', 'life_exp', 'qol', 'num_play_int', 'dom_int_mv_ratio', 'int_perc')",0.799889516
"('mv_usd', 'elo_rating', 'bmi', 'life_exp', 'qol', 'num_play_int', 'dom_int_mv_ratio', 'dom_perc', 'int_perc')",0.799889516
"('mv_usd', 'elo_rating', 'bmi', 'life_exp', 'num_play_int', 'dom_int_mv_ratio', 'dom_perc')",0.799807082
"('mv_usd', 'elo_rating', 'bmi', 'life_exp', 'num_play_int', 'dom_int_mv_ratio', 'int_perc')",0.799807082
"('mv_usd', 'elo_rating', 'bmi', 'life_exp', 'num_play_int', 'dom_int_mv_ratio', 'dom_perc', 'int_perc')",0.799807082
"('elo_rating', 'life_exp', 'qol', 'mv_play_dom', 'num_play_dom', 'mv_play_int', 'dom_perc')",0.799198339
"('elo_rating', 'life_exp', 'qol', 'mv_play_dom', 'num_play_dom', 'mv_play_int', 'int_perc')",0.799198339
"('elo_rating', 'life_exp', 'qol', 'mv_play_dom', 'num_play_dom', 'mv_play_int', 'dom_perc', 'int_perc')",0.799198339
"('elo_rating', 'life_exp', 'mv_play_dom', 'num_play_dom', 'mv_play_int', 'dom_perc')",0.798858566
"('elo_rating', 'life_exp', 'mv_play_dom', 'num_play_dom', 'mv_play_int', 'int_perc')",0.798858566
"('elo_rating', 'life_exp', 'mv_play_dom', 'num_play_dom', 'mv_play_int', 'dom_perc', 'int_perc')",0.798858566
"('elo_rating', 'qol', 'mv_play_dom', 'num_play_dom', 'mv_play_int', 'dom_perc')",0.798814754
"('elo_rating', 'qol', 'mv_play_dom', 'num_play_dom', 'mv_play_int', 'int_perc')",0.798814754
"('elo_rating', 'qol', 'mv_play_dom', 'num_play_dom', 'mv_play_int', 'dom_perc', 'int_perc')",0.798814754
"('mv_usd', 'elo_rating', 'bmi', 'qol', 'mv_play_int', 'num_play_int', 'dom_int_mv_ratio', 'dom_perc')",0.798769839
"('mv_usd', 'elo_rating', 'bmi', 'qol', 'mv_play_int', 'num_play_int', 'dom_int_mv_ratio', 'int_perc')",0.798769839
"('mv_usd', 'elo_rating', 'bmi', 'qol', 'mv_play_int', 'num_play_int', 'dom_int_mv_ratio', 'dom_perc', 'int_perc')",0.798769839
"('elo_rating', 'mv_play_dom', 'num_play_dom', 'mv_play_int', 'dom_perc')",0.798768883
"('elo_rating', 'mv_play_dom', 'num_play_dom', 'mv_play_int', 'int_perc')",0.798768883
"('elo_rating', 'mv_play_dom', 'num_play_dom', 'mv_play_int', 'dom_perc', 'int_perc')",0.798768883
"('mv_usd', 'elo_rating', 'bmi', 'qol', 'num_play_int', 'dom_int_mv_ratio', 'dom_perc')",0.798321449
"('mv_usd', 'elo_rating', 'bmi', 'qol', 'num_play_int', 'dom_int_mv_ratio', 'int_perc')",0.798321449
"('mv_usd', 'elo_rating', 'bmi', 'qol', 'num_play_int', 'dom_int_mv_ratio', 'dom_perc', 'int_perc')",0.798321449
"('mv_usd', 'elo_rating', 'bmi', 'mv_play_int', 'num_play_int', 'dom_int_mv_ratio', 'dom_perc')",0.797088386
"('mv_usd', 'elo_rating', 'bmi', 'mv_play_int', 'num_play_int', 'dom_int_mv_ratio', 'int_perc')",0.797088386
"('mv_usd', 'elo_rating', 'bmi', 'mv_play_int', 'num_play_int', 'dom_int_mv_ratio', 'dom_perc', 'int_perc')",0.797088386
"('mv_usd', 'elo_rating', 'life_exp', 'qol', 'num_play_dom', 'mv_play_int', 'num_play_int', 'dom_int_mv_ratio', 'dom_perc')",0.797060244
"('mv_usd', 'elo_rating', 'life_exp', 'qol', 'num_play_dom', 'mv_play_int', 'num_play_int', 'dom_int_mv_ratio', 'int_perc')",0.797060244
"('mv_usd', 'elo_rating', 'life_exp', 'qol', 'num_play_dom', 'mv_play_int', 'num_play_int', 'dom_int_mv_ratio', 'dom_perc', 'int_perc')",0.797060244
"('mv_usd', 'elo_rating', 'qol', 'num_play_dom', 'mv_play_int', 'num_play_int', 'dom_int_mv_ratio', 'dom_perc')",0.797053983
"('mv_usd', 'elo_rating', 'qol', 'num_play_dom', 'mv_play_int', 'num_play_int', 'dom_int_mv_ratio', 'int_perc')",0.797053983
"('mv_usd', 'elo_rating', 'qol', 'num_play_dom', 'mv_play_int', 'num_play_int', 'dom_int_mv_ratio', 'dom_perc', 'int_perc')",0.797053983
"('mv_usd', 'elo_rating', 'life_exp', 'qol', 'num_play_dom', 'num_play_int', 'dom_int_mv_ratio', 'dom_perc')",0.796806628
"('mv_usd', 'elo_rating', 'life_exp', 'qol', 'num_play_dom', 'num_play_int', 'dom_int_mv_ratio', 'int_perc')",0.796806628
"('mv_usd', 'elo_rating', 'life_exp', 'qol', 'num_play_dom', 'num_play_int', 'dom_int_mv_ratio', 'dom_perc', 'int_perc')",0.796806628
"('mv_usd', 'elo_rating', 'qol', 'num_play_dom', 'num_play_int', 'dom_int_mv_ratio', 'dom_perc')",0.796806145
"('mv_usd', 'elo_rating', 'qol', 'num_play_dom', 'num_play_int', 'dom_int_mv_ratio', 'int_perc')",0.796806145
"('mv_usd', 'elo_rating', 'qol', 'num_play_dom', 'num_play_int', 'dom_int_mv_ratio', 'dom_perc', 'int_perc')",0.796806145
"('mv_usd', 'elo_rating', 'bmi', 'num_play_int', 'dom_int_mv_ratio', 'dom_perc')",0.796791205
"('mv_usd', 'elo_rating', 'bmi', 'num_play_int', 'dom_int_mv_ratio', 'int_perc')",0.796791205
"('mv_usd', 'elo_rating', 'bmi', 'num_play_int', 'dom_int_mv_ratio', 'dom_perc', 'int_perc')",0.796791205
"('mv_usd', 'elo_rating', 'life_exp', 'num_play_dom', 'mv_play_int', 'num_play_int', 'dom_int_mv_ratio', 'dom_perc')",0.795966978
"('mv_usd', 'elo_rating', 'life_exp', 'num_play_dom', 'mv_play_int', 'num_play_int', 'dom_int_mv_ratio', 'int_perc')",0.795966978
"('mv_usd', 'elo_rating', 'life_exp', 'num_play_dom', 'mv_play_int', 'num_play_int', 'dom_int_mv_ratio', 'dom_perc', 'int_perc')",0.795966978
"('mv_usd', 'elo_rating', 'life_exp', 'num_play_dom', 'num_play_int', 'dom_int_mv_ratio', 'dom_perc')",0.795859787
"('mv_usd', 'elo_rating', 'life_exp', 'num_play_dom', 'num_play_int', 'dom_int_mv_ratio', 'int_perc')",0.795859787
"('mv_usd', 'elo_rating', 'life_exp', 'num_play_dom', 'num_play_int', 'dom_int_mv_ratio', 'dom_perc', 'int_perc')",0.795859787
"('mv_usd', 'elo_rating', 'num_play_dom', 'mv_play_int', 'num_play_int', 'dom_int_mv_ratio', 'dom_perc')",0.795180613
"('mv_usd', 'elo_rating', 'num_play_dom', 'mv_play_int', 'num_play_int', 'dom_int_mv_ratio', 'int_perc')",0.795180613
"('mv_usd', 'elo_rating', 'num_play_dom', 'mv_play_int', 'num_play_int', 'dom_int_mv_ratio', 'dom_perc', 'int_perc')",0.795180613
"('mv_usd', 'elo_rating', 'num_play_dom', 'num_play_int', 'dom_int_mv_ratio', 'dom_perc')",0.79507806
"('mv_usd', 'elo_rating', 'num_play_dom', 'num_play_int', 'dom_int_mv_ratio', 'int_perc')",0.79507806
"('mv_usd', 'elo_rating', 'num_play_dom', 'num_play_int', 'dom_int_mv_ratio', 'dom_perc', 'int_perc')",0.79507806
"('mv_usd', 'elo_rating', 'bmi', 'life_exp', 'qol', 'num_play_dom', 'mv_play_int', 'dom_int_mv_ratio', 'dom_perc')",0.789107421
"('mv_usd', 'elo_rating', 'bmi', 'life_exp', 'qol', 'num_play_dom', 'mv_play_int', 'dom_int_mv_ratio', 'int_perc')",0.789107421
"('mv_usd', 'elo_rating', 'bmi', 'life_exp', 'qol', 'num_play_dom', 'mv_play_int', 'dom_int_mv_ratio', 'dom_perc', 'int_perc')",0.789107421
"('mv_usd', 'elo_rating', 'bmi', 'life_exp', 'qol', 'num_play_dom', 'dom_int_mv_ratio', 'dom_perc')",0.789028865
"('mv_usd', 'elo_rating', 'bmi', 'life_exp', 'qol', 'num_play_dom', 'dom_int_mv_ratio', 'int_perc')",0.789028865
"('mv_usd', 'elo_rating', 'bmi', 'life_exp', 'qol', 'num_play_dom', 'dom_int_mv_ratio', 'dom_perc', 'int_perc')",0.789028865
"('mv_usd', 'elo_rating', 'bmi', 'life_exp', 'num_play_dom', 'mv_play_int', 'dom_int_mv_ratio', 'dom_perc')",0.788792063
"('mv_usd', 'elo_rating', 'bmi', 'life_exp', 'num_play_dom', 'mv_play_int', 'dom_int_mv_ratio', 'int_perc')",0.788792063
"('mv_usd', 'elo_rating', 'bmi', 'life_exp', 'num_play_dom', 'mv_play_int', 'dom_int_mv_ratio', 'dom_perc', 'int_perc')",0.788792063
"('mv_usd', 'elo_rating', 'bmi', 'life_exp', 'num_play_dom', 'dom_int_mv_ratio', 'dom_perc')",0.788761743
"('mv_usd', 'elo_rating', 'bmi', 'life_exp', 'num_play_dom', 'dom_int_mv_ratio', 'int_perc')",0.788761743
"('mv_usd', 'elo_rating', 'bmi', 'life_exp', 'num_play_dom', 'dom_int_mv_ratio', 'dom_perc', 'int_perc')",0.788761743
"('mv_usd', 'elo_rating', 'life_exp', 'qol', 'mv_play_int', 'num_play_int', 'dom_int_mv_ratio', 'dom_perc')",0.788682183
"('mv_usd', 'elo_rating', 'life_exp', 'qol', 'mv_play_int', 'num_play_int', 'dom_int_mv_ratio', 'int_perc')",0.788682183
"('mv_usd', 'elo_rating', 'life_exp', 'qol', 'mv_play_int', 'num_play_int', 'dom_int_mv_ratio', 'dom_perc', 'int_perc')",0.788682183
"('mv_usd', 'elo_rating', 'life_exp', 'qol', 'num_play_int', 'dom_int_mv_ratio', 'dom_perc')",0.788581035
"('mv_usd', 'elo_rating', 'life_exp', 'qol', 'num_play_int', 'dom_int_mv_ratio', 'int_perc')",0.788581035
"('mv_usd', 'elo_rating', 'life_exp', 'qol', 'num_play_int', 'dom_int_mv_ratio', 'dom_perc', 'int_perc')",0.788581035
"('mv_usd', 'elo_rating', 'qol', 'mv_play_int', 'num_play_int', 'dom_int_mv_ratio', 'dom_perc')",0.788291523
"('mv_usd', 'elo_rating', 'qol', 'mv_play_int', 'num_play_int', 'dom_int_mv_ratio', 'int_perc')",0.788291523
"('mv_usd', 'elo_rating', 'qol', 'mv_play_int', 'num_play_int', 'dom_int_mv_ratio', 'dom_perc', 'int_perc')",0.788291523
"('mv_usd', 'elo_rating', 'qol', 'num_play_int', 'dom_int_mv_ratio', 'dom_perc')",0.788102885
"('mv_usd', 'elo_rating', 'qol', 'num_play_int', 'dom_int_mv_ratio', 'int_perc')",0.788102885
"('mv_usd', 'elo_rating', 'qol', 'num_play_int', 'dom_int_mv_ratio', 'dom_perc', 'int_perc')",0.788102885
"('mv_usd', 'elo_rating', 'life_exp', 'mv_play_int', 'num_play_int', 'dom_int_mv_ratio', 'dom_perc')",0.787764854
"('mv_usd', 'elo_rating', 'life_exp', 'mv_play_int', 'num_play_int', 'dom_int_mv_ratio', 'int_perc')",0.787764854
"('mv_usd', 'elo_rating', 'life_exp', 'mv_play_int', 'num_play_int', 'dom_int_mv_ratio', 'dom_perc', 'int_perc')",0.787764854
"('mv_usd', 'elo_rating', 'mv_play_int', 'num_play_int', 'dom_int_mv_ratio', 'dom_perc')",0.787759225
"('mv_usd', 'elo_rating', 'mv_play_int', 'num_play_int', 'dom_int_mv_ratio', 'int_perc')",0.787759225
"('mv_usd', 'elo_rating', 'mv_play_int', 'num_play_int', 'dom_int_mv_ratio', 'dom_perc', 'int_perc')",0.787759225
"('mv_usd', 'elo_rating', 'life_exp', 'num_play_int', 'dom_int_mv_ratio', 'dom_perc')",0.787525043
"('mv_usd', 'elo_rating', 'life_exp', 'num_play_int', 'dom_int_mv_ratio', 'int_perc')",0.787525043
"('mv_usd', 'elo_rating', 'life_exp', 'num_play_int', 'dom_int_mv_ratio', 'dom_perc', 'int_perc')",0.787525043
"('mv_usd', 'elo_rating', 'num_play_int', 'dom_int_mv_ratio', 'dom_perc')",0.787523652
"('mv_usd', 'elo_rating', 'num_play_int', 'dom_int_mv_ratio', 'int_perc')",0.787523652
"('mv_usd', 'elo_rating', 'num_play_int', 'dom_int_mv_ratio', 'dom_perc', 'int_perc')",0.787523652
"('mv_usd', 'elo_rating', 'bmi', 'life_exp', 'qol', 'num_play_dom', 'mv_play_int', 'num_play_int', 'dom_int_mv_ratio')",0.787235356
"('mv_usd', 'elo_rating', 'bmi', 'life_exp', 'qol', 'mv_play_int', 'dom_int_mv_ratio', 'dom_perc', 'int_perc')",0.787235163
"('mv_usd', 'elo_rating', 'bmi', 'life_exp', 'qol', 'mv_play_int', 'dom_int_mv_ratio', 'dom_perc')",0.787235163
"('mv_usd', 'elo_rating', 'bmi', 'life_exp', 'qol', 'mv_play_int', 'dom_int_mv_ratio', 'int_perc')",0.787235163
"('mv_usd', 'elo_rating', 'bmi', 'life_exp', 'num_play_dom', 'mv_play_int', 'num_play_int', 'dom_int_mv_ratio')",0.787190318
"('mv_usd', 'elo_rating', 'bmi', 'life_exp', 'qol', 'num_play_dom', 'mv_play_int', 'dom_int_mv_ratio')",0.786188983
"('mv_usd', 'elo_rating', 'bmi', 'life_exp', 'num_play_dom', 'mv_play_int', 'dom_int_mv_ratio')",0.786176224
"('mv_usd', 'elo_rating', 'bmi', 'life_exp', 'qol', 'dom_int_mv_ratio', 'dom_perc')",0.786076758
"('mv_usd', 'elo_rating', 'bmi', 'life_exp', 'qol', 'dom_int_mv_ratio', 'int_perc')",0.786076758
"('mv_usd', 'elo_rating', 'bmi', 'life_exp', 'qol', 'dom_int_mv_ratio', 'dom_perc', 'int_perc')",0.786076758
"('mv_usd', 'elo_rating', 'bmi', 'life_exp', 'mv_play_int', 'dom_int_mv_ratio', 'dom_perc')",0.785898912
"('mv_usd', 'elo_rating', 'bmi', 'life_exp', 'mv_play_int', 'dom_int_mv_ratio', 'int_perc')",0.785898912
"('mv_usd', 'elo_rating', 'bmi', 'life_exp', 'mv_play_int', 'dom_int_mv_ratio', 'dom_perc', 'int_perc')",0.785898912
"('mv_usd', 'elo_rating', 'bmi', 'qol', 'num_play_dom', 'mv_play_int', 'dom_int_mv_ratio', 'dom_perc')",0.784860385
"('mv_usd', 'elo_rating', 'bmi', 'qol', 'num_play_dom', 'mv_play_int', 'dom_int_mv_ratio', 'int_perc')",0.784860385
"('mv_usd', 'elo_rating', 'bmi', 'qol', 'num_play_dom', 'mv_play_int', 'dom_int_mv_ratio', 'dom_perc', 'int_perc')",0.784860385
"('mv_usd', 'elo_rating', 'bmi', 'qol', 'num_play_dom', 'dom_int_mv_ratio', 'dom_perc')",0.784853446
"('mv_usd', 'elo_rating', 'bmi', 'qol', 'num_play_dom', 'dom_int_mv_ratio', 'int_perc')",0.784853446
"('mv_usd', 'elo_rating', 'bmi', 'qol', 'num_play_dom', 'dom_int_mv_ratio', 'dom_perc', 'int_perc')",0.784853446
"('mv_usd', 'elo_rating', 'bmi', 'life_exp', 'dom_int_mv_ratio', 'dom_perc')",0.784783937
"('mv_usd', 'elo_rating', 'bmi', 'life_exp', 'dom_int_mv_ratio', 'dom_perc', 'int_perc')",0.784783937
"('mv_usd', 'elo_rating', 'bmi', 'life_exp', 'dom_int_mv_ratio', 'int_perc')",0.784783937
"('mv_usd', 'elo_rating', 'bmi', 'qol', 'num_play_dom', 'mv_play_int', 'num_play_int', 'dom_int_mv_ratio')",0.784759817
"('mv_usd', 'elo_rating', 'bmi', 'life_exp', 'qol', 'num_play_dom', 'num_play_int', 'dom_int_mv_ratio')",0.784481519
"('mv_usd', 'elo_rating', 'bmi', 'life_exp', 'qol', 'num_play_dom', 'dom_int_mv_ratio')",0.784480506
"('mv_usd', 'elo_rating', 'bmi', 'life_exp', 'num_play_dom', 'num_play_int', 'dom_int_mv_ratio')",0.784464088
"('mv_usd', 'elo_rating', 'bmi', 'life_exp', 'num_play_dom', 'dom_int_mv_ratio')",0.784464088
"('mv_usd', 'elo_rating', 'bmi', 'num_play_dom', 'mv_play_int', 'dom_int_mv_ratio', 'dom_perc')",0.784448538
"('mv_usd', 'elo_rating', 'bmi', 'num_play_dom', 'mv_play_int', 'dom_int_mv_ratio', 'int_perc')",0.784448538
"('mv_usd', 'elo_rating', 'bmi', 'num_play_dom', 'mv_play_int', 'dom_int_mv_ratio', 'dom_perc', 'int_perc')",0.784448538
"('mv_usd', 'elo_rating', 'bmi', 'num_play_dom', 'dom_int_mv_ratio', 'dom_perc')",0.784410171
"('mv_usd', 'elo_rating', 'bmi', 'num_play_dom', 'dom_int_mv_ratio', 'int_perc')",0.784410171
"('mv_usd', 'elo_rating', 'bmi', 'num_play_dom', 'dom_int_mv_ratio', 'dom_perc', 'int_perc')",0.784410171
"('mv_usd', 'elo_rating', 'bmi', 'num_play_dom', 'mv_play_int', 'num_play_int', 'dom_int_mv_ratio')",0.78293109
"('mv_usd', 'elo_rating', 'bmi', 'qol', 'num_play_dom', 'mv_play_int', 'dom_int_mv_ratio')",0.782525297
"('mv_usd', 'elo_rating', 'bmi', 'qol', 'mv_play_int', 'dom_int_mv_ratio', 'dom_perc')",0.782524916
"('mv_usd', 'elo_rating', 'bmi', 'qol', 'mv_play_int', 'dom_int_mv_ratio', 'int_perc')",0.782524916
"('mv_usd', 'elo_rating', 'bmi', 'qol', 'mv_play_int', 'dom_int_mv_ratio', 'dom_perc', 'int_perc')",0.782524916
"('mv_usd', 'elo_rating', 'bmi', 'mv_play_int', 'dom_int_mv_ratio', 'dom_perc')",0.782523237
"('mv_usd', 'elo_rating', 'bmi', 'mv_play_int', 'dom_int_mv_ratio', 'int_perc')",0.782523237
"('mv_usd', 'elo_rating', 'bmi', 'mv_play_int', 'dom_int_mv_ratio', 'dom_perc', 'int_perc')",0.782523237
"('mv_usd', 'elo_rating', 'life_exp', 'qol', 'num_play_dom', 'mv_play_int', 'dom_int_mv_ratio', 'dom_perc')",0.782348054
"('mv_usd', 'elo_rating', 'life_exp', 'qol', 'num_play_dom', 'mv_play_int', 'dom_int_mv_ratio', 'int_perc')",0.782348054
"('mv_usd', 'elo_rating', 'life_exp', 'qol', 'num_play_dom', 'mv_play_int', 'dom_int_mv_ratio', 'dom_perc', 'int_perc')",0.782348054
"('mv_usd', 'elo_rating', 'life_exp', 'qol', 'mv_play_int', 'dom_int_mv_ratio', 'dom_perc')",0.782181471
"('mv_usd', 'elo_rating', 'life_exp', 'qol', 'mv_play_int', 'dom_int_mv_ratio', 'int_perc')",0.782181471
"('mv_usd', 'elo_rating', 'life_exp', 'qol', 'mv_play_int', 'dom_int_mv_ratio', 'dom_perc', 'int_perc')",0.782181471
"('mv_usd', 'elo_rating', 'life_exp', 'qol', 'num_play_dom', 'dom_int_mv_ratio', 'dom_perc')",0.782082097
"('mv_usd', 'elo_rating', 'life_exp', 'qol', 'num_play_dom', 'dom_int_mv_ratio', 'int_perc')",0.782082097
"('mv_usd', 'elo_rating', 'life_exp', 'qol', 'num_play_dom', 'dom_int_mv_ratio', 'dom_perc', 'int_perc')",0.782082097
"('mv_usd', 'elo_rating', 'bmi', 'qol', 'dom_int_mv_ratio', 'dom_perc')",0.78165802
"('mv_usd', 'elo_rating', 'bmi', 'qol', 'dom_int_mv_ratio', 'int_perc')",0.78165802
"('mv_usd', 'elo_rating', 'bmi', 'qol', 'dom_int_mv_ratio', 'dom_perc', 'int_perc')",0.78165802
"('mv_usd', 'elo_rating', 'bmi', 'dom_int_mv_ratio', 'dom_perc')",0.78165765
"('mv_usd', 'elo_rating', 'bmi', 'dom_int_mv_ratio', 'int_perc')",0.78165765
"('mv_usd', 'elo_rating', 'bmi', 'dom_int_mv_ratio', 'dom_perc', 'int_perc')",0.78165765
"('mv_usd', 'elo_rating', 'life_exp', 'qol', 'dom_int_mv_ratio', 'dom_perc')",0.781510505
"('mv_usd', 'elo_rating', 'life_exp', 'qol', 'dom_int_mv_ratio', 'int_perc')",0.781510505
"('mv_usd', 'elo_rating', 'life_exp', 'qol', 'dom_int_mv_ratio', 'dom_perc', 'int_perc')",0.781510505
"('mv_usd', 'elo_rating', 'bmi', 'num_play_dom', 'mv_play_int', 'dom_int_mv_ratio')",0.781377849
"('mv_usd', 'elo_rating', 'bmi', 'qol', 'num_play_dom', 'num_play_int', 'dom_int_mv_ratio')",0.7806874
"('mv_usd', 'elo_rating', 'bmi', 'qol', 'num_play_dom', 'dom_int_mv_ratio')",0.780579227
"('mv_usd', 'elo_rating', 'qol', 'num_play_dom', 'mv_play_int', 'dom_int_mv_ratio', 'dom_perc')",0.780088275
"('mv_usd', 'elo_rating', 'qol', 'num_play_dom', 'mv_play_int', 'dom_int_mv_ratio', 'int_perc')",0.780088275
"('mv_usd', 'elo_rating', 'qol', 'num_play_dom', 'mv_play_int', 'dom_int_mv_ratio', 'dom_perc', 'int_perc')",0.780088275
"('mv_usd', 'elo_rating', 'qol', 'num_play_dom', 'dom_int_mv_ratio', 'dom_perc')",0.779974293
"('mv_usd', 'elo_rating', 'qol', 'num_play_dom', 'dom_int_mv_ratio', 'int_perc')",0.779974293
"('mv_usd', 'elo_rating', 'qol', 'num_play_dom', 'dom_int_mv_ratio', 'dom_perc', 'int_perc')",0.779974293
"('mv_usd', 'elo_rating', 'life_exp', 'num_play_dom', 'mv_play_int', 'dom_int_mv_ratio', 'dom_perc')",0.779639219
"('mv_usd', 'elo_rating', 'life_exp', 'num_play_dom', 'mv_play_int', 'dom_int_mv_ratio', 'int_perc')",0.779639219
"('mv_usd', 'elo_rating', 'life_exp', 'num_play_dom', 'mv_play_int', 'dom_int_mv_ratio', 'dom_perc', 'int_perc')",0.779639219
"('mv_usd', 'elo_rating', 'qol', 'mv_play_int', 'dom_int_mv_ratio', 'dom_perc')",0.779609161
"('mv_usd', 'elo_rating', 'qol', 'mv_play_int', 'dom_int_mv_ratio', 'int_perc')",0.779609161
"('mv_usd', 'elo_rating', 'qol', 'mv_play_int', 'dom_int_mv_ratio', 'dom_perc', 'int_perc')",0.779609161
"('mv_usd', 'elo_rating', 'life_exp', 'num_play_dom', 'dom_int_mv_ratio', 'dom_perc')",0.779585586
"('mv_usd', 'elo_rating', 'life_exp', 'num_play_dom', 'dom_int_mv_ratio', 'int_perc')",0.779585586
"('mv_usd', 'elo_rating', 'life_exp', 'num_play_dom', 'dom_int_mv_ratio', 'dom_perc', 'int_perc')",0.779585586
"('mv_usd', 'elo_rating', 'bmi', 'num_play_dom', 'num_play_int', 'dom_int_mv_ratio')",0.779406052
"('mv_usd', 'elo_rating', 'bmi', 'num_play_dom', 'dom_int_mv_ratio')",0.779387023
"('mv_usd', 'elo_rating', 'num_play_dom', 'mv_play_int', 'dom_int_mv_ratio', 'dom_perc')",0.779376865
"('mv_usd', 'elo_rating', 'num_play_dom', 'mv_play_int', 'dom_int_mv_ratio', 'int_perc')",0.779376865
"('mv_usd', 'elo_rating', 'num_play_dom', 'mv_play_int', 'dom_int_mv_ratio', 'dom_perc', 'int_perc')",0.779376865
"('mv_usd', 'elo_rating', 'num_play_dom', 'dom_int_mv_ratio', 'dom_perc')",0.779323219
"('mv_usd', 'elo_rating', 'num_play_dom', 'dom_int_mv_ratio', 'int_perc')",0.779323219
"('mv_usd', 'elo_rating', 'num_play_dom', 'dom_int_mv_ratio', 'dom_perc', 'int_perc')",0.779323219
"('mv_usd', 'elo_rating', 'qol', 'dom_int_mv_ratio', 'dom_perc')",0.77903066
"('mv_usd', 'elo_rating', 'qol', 'dom_int_mv_ratio', 'int_perc')",0.77903066
"('mv_usd', 'elo_rating', 'qol', 'dom_int_mv_ratio', 'dom_perc', 'int_perc')",0.77903066
"('mv_usd', 'elo_rating', 'life_exp', 'mv_play_int', 'dom_int_mv_ratio', 'dom_perc')",0.778855616
"('mv_usd', 'elo_rating', 'life_exp', 'mv_play_int', 'dom_int_mv_ratio', 'int_perc')",0.778855616
"('mv_usd', 'elo_rating', 'life_exp', 'mv_play_int', 'dom_int_mv_ratio', 'dom_perc', 'int_perc')",0.778855616
"('mv_usd', 'elo_rating', 'mv_play_int', 'dom_int_mv_ratio', 'dom_perc')",0.778598657
"('mv_usd', 'elo_rating', 'mv_play_int', 'dom_int_mv_ratio', 'int_perc')",0.778598657
"('mv_usd', 'elo_rating', 'mv_play_int', 'dom_int_mv_ratio', 'dom_perc', 'int_perc')",0.778598657
"('mv_usd', 'elo_rating', 'life_exp', 'dom_int_mv_ratio', 'dom_perc')",0.778327607
"('mv_usd', 'elo_rating', 'life_exp', 'dom_int_mv_ratio', 'int_perc')",0.778327607
"('mv_usd', 'elo_rating', 'life_exp', 'dom_int_mv_ratio', 'dom_perc', 'int_perc')",0.778327607
"('mv_usd', 'elo_rating', 'dom_int_mv_ratio', 'dom_perc')",0.778072914
"('mv_usd', 'elo_rating', 'dom_int_mv_ratio', 'int_perc')",0.778072914
"('mv_usd', 'elo_rating', 'dom_int_mv_ratio', 'dom_perc', 'int_perc')",0.778072914
"('mv_usd', 'elo_rating', 'life_exp', 'qol', 'num_play_dom', 'mv_play_int', 'num_play_int', 'dom_int_mv_ratio')",0.778042417
"('mv_usd', 'elo_rating', 'life_exp', 'qol', 'num_play_dom', 'mv_play_int', 'dom_int_mv_ratio')",0.777791167
"('mv_usd', 'elo_rating', 'life_exp', 'num_play_dom', 'mv_play_int', 'num_play_int', 'dom_int_mv_ratio')",0.777014698
"('mv_usd', 'elo_rating', 'qol', 'num_play_dom', 'mv_play_int', 'num_play_int', 'dom_int_mv_ratio')",0.777004045
"('mv_usd', 'elo_rating', 'num_play_dom', 'mv_play_int', 'num_play_int', 'dom_int_mv_ratio')",0.776832095
"('mv_usd', 'elo_rating', 'life_exp', 'num_play_dom', 'mv_play_int', 'dom_int_mv_ratio')",0.776366558
"('mv_usd', 'elo_rating', 'qol', 'num_play_dom', 'mv_play_int', 'dom_int_mv_ratio')",0.77626776
"('mv_usd', 'elo_rating', 'life_exp', 'qol', 'num_play_dom', 'num_play_int', 'dom_int_mv_ratio')",0.776099167
"('mv_usd', 'elo_rating', 'num_play_dom', 'mv_play_int', 'dom_int_mv_ratio')",0.776035388
"('mv_usd', 'elo_rating', 'life_exp', 'qol', 'num_play_dom', 'dom_int_mv_ratio')",0.775868424
"('mv_usd', 'elo_rating', 'life_exp', 'num_play_dom', 'num_play_int', 'dom_int_mv_ratio')",0.774418455
"('mv_usd', 'elo_rating', 'life_exp', 'num_play_dom', 'dom_int_mv_ratio')",0.774367669
"('mv_usd', 'elo_rating', 'qol', 'num_play_dom', 'num_play_int', 'dom_int_mv_ratio')",0.774236406
"('mv_usd', 'elo_rating', 'qol', 'num_play_dom', 'dom_int_mv_ratio')",0.774203522
"('mv_usd', 'elo_rating', 'num_play_dom', 'num_play_int', 'dom_int_mv_ratio')",0.774002213
"('mv_usd', 'elo_rating', 'num_play_dom', 'dom_int_mv_ratio')",0.77397967
"('mv_usd', 'elo_rating', 'bmi', 'life_exp', 'qol', 'mv_play_int', 'num_play_int', 'dom_int_mv_ratio')",0.756251219
"('mv_usd', 'elo_rating', 'life_exp', 'qol', 'mv_play_int', 'num_play_int', 'dom_int_mv_ratio')",0.756045104
"('mv_usd', 'elo_rating', 'bmi', 'life_exp', 'mv_play_int', 'num_play_int', 'dom_int_mv_ratio')",0.754788129
"('mv_usd', 'elo_rating', 'bmi', 'qol', 'mv_play_int', 'num_play_int', 'dom_int_mv_ratio')",0.754335757
"('mv_usd', 'elo_rating', 'qol', 'mv_play_int', 'num_play_int', 'dom_int_mv_ratio')",0.754301108
"('mv_usd', 'elo_rating', 'bmi', 'mv_play_int', 'num_play_int', 'dom_int_mv_ratio')",0.754109202
"('mv_usd', 'elo_rating', 'life_exp', 'mv_play_int', 'num_play_int', 'dom_int_mv_ratio')",0.754036733
"('mv_usd', 'elo_rating', 'mv_play_int', 'num_play_int', 'dom_int_mv_ratio')",0.753832073
"('mv_usd', 'elo_rating', 'bmi', 'life_exp', 'qol', 'mv_play_int', 'dom_int_mv_ratio')",0.753598038
"('mv_usd', 'elo_rating', 'life_exp', 'qol', 'mv_play_int', 'dom_int_mv_ratio')",0.753596714
"('mv_usd', 'elo_rating', 'bmi', 'qol', 'mv_play_int', 'dom_int_mv_ratio')",0.750062716
"('mv_usd', 'elo_rating', 'bmi', 'life_exp', 'mv_play_int', 'dom_int_mv_ratio')",0.749969319
"('mv_usd', 'elo_rating', 'qol', 'mv_play_int', 'dom_int_mv_ratio')",0.749795157
"('mv_usd', 'elo_rating', 'life_exp', 'mv_play_int', 'dom_int_mv_ratio')",0.749712821
"('mv_usd', 'elo_rating', 'bmi', 'mv_play_int', 'dom_int_mv_ratio')",0.749005191
"('mv_usd', 'elo_rating', 'mv_play_int', 'dom_int_mv_ratio')",0.749005182
"('elo_rating', 'bmi', 'life_exp', 'qol', 'num_play_dom', 'mv_play_int', 'num_play_int', 'dom_int_mv_ratio', 'dom_perc')",0.747811986
"('elo_rating', 'bmi', 'life_exp', 'qol', 'num_play_dom', 'mv_play_int', 'num_play_int', 'dom_int_mv_ratio', 'int_perc')",0.747811986
"('elo_rating', 'bmi', 'life_exp', 'qol', 'num_play_dom', 'mv_play_int', 'num_play_int', 'dom_int_mv_ratio', 'dom_perc', 'int_perc')",0.747811986
"('elo_rating', 'bmi', 'life_exp', 'qol', 'num_play_dom', 'mv_play_int', 'num_play_int', 'dom_perc')",0.747585244
"('elo_rating', 'bmi', 'life_exp', 'qol', 'num_play_dom', 'mv_play_int', 'num_play_int', 'int_perc')",0.747585244
"('elo_rating', 'bmi', 'life_exp', 'qol', 'num_play_dom', 'mv_play_int', 'num_play_int', 'dom_perc', 'int_perc')",0.747585244
"('elo_rating', 'bmi', 'qol', 'num_play_dom', 'mv_play_int', 'num_play_int', 'dom_int_mv_ratio', 'dom_perc')",0.747056515
"('elo_rating', 'bmi', 'qol', 'num_play_dom', 'mv_play_int', 'num_play_int', 'dom_int_mv_ratio', 'int_perc')",0.747056515
"('elo_rating', 'bmi', 'qol', 'num_play_dom', 'mv_play_int', 'num_play_int', 'dom_int_mv_ratio', 'dom_perc', 'int_perc')",0.747056515
"('elo_rating', 'bmi', 'life_exp', 'num_play_dom', 'mv_play_int', 'num_play_int', 'dom_int_mv_ratio', 'dom_perc')",0.747050835
"('elo_rating', 'bmi', 'life_exp', 'num_play_dom', 'mv_play_int', 'num_play_int', 'dom_int_mv_ratio', 'int_perc')",0.747050835
"('elo_rating', 'bmi', 'life_exp', 'num_play_dom', 'mv_play_int', 'num_play_int', 'dom_int_mv_ratio', 'dom_perc', 'int_perc')",0.747050835
"('elo_rating', 'bmi', 'num_play_dom', 'mv_play_int', 'num_play_int', 'dom_int_mv_ratio', 'dom_perc')",0.746835713
"('elo_rating', 'bmi', 'num_play_dom', 'mv_play_int', 'num_play_int', 'dom_int_mv_ratio', 'int_perc')",0.746835713
"('elo_rating', 'bmi', 'num_play_dom', 'mv_play_int', 'num_play_int', 'dom_int_mv_ratio', 'dom_perc', 'int_perc')",0.746835713
"('elo_rating', 'bmi', 'life_exp', 'num_play_dom', 'mv_play_int', 'num_play_int', 'dom_perc')",0.746721113
"('elo_rating', 'bmi', 'life_exp', 'num_play_dom', 'mv_play_int', 'num_play_int', 'int_perc')",0.746721113
"('elo_rating', 'bmi', 'life_exp', 'num_play_dom', 'mv_play_int', 'num_play_int', 'dom_perc', 'int_perc')",0.746721113
"('elo_rating', 'bmi', 'qol', 'num_play_dom', 'mv_play_int', 'num_play_int', 'dom_perc')",0.746611067
"('elo_rating', 'bmi', 'qol', 'num_play_dom', 'mv_play_int', 'num_play_int', 'int_perc')",0.746611067
"('elo_rating', 'bmi', 'qol', 'num_play_dom', 'mv_play_int', 'num_play_int', 'dom_perc', 'int_perc')",0.746611067
"('elo_rating', 'bmi', 'num_play_dom', 'mv_play_int', 'num_play_int', 'dom_perc')",0.746393605
"('elo_rating', 'bmi', 'num_play_dom', 'mv_play_int', 'num_play_int', 'int_perc')",0.746393605
"('elo_rating', 'bmi', 'num_play_dom', 'mv_play_int', 'num_play_int', 'dom_perc', 'int_perc')",0.746393605
"('elo_rating', 'life_exp', 'qol', 'num_play_dom', 'mv_play_int', 'num_play_int', 'dom_int_mv_ratio', 'dom_perc')",0.745914797
"('elo_rating', 'life_exp', 'qol', 'num_play_dom', 'mv_play_int', 'num_play_int', 'dom_int_mv_ratio', 'int_perc')",0.745914797
"('elo_rating', 'life_exp', 'qol', 'num_play_dom', 'mv_play_int', 'num_play_int', 'dom_int_mv_ratio', 'dom_perc', 'int_perc')",0.745914797
"('elo_rating', 'life_exp', 'num_play_dom', 'mv_play_int', 'num_play_int', 'dom_int_mv_ratio', 'dom_perc')",0.745769187
"('elo_rating', 'life_exp', 'num_play_dom', 'mv_play_int', 'num_play_int', 'dom_int_mv_ratio', 'int_perc')",0.745769187
"('elo_rating', 'life_exp', 'num_play_dom', 'mv_play_int', 'num_play_int', 'dom_int_mv_ratio', 'dom_perc', 'int_perc')",0.745769187
"('elo_rating', 'life_exp', 'qol', 'num_play_dom', 'mv_play_int', 'num_play_int', 'dom_perc')",0.745569414
"('elo_rating', 'life_exp', 'qol', 'num_play_dom', 'mv_play_int', 'num_play_int', 'int_perc')",0.745569414
"('elo_rating', 'life_exp', 'qol', 'num_play_dom', 'mv_play_int', 'num_play_int', 'dom_perc', 'int_perc')",0.745569414
"('elo_rating', 'life_exp', 'num_play_dom', 'mv_play_int', 'num_play_int', 'dom_perc')",0.745381826
"('elo_rating', 'life_exp', 'num_play_dom', 'mv_play_int', 'num_play_int', 'int_perc')",0.745381826
"('elo_rating', 'life_exp', 'num_play_dom', 'mv_play_int', 'num_play_int', 'dom_perc', 'int_perc')",0.745381826
"('mv_usd', 'bmi', 'life_exp', 'qol', 'num_play_dom', 'mv_play_int', 'num_play_int', 'dom_int_mv_ratio', 'dom_perc')",0.744716475
"('mv_usd', 'bmi', 'life_exp', 'qol', 'num_play_dom', 'mv_play_int', 'num_play_int', 'dom_int_mv_ratio', 'int_perc')",0.744716475
"('mv_usd', 'bmi', 'life_exp', 'qol', 'num_play_dom', 'mv_play_int', 'num_play_int', 'dom_int_mv_ratio', 'dom_perc', 'int_perc')",0.744716475
"('mv_usd', 'bmi', 'life_exp', 'num_play_dom', 'mv_play_int', 'num_play_int', 'dom_int_mv_ratio', 'dom_perc')",0.744637747
"('mv_usd', 'bmi', 'life_exp', 'num_play_dom', 'mv_play_int', 'num_play_int', 'dom_int_mv_ratio', 'int_perc')",0.744637747
"('mv_usd', 'bmi', 'life_exp', 'num_play_dom', 'mv_play_int', 'num_play_int', 'dom_int_mv_ratio', 'dom_perc', 'int_perc')",0.744637747
"('elo_rating', 'qol', 'num_play_dom', 'mv_play_int', 'num_play_int', 'dom_int_mv_ratio', 'dom_perc')",0.744569596
"('elo_rating', 'qol', 'num_play_dom', 'mv_play_int', 'num_play_int', 'dom_int_mv_ratio', 'int_perc')",0.744569596
"('elo_rating', 'qol', 'num_play_dom', 'mv_play_int', 'num_play_int', 'dom_int_mv_ratio', 'dom_perc', 'int_perc')",0.744569596
"('elo_rating', 'bmi', 'life_exp', 'qol', 'mv_play_dom', 'num_play_dom', 'num_play_int', 'dom_int_mv_ratio', 'dom_perc')",0.744374993
"('elo_rating', 'bmi', 'life_exp', 'qol', 'mv_play_dom', 'num_play_dom', 'num_play_int', 'dom_int_mv_ratio', 'int_perc')",0.744374993
"('elo_rating', 'bmi', 'life_exp', 'qol', 'mv_play_dom', 'num_play_dom', 'num_play_int', 'dom_int_mv_ratio', 'dom_perc', 'int_perc')",0.744374993
"('elo_rating', 'bmi', 'life_exp', 'qol', 'mv_play_dom', 'num_play_dom', 'num_play_int', 'dom_perc')",0.744303468
"('elo_rating', 'bmi', 'life_exp', 'qol', 'mv_play_dom', 'num_play_dom', 'num_play_int', 'int_perc')",0.744303468
"('elo_rating', 'bmi', 'life_exp', 'qol', 'mv_play_dom', 'num_play_dom', 'num_play_int', 'dom_perc', 'int_perc')",0.744303468
"('elo_rating', 'bmi', 'qol', 'mv_play_dom', 'num_play_dom', 'num_play_int', 'dom_int_mv_ratio', 'dom_perc')",0.744259235
"('elo_rating', 'bmi', 'qol', 'mv_play_dom', 'num_play_dom', 'num_play_int', 'dom_int_mv_ratio', 'int_perc')",0.744259235
"('elo_rating', 'bmi', 'qol', 'mv_play_dom', 'num_play_dom', 'num_play_int', 'dom_int_mv_ratio', 'dom_perc', 'int_perc')",0.744259235
"('elo_rating', 'num_play_dom', 'mv_play_int', 'num_play_int', 'dom_int_mv_ratio', 'dom_perc')",0.74423491
"('elo_rating', 'num_play_dom', 'mv_play_int', 'num_play_int', 'dom_int_mv_ratio', 'dom_perc', 'int_perc')",0.74423491
"('elo_rating', 'num_play_dom', 'mv_play_int', 'num_play_int', 'dom_int_mv_ratio', 'int_perc')",0.74423491
"('elo_rating', 'bmi', 'qol', 'mv_play_dom', 'num_play_dom', 'num_play_int', 'dom_perc')",0.744215024
"('elo_rating', 'bmi', 'qol', 'mv_play_dom', 'num_play_dom', 'num_play_int', 'int_perc')",0.744215024
"('elo_rating', 'bmi', 'qol', 'mv_play_dom', 'num_play_dom', 'num_play_int', 'dom_perc', 'int_perc')",0.744215024
"('elo_rating', 'bmi', 'life_exp', 'mv_play_dom', 'num_play_dom', 'num_play_int', 'dom_int_mv_ratio', 'dom_perc')",0.74415056
"('elo_rating', 'bmi', 'life_exp', 'mv_play_dom', 'num_play_dom', 'num_play_int', 'dom_int_mv_ratio', 'int_perc')",0.74415056
"('elo_rating', 'bmi', 'life_exp', 'mv_play_dom', 'num_play_dom', 'num_play_int', 'dom_int_mv_ratio', 'dom_perc', 'int_perc')",0.74415056
"('elo_rating', 'bmi', 'life_exp', 'mv_play_dom', 'num_play_dom', 'num_play_int', 'dom_perc')",0.744063283
"('elo_rating', 'bmi', 'life_exp', 'mv_play_dom', 'num_play_dom', 'num_play_int', 'int_perc')",0.744063283
"('elo_rating', 'bmi', 'life_exp', 'mv_play_dom', 'num_play_dom', 'num_play_int', 'dom_perc', 'int_perc')",0.744063283
"('elo_rating', 'qol', 'num_play_dom', 'mv_play_int', 'num_play_int', 'dom_perc')",0.743812407
"('elo_rating', 'qol', 'num_play_dom', 'mv_play_int', 'num_play_int', 'int_perc')",0.743812407
"('elo_rating', 'qol', 'num_play_dom', 'mv_play_int', 'num_play_int', 'dom_perc', 'int_perc')",0.743812407
"('elo_rating', 'bmi', 'mv_play_dom', 'num_play_dom', 'num_play_int', 'dom_int_mv_ratio', 'dom_perc')",0.743630425
"('elo_rating', 'bmi', 'mv_play_dom', 'num_play_dom', 'num_play_int', 'dom_int_mv_ratio', 'int_perc')",0.743630425
"('elo_rating', 'bmi', 'mv_play_dom', 'num_play_dom', 'num_play_int', 'dom_int_mv_ratio', 'dom_perc', 'int_perc')",0.743630425
"('elo_rating', 'bmi', 'mv_play_dom', 'num_play_dom', 'num_play_int', 'dom_perc')",0.743600944
"('elo_rating', 'bmi', 'mv_play_dom', 'num_play_dom', 'num_play_int', 'int_perc')",0.743600944
"('elo_rating', 'bmi', 'mv_play_dom', 'num_play_dom', 'num_play_int', 'dom_perc', 'int_perc')",0.743600944
"('mv_usd', 'bmi', 'qol', 'num_play_dom', 'mv_play_int', 'num_play_int', 'dom_int_mv_ratio', 'dom_perc')",0.743588728
"('mv_usd', 'bmi', 'qol', 'num_play_dom', 'mv_play_int', 'num_play_int', 'dom_int_mv_ratio', 'int_perc')",0.743588728
"('mv_usd', 'bmi', 'qol', 'num_play_dom', 'mv_play_int', 'num_play_int', 'dom_int_mv_ratio', 'dom_perc', 'int_perc')",0.743588728
"('mv_usd', 'bmi', 'num_play_dom', 'mv_play_int', 'num_play_int', 'dom_int_mv_ratio', 'dom_perc')",0.743452675
"('mv_usd', 'bmi', 'num_play_dom', 'mv_play_int', 'num_play_int', 'dom_int_mv_ratio', 'int_perc')",0.743452675
"('mv_usd', 'bmi', 'num_play_dom', 'mv_play_int', 'num_play_int', 'dom_int_mv_ratio', 'dom_perc', 'int_perc')",0.743452675
"('elo_rating', 'num_play_dom', 'mv_play_int', 'num_play_int', 'dom_perc')",0.743366227
"('elo_rating', 'num_play_dom', 'mv_play_int', 'num_play_int', 'int_perc')",0.743366227
"('elo_rating', 'num_play_dom', 'mv_play_int', 'num_play_int', 'dom_perc', 'int_perc')",0.743366227
"('mv_usd', 'elo_rating', 'bmi', 'life_exp', 'qol', 'num_play_int', 'dom_int_mv_ratio')",0.741577047
"('elo_rating', 'bmi', 'life_exp', 'qol', 'mv_play_dom', 'num_play_int', 'dom_int_mv_ratio', 'dom_perc')",0.741210498
"('elo_rating', 'bmi', 'life_exp', 'qol', 'mv_play_dom', 'num_play_int', 'dom_int_mv_ratio', 'int_perc')",0.741210498
"('elo_rating', 'bmi', 'life_exp', 'qol', 'mv_play_dom', 'num_play_int', 'dom_int_mv_ratio', 'dom_perc', 'int_perc')",0.741210498
"('elo_rating', 'bmi', 'life_exp', 'qol', 'mv_play_dom', 'num_play_int', 'dom_perc')",0.741210488
"('elo_rating', 'bmi', 'life_exp', 'qol', 'mv_play_dom', 'num_play_int', 'int_perc')",0.741210488
"('elo_rating', 'bmi', 'life_exp', 'qol', 'mv_play_dom', 'num_play_int', 'dom_perc', 'int_perc')",0.741210488
"('elo_rating', 'bmi', 'qol', 'mv_play_dom', 'num_play_int', 'dom_int_mv_ratio', 'dom_perc')",0.741197917
"('elo_rating', 'bmi', 'qol', 'mv_play_dom', 'num_play_int', 'dom_int_mv_ratio', 'int_perc')",0.741197917
"('elo_rating', 'bmi', 'qol', 'mv_play_dom', 'num_play_int', 'dom_int_mv_ratio', 'dom_perc', 'int_perc')",0.741197917
"('elo_rating', 'bmi', 'qol', 'mv_play_dom', 'num_play_int', 'dom_perc')",0.741197525
"('elo_rating', 'bmi', 'qol', 'mv_play_dom', 'num_play_int', 'int_perc')",0.741197525
"('elo_rating', 'bmi', 'qol', 'mv_play_dom', 'num_play_int', 'dom_perc', 'int_perc')",0.741197525
"('elo_rating', 'bmi', 'life_exp', 'mv_play_dom', 'num_play_int', 'dom_int_mv_ratio', 'dom_perc')",0.741016106
"('elo_rating', 'bmi', 'life_exp', 'mv_play_dom', 'num_play_int', 'dom_int_mv_ratio', 'int_perc')",0.741016106
"('elo_rating', 'bmi', 'life_exp', 'mv_play_dom', 'num_play_int', 'dom_int_mv_ratio', 'dom_perc', 'int_perc')",0.741016106
"('elo_rating', 'bmi', 'life_exp', 'mv_play_dom', 'num_play_int', 'dom_perc')",0.741015188
"('elo_rating', 'bmi', 'life_exp', 'mv_play_dom', 'num_play_int', 'int_perc')",0.741015188
"('elo_rating', 'bmi', 'life_exp', 'mv_play_dom', 'num_play_int', 'dom_perc', 'int_perc')",0.741015188
"('mv_usd', 'elo_rating', 'life_exp', 'qol', 'num_play_int', 'dom_int_mv_ratio')",0.741002268
"('elo_rating', 'bmi', 'mv_play_dom', 'num_play_int', 'dom_int_mv_ratio', 'dom_perc')",0.740986262
"('elo_rating', 'bmi', 'mv_play_dom', 'num_play_int', 'dom_int_mv_ratio', 'int_perc')",0.740986262
"('elo_rating', 'bmi', 'mv_play_dom', 'num_play_int', 'dom_int_mv_ratio', 'dom_perc', 'int_perc')",0.740986262
"('elo_rating', 'bmi', 'mv_play_dom', 'num_play_int', 'dom_perc')",0.740986216
"('elo_rating', 'bmi', 'mv_play_dom', 'num_play_int', 'int_perc')",0.740986216
"('elo_rating', 'bmi', 'mv_play_dom', 'num_play_int', 'dom_perc', 'int_perc')",0.740986216
"('mv_usd', 'elo_rating', 'bmi', 'life_exp', 'qol', 'dom_int_mv_ratio')",0.740467384
"('mv_usd', 'elo_rating', 'life_exp', 'qol', 'dom_int_mv_ratio')",0.740015736
"('mv_usd', 'life_exp', 'qol', 'num_play_dom', 'mv_play_int', 'num_play_int', 'dom_int_mv_ratio', 'dom_perc')",0.739550376
"('mv_usd', 'life_exp', 'qol', 'num_play_dom', 'mv_play_int', 'num_play_int', 'dom_int_mv_ratio', 'int_perc')",0.739550376
"('mv_usd', 'life_exp', 'qol', 'num_play_dom', 'mv_play_int', 'num_play_int', 'dom_int_mv_ratio', 'dom_perc', 'int_perc')",0.739550376
"('mv_usd', 'qol', 'num_play_dom', 'mv_play_int', 'num_play_int', 'dom_int_mv_ratio', 'dom_perc')",0.739152054
"('mv_usd', 'qol', 'num_play_dom', 'mv_play_int', 'num_play_int', 'dom_int_mv_ratio', 'int_perc')",0.739152054
"('mv_usd', 'qol', 'num_play_dom', 'mv_play_int', 'num_play_int', 'dom_int_mv_ratio', 'dom_perc', 'int_perc')",0.739152054
"('elo_rating', 'bmi', 'life_exp', 'qol', 'num_play_dom', 'mv_play_int', 'dom_int_mv_ratio', 'dom_perc')",0.739006719
"('elo_rating', 'bmi', 'life_exp', 'qol', 'num_play_dom', 'mv_play_int', 'dom_int_mv_ratio', 'int_perc')",0.739006719
"('elo_rating', 'bmi', 'life_exp', 'qol', 'num_play_dom', 'mv_play_int', 'dom_int_mv_ratio', 'dom_perc', 'int_perc')",0.739006719
"('elo_rating', 'bmi', 'qol', 'num_play_dom', 'mv_play_int', 'dom_int_mv_ratio', 'dom_perc')",0.739
"('elo_rating', 'bmi', 'qol', 'num_play_dom', 'mv_play_int', 'dom_int_mv_ratio', 'int_perc')",0.739
"('elo_rating', 'bmi', 'qol', 'num_play_dom', 'mv_play_int', 'dom_int_mv_ratio', 'dom_perc', 'int_perc')",0.739
"('elo_rating', 'bmi', 'life_exp', 'num_play_dom', 'mv_play_int', 'dom_int_mv_ratio', 'dom_perc')",0.738856454
"('elo_rating', 'bmi', 'life_exp', 'num_play_dom', 'mv_play_int', 'dom_int_mv_ratio', 'int_perc')",0.738856454
"('elo_rating', 'bmi', 'life_exp', 'num_play_dom', 'mv_play_int', 'dom_int_mv_ratio', 'dom_perc', 'int_perc')",0.738856454
"('elo_rating', 'bmi', 'life_exp', 'qol', 'num_play_dom', 'mv_play_int', 'dom_perc')",0.738749933
"('elo_rating', 'bmi', 'life_exp', 'qol', 'num_play_dom', 'mv_play_int', 'int_perc')",0.738749933
"('elo_rating', 'bmi', 'life_exp', 'qol', 'num_play_dom', 'mv_play_int', 'dom_perc', 'int_perc')",0.738749933
"('elo_rating', 'bmi', 'qol', 'num_play_dom', 'mv_play_int', 'dom_perc')",0.738749262
"('elo_rating', 'bmi', 'qol', 'num_play_dom', 'mv_play_int', 'int_perc')",0.738749262
"('elo_rating', 'bmi', 'qol', 'num_play_dom', 'mv_play_int', 'dom_perc', 'int_perc')",0.738749262
"('elo_rating', 'bmi', 'num_play_dom', 'mv_play_int', 'dom_int_mv_ratio', 'dom_perc')",0.738738774
"('elo_rating', 'bmi', 'num_play_dom', 'mv_play_int', 'dom_int_mv_ratio', 'int_perc')",0.738738774
"('elo_rating', 'bmi', 'num_play_dom', 'mv_play_int', 'dom_int_mv_ratio', 'dom_perc', 'int_perc')",0.738738774
"('elo_rating', 'bmi', 'life_exp', 'num_play_dom', 'mv_play_int', 'dom_perc')",0.738551794
"('elo_rating', 'bmi', 'life_exp', 'num_play_dom', 'mv_play_int', 'int_perc')",0.738551794
"('elo_rating', 'bmi', 'life_exp', 'num_play_dom', 'mv_play_int', 'dom_perc', 'int_perc')",0.738551794
"('elo_rating', 'bmi', 'num_play_dom', 'mv_play_int', 'dom_perc')",0.738491202
"('elo_rating', 'bmi', 'num_play_dom', 'mv_play_int', 'int_perc')",0.738491202
"('elo_rating', 'bmi', 'num_play_dom', 'mv_play_int', 'dom_perc', 'int_perc')",0.738491202
"('mv_usd', 'life_exp', 'num_play_dom', 'mv_play_int', 'num_play_int', 'dom_int_mv_ratio', 'dom_perc')",0.73804378
"('mv_usd', 'life_exp', 'num_play_dom', 'mv_play_int', 'num_play_int', 'dom_int_mv_ratio', 'int_perc')",0.73804378
"('mv_usd', 'life_exp', 'num_play_dom', 'mv_play_int', 'num_play_int', 'dom_int_mv_ratio', 'dom_perc', 'int_perc')",0.73804378
"('mv_usd', 'num_play_dom', 'mv_play_int', 'num_play_int', 'dom_int_mv_ratio', 'dom_perc')",0.737954855
"('mv_usd', 'num_play_dom', 'mv_play_int', 'num_play_int', 'dom_int_mv_ratio', 'int_perc')",0.737954855
"('mv_usd', 'num_play_dom', 'mv_play_int', 'num_play_int', 'dom_int_mv_ratio', 'dom_perc', 'int_perc')",0.737954855
"('elo_rating', 'life_exp', 'qol', 'num_play_dom', 'mv_play_int', 'dom_int_mv_ratio', 'dom_perc')",0.737640323
"('elo_rating', 'life_exp', 'qol', 'num_play_dom', 'mv_play_int', 'dom_int_mv_ratio', 'int_perc')",0.737640323
"('elo_rating', 'life_exp', 'qol', 'num_play_dom', 'mv_play_int', 'dom_int_mv_ratio', 'dom_perc', 'int_perc')",0.737640323
"('elo_rating', 'life_exp', 'num_play_dom', 'mv_play_int', 'dom_int_mv_ratio', 'dom_perc')",0.73763786
"('elo_rating', 'life_exp', 'num_play_dom', 'mv_play_int', 'dom_int_mv_ratio', 'int_perc')",0.73763786
"('elo_rating', 'life_exp', 'num_play_dom', 'mv_play_int', 'dom_int_mv_ratio', 'dom_perc', 'int_perc')",0.73763786
"('elo_rating', 'qol', 'num_play_dom', 'mv_play_int', 'dom_int_mv_ratio', 'dom_perc')",0.737603352
"('elo_rating', 'qol', 'num_play_dom', 'mv_play_int', 'dom_int_mv_ratio', 'int_perc')",0.737603352
"('elo_rating', 'qol', 'num_play_dom', 'mv_play_int', 'dom_int_mv_ratio', 'dom_perc', 'int_perc')",0.737603352
"('elo_rating', 'num_play_dom', 'mv_play_int', 'dom_int_mv_ratio', 'dom_perc')",0.737540698
"('elo_rating', 'num_play_dom', 'mv_play_int', 'dom_int_mv_ratio', 'int_perc')",0.737540698
"('elo_rating', 'num_play_dom', 'mv_play_int', 'dom_int_mv_ratio', 'dom_perc', 'int_perc')",0.737540698
"('mv_usd', 'bmi', 'life_exp', 'qol', 'num_play_dom', 'mv_play_int', 'dom_int_mv_ratio', 'dom_perc')",0.737509406
"('mv_usd', 'bmi', 'life_exp', 'qol', 'num_play_dom', 'mv_play_int', 'dom_int_mv_ratio', 'int_perc')",0.737509406
"('mv_usd', 'bmi', 'life_exp', 'qol', 'num_play_dom', 'mv_play_int', 'dom_int_mv_ratio', 'dom_perc', 'int_perc')",0.737509406
"('elo_rating', 'life_exp', 'qol', 'num_play_dom', 'mv_play_int', 'dom_perc')",0.737279045
"('elo_rating', 'life_exp', 'qol', 'num_play_dom', 'mv_play_int', 'int_perc')",0.737279045
"('elo_rating', 'life_exp', 'qol', 'num_play_dom', 'mv_play_int', 'dom_perc', 'int_perc')",0.737279045
"('elo_rating', 'life_exp', 'num_play_dom', 'mv_play_int', 'dom_perc')",0.737279043
"('elo_rating', 'life_exp', 'num_play_dom', 'mv_play_int', 'int_perc')",0.737279043
"('elo_rating', 'life_exp', 'num_play_dom', 'mv_play_int', 'dom_perc', 'int_perc')",0.737279043
"('elo_rating', 'qol', 'num_play_dom', 'mv_play_int', 'dom_perc')",0.737160342
"('elo_rating', 'qol', 'num_play_dom', 'mv_play_int', 'int_perc')",0.737160342
"('elo_rating', 'qol', 'num_play_dom', 'mv_play_int', 'dom_perc', 'int_perc')",0.737160342
"('elo_rating', 'num_play_dom', 'mv_play_int', 'dom_perc')",0.737054388
"('elo_rating', 'num_play_dom', 'mv_play_int', 'int_perc')",0.737054388
"('elo_rating', 'num_play_dom', 'mv_play_int', 'dom_perc', 'int_perc')",0.737054388
"('mv_usd', 'bmi', 'life_exp', 'num_play_dom', 'mv_play_int', 'dom_int_mv_ratio', 'dom_perc')",0.736970522
"('mv_usd', 'bmi', 'life_exp', 'num_play_dom', 'mv_play_int', 'dom_int_mv_ratio', 'int_perc')",0.736970522
"('mv_usd', 'bmi', 'life_exp', 'num_play_dom', 'mv_play_int', 'dom_int_mv_ratio', 'dom_perc', 'int_perc')",0.736970522
"('mv_usd', 'elo_rating', 'bmi', 'qol', 'num_play_int', 'dom_int_mv_ratio')",0.736715095
"('elo_rating', 'life_exp', 'qol', 'mv_play_dom', 'num_play_dom', 'num_play_int', 'dom_int_mv_ratio', 'dom_perc')",0.736429562
"('elo_rating', 'life_exp', 'qol', 'mv_play_dom', 'num_play_dom', 'num_play_int', 'dom_int_mv_ratio', 'int_perc')",0.736429562
"('elo_rating', 'life_exp', 'qol', 'mv_play_dom', 'num_play_dom', 'num_play_int', 'dom_int_mv_ratio', 'dom_perc', 'int_perc')",0.736429562
"('elo_rating', 'life_exp', 'qol', 'mv_play_dom', 'num_play_dom', 'num_play_int', 'dom_perc')",0.73640929
"('elo_rating', 'life_exp', 'qol', 'mv_play_dom', 'num_play_dom', 'num_play_int', 'int_perc')",0.73640929
"('elo_rating', 'life_exp', 'qol', 'mv_play_dom', 'num_play_dom', 'num_play_int', 'dom_perc', 'int_perc')",0.73640929
"('mv_usd', 'elo_rating', 'bmi', 'qol', 'dom_int_mv_ratio')",0.736265726
"('elo_rating', 'qol', 'mv_play_dom', 'num_play_dom', 'num_play_int', 'dom_int_mv_ratio', 'dom_perc')",0.735629749
"('elo_rating', 'qol', 'mv_play_dom', 'num_play_dom', 'num_play_int', 'dom_int_mv_ratio', 'int_perc')",0.735629749
"('elo_rating', 'qol', 'mv_play_dom', 'num_play_dom', 'num_play_int', 'dom_int_mv_ratio', 'dom_perc', 'int_perc')",0.735629749
"('elo_rating', 'qol', 'mv_play_dom', 'num_play_dom', 'num_play_int', 'dom_perc')",0.735514602
"('elo_rating', 'qol', 'mv_play_dom', 'num_play_dom', 'num_play_int', 'int_perc')",0.735514602
"('elo_rating', 'qol', 'mv_play_dom', 'num_play_dom', 'num_play_int', 'dom_perc', 'int_perc')",0.735514602
"('elo_rating', 'bmi', 'life_exp', 'qol', 'mv_play_int', 'num_play_int', 'dom_int_mv_ratio', 'dom_perc')",0.735199524
"('elo_rating', 'bmi', 'life_exp', 'qol', 'mv_play_int', 'num_play_int', 'dom_int_mv_ratio', 'int_perc')",0.735199524
"('elo_rating', 'bmi', 'life_exp', 'qol', 'mv_play_int', 'num_play_int', 'dom_int_mv_ratio', 'dom_perc', 'int_perc')",0.735199524
"('mv_usd', 'elo_rating', 'bmi', 'life_exp', 'num_play_int', 'dom_int_mv_ratio')",0.734929768
"('mv_usd', 'elo_rating', 'life_exp', 'num_play_int', 'dom_int_mv_ratio')",0.73490175
"('elo_rating', 'bmi', 'life_exp', 'mv_play_int', 'num_play_int', 'dom_int_mv_ratio', 'dom_perc')",0.73485596
"('elo_rating', 'bmi', 'life_exp', 'mv_play_int', 'num_play_int', 'dom_int_mv_ratio', 'int_perc')",0.73485596
"('elo_rating', 'bmi', 'life_exp', 'mv_play_int', 'num_play_int', 'dom_int_mv_ratio', 'dom_perc', 'int_perc')",0.73485596
"('mv_usd', 'elo_rating', 'qol', 'num_play_int', 'dom_int_mv_ratio')",0.734684687
"('mv_usd', 'elo_rating', 'bmi', 'life_exp', 'dom_int_mv_ratio')",0.734633033
"('mv_usd', 'elo_rating', 'life_exp', 'dom_int_mv_ratio')",0.734611687
"('elo_rating', 'bmi', 'life_exp', 'qol', 'mv_play_int', 'num_play_int', 'dom_perc')",0.734594608
"('elo_rating', 'bmi', 'life_exp', 'qol', 'mv_play_int', 'num_play_int', 'int_perc')",0.734594608
"('elo_rating', 'bmi', 'life_exp', 'qol', 'mv_play_int', 'num_play_int', 'dom_perc', 'int_perc')",0.734594608
"('elo_rating', 'life_exp', 'qol', 'mv_play_int', 'num_play_int', 'dom_int_mv_ratio', 'dom_perc')",0.734481238
"('elo_rating', 'life_exp', 'qol', 'mv_play_int', 'num_play_int', 'dom_int_mv_ratio', 'int_perc')",0.734481238
"('elo_rating', 'life_exp', 'qol', 'mv_play_int', 'num_play_int', 'dom_int_mv_ratio', 'dom_perc', 'int_perc')",0.734481238
"('elo_rating', 'bmi', 'life_exp', 'qol', 'mv_play_dom', 'num_play_dom', 'mv_play_int', 'dom_int_mv_ratio')",0.734477725
"('mv_usd', 'elo_rating', 'qol', 'dom_int_mv_ratio')",0.734460088
"('elo_rating', 'life_exp', 'mv_play_int', 'num_play_int', 'dom_int_mv_ratio', 'dom_perc')",0.734395143
"('elo_rating', 'life_exp', 'mv_play_int', 'num_play_int', 'dom_int_mv_ratio', 'int_perc')",0.734395143
"('elo_rating', 'life_exp', 'mv_play_int', 'num_play_int', 'dom_int_mv_ratio', 'dom_perc', 'int_perc')",0.734395143
"('mv_usd', 'elo_rating', 'bmi', 'num_play_int', 'dom_int_mv_ratio')",0.734150679
"('elo_rating', 'bmi', 'life_exp', 'mv_play_int', 'num_play_int', 'dom_perc')",0.734146684
"('elo_rating', 'bmi', 'life_exp', 'mv_play_int', 'num_play_int', 'int_perc')",0.734146684
"('elo_rating', 'bmi', 'life_exp', 'mv_play_int', 'num_play_int', 'dom_perc', 'int_perc')",0.734146684
"('mv_usd', 'elo_rating', 'bmi', 'dom_int_mv_ratio')",0.733922967
"('elo_rating', 'life_exp', 'qol', 'mv_play_int', 'num_play_int', 'dom_perc')",0.733780344
"('elo_rating', 'life_exp', 'qol', 'mv_play_int', 'num_play_int', 'int_perc')",0.733780344
"('elo_rating', 'life_exp', 'qol', 'mv_play_int', 'num_play_int', 'dom_perc', 'int_perc')",0.733780344
"('elo_rating', 'life_exp', 'mv_play_int', 'num_play_int', 'dom_perc')",0.733647504
"('elo_rating', 'life_exp', 'mv_play_int', 'num_play_int', 'int_perc')",0.733647504
"('elo_rating', 'life_exp', 'mv_play_int', 'num_play_int', 'dom_perc', 'int_perc')",0.733647504
"('mv_usd', 'elo_rating', 'num_play_int', 'dom_int_mv_ratio')",0.733624242
"('elo_rating', 'life_exp', 'mv_play_dom', 'num_play_dom', 'num_play_int', 'dom_int_mv_ratio', 'dom_perc')",0.733549497
"('elo_rating', 'life_exp', 'mv_play_dom', 'num_play_dom', 'num_play_int', 'dom_int_mv_ratio', 'int_perc')",0.733549497
"('elo_rating', 'life_exp', 'mv_play_dom', 'num_play_dom', 'num_play_int', 'dom_int_mv_ratio', 'dom_perc', 'int_perc')",0.733549497
"('elo_rating', 'life_exp', 'mv_play_dom', 'num_play_dom', 'num_play_int', 'dom_perc')",0.733530244
"('elo_rating', 'life_exp', 'mv_play_dom', 'num_play_dom', 'num_play_int', 'int_perc')",0.733530244
"('elo_rating', 'life_exp', 'mv_play_dom', 'num_play_dom', 'num_play_int', 'dom_perc', 'int_perc')",0.733530244
"('mv_usd', 'elo_rating', 'dom_int_mv_ratio')",0.733454949
"('mv_usd', 'bmi', 'qol', 'num_play_dom', 'mv_play_int', 'dom_int_mv_ratio', 'dom_perc')",0.73341115
"('mv_usd', 'bmi', 'qol', 'num_play_dom', 'mv_play_int', 'dom_int_mv_ratio', 'int_perc')",0.73341115
"('mv_usd', 'bmi', 'qol', 'num_play_dom', 'mv_play_int', 'dom_int_mv_ratio', 'dom_perc', 'int_perc')",0.73341115
"('mv_usd', 'bmi', 'num_play_dom', 'mv_play_int', 'dom_int_mv_ratio', 'dom_perc')",0.733238799
"('mv_usd', 'bmi', 'num_play_dom', 'mv_play_int', 'dom_int_mv_ratio', 'int_perc')",0.733238799
"('mv_usd', 'bmi', 'num_play_dom', 'mv_play_int', 'dom_int_mv_ratio', 'dom_perc', 'int_perc')",0.733238799
"('mv_usd', 'life_exp', 'qol', 'num_play_dom', 'mv_play_int', 'dom_int_mv_ratio', 'dom_perc')",0.733154128
"('mv_usd', 'life_exp', 'qol', 'num_play_dom', 'mv_play_int', 'dom_int_mv_ratio', 'int_perc')",0.733154128
"('mv_usd', 'life_exp', 'qol', 'num_play_dom', 'mv_play_int', 'dom_int_mv_ratio', 'dom_perc', 'int_perc')",0.733154128
"('elo_rating', 'bmi', 'qol', 'mv_play_int', 'num_play_int', 'dom_int_mv_ratio', 'dom_perc')",0.732222369
"('elo_rating', 'bmi', 'qol', 'mv_play_int', 'num_play_int', 'dom_int_mv_ratio', 'int_perc')",0.732222369
"('elo_rating', 'bmi', 'qol', 'mv_play_int', 'num_play_int', 'dom_int_mv_ratio', 'dom_perc', 'int_perc')",0.732222369
"('elo_rating', 'life_exp', 'qol', 'mv_play_dom', 'num_play_int', 'dom_int_mv_ratio', 'dom_perc')",0.731946565
"('elo_rating', 'life_exp', 'qol', 'mv_play_dom', 'num_play_int', 'dom_int_mv_ratio', 'int_perc')",0.731946565
"('elo_rating', 'life_exp', 'qol', 'mv_play_dom', 'num_play_int', 'dom_int_mv_ratio', 'dom_perc', 'int_perc')",0.731946565
"('elo_rating', 'bmi', 'mv_play_int', 'num_play_int', 'dom_int_mv_ratio', 'dom_perc')",0.731937723
"('elo_rating', 'bmi', 'mv_play_int', 'num_play_int', 'dom_int_mv_ratio', 'int_perc')",0.731937723
"('elo_rating', 'bmi', 'mv_play_int', 'num_play_int', 'dom_int_mv_ratio', 'dom_perc', 'int_perc')",0.731937723
"('elo_rating', 'qol', 'mv_play_dom', 'num_play_int', 'dom_int_mv_ratio', 'dom_perc')",0.731781981
"('elo_rating', 'qol', 'mv_play_dom', 'num_play_int', 'dom_int_mv_ratio', 'int_perc')",0.731781981
"('elo_rating', 'qol', 'mv_play_dom', 'num_play_int', 'dom_int_mv_ratio', 'dom_perc', 'int_perc')",0.731781981
"('elo_rating', 'life_exp', 'qol', 'mv_play_dom', 'num_play_int', 'dom_perc')",0.731690947
"('elo_rating', 'life_exp', 'qol', 'mv_play_dom', 'num_play_int', 'int_perc')",0.731690947
"('elo_rating', 'life_exp', 'qol', 'mv_play_dom', 'num_play_int', 'dom_perc', 'int_perc')",0.731690947
"('elo_rating', 'qol', 'mv_play_dom', 'num_play_int', 'dom_perc')",0.731436299
"('elo_rating', 'qol', 'mv_play_dom', 'num_play_int', 'int_perc')",0.731436299
"('elo_rating', 'qol', 'mv_play_dom', 'num_play_int', 'dom_perc', 'int_perc')",0.731436299
"('elo_rating', 'bmi', 'qol', 'mv_play_dom', 'num_play_dom', 'mv_play_int', 'dom_int_mv_ratio')",0.731134805
"('elo_rating', 'life_exp', 'qol', 'mv_play_dom', 'num_play_dom', 'mv_play_int', 'dom_int_mv_ratio')",0.731083633
"('elo_rating', 'qol', 'mv_play_int', 'num_play_int', 'dom_int_mv_ratio', 'dom_perc')",0.73089806
"('elo_rating', 'qol', 'mv_play_int', 'num_play_int', 'dom_int_mv_ratio', 'int_perc')",0.73089806
"('elo_rating', 'qol', 'mv_play_int', 'num_play_int', 'dom_int_mv_ratio', 'dom_perc', 'int_perc')",0.73089806
"('elo_rating', 'bmi', 'qol', 'mv_play_int', 'num_play_int', 'dom_perc')",0.730765722
"('elo_rating', 'bmi', 'qol', 'mv_play_int', 'num_play_int', 'int_perc')",0.730765722
"('elo_rating', 'bmi', 'qol', 'mv_play_int', 'num_play_int', 'dom_perc', 'int_perc')",0.730765722
"('mv_usd', 'qol', 'num_play_dom', 'mv_play_int', 'dom_int_mv_ratio', 'dom_perc')",0.730636758
"('mv_usd', 'qol', 'num_play_dom', 'mv_play_int', 'dom_int_mv_ratio', 'int_perc')",0.730636758
"('mv_usd', 'qol', 'num_play_dom', 'mv_play_int', 'dom_int_mv_ratio', 'dom_perc', 'int_perc')",0.730636758
"('mv_usd', 'life_exp', 'num_play_dom', 'mv_play_int', 'dom_int_mv_ratio', 'dom_perc')",0.730515536
"('mv_usd', 'life_exp', 'num_play_dom', 'mv_play_int', 'dom_int_mv_ratio', 'int_perc')",0.730515536
"('mv_usd', 'life_exp', 'num_play_dom', 'mv_play_int', 'dom_int_mv_ratio', 'dom_perc', 'int_perc')",0.730515536
"('elo_rating', 'bmi', 'mv_play_int', 'num_play_int', 'dom_perc')",0.730423473
"('elo_rating', 'bmi', 'mv_play_int', 'num_play_int', 'int_perc')",0.730423473
"('elo_rating', 'bmi', 'mv_play_int', 'num_play_int', 'dom_perc', 'int_perc')",0.730423473
"('mv_usd', 'num_play_dom', 'mv_play_int', 'dom_int_mv_ratio', 'dom_perc')",0.730096696
"('mv_usd', 'num_play_dom', 'mv_play_int', 'dom_int_mv_ratio', 'int_perc')",0.730096696
"('mv_usd', 'num_play_dom', 'mv_play_int', 'dom_int_mv_ratio', 'dom_perc', 'int_perc')",0.730096696
"('elo_rating', 'bmi', 'life_exp', 'mv_play_dom', 'num_play_dom', 'mv_play_int', 'dom_int_mv_ratio')",0.72969255
"('elo_rating', 'qol', 'mv_play_int', 'num_play_int', 'dom_perc')",0.729095964
"('elo_rating', 'qol', 'mv_play_int', 'num_play_int', 'int_perc')",0.729095964
"('elo_rating', 'qol', 'mv_play_int', 'num_play_int', 'dom_perc', 'int_perc')",0.729095964
"('elo_rating', 'qol', 'mv_play_dom', 'num_play_dom', 'mv_play_int', 'dom_int_mv_ratio')",0.729062724
"('elo_rating', 'bmi', 'mv_play_dom', 'num_play_dom', 'mv_play_int', 'dom_int_mv_ratio')",0.729040346
"('elo_rating', 'life_exp', 'mv_play_dom', 'num_play_int', 'dom_int_mv_ratio', 'dom_perc')",0.728856132
"('elo_rating', 'life_exp', 'mv_play_dom', 'num_play_int', 'dom_int_mv_ratio', 'int_perc')",0.728856132
"('elo_rating', 'life_exp', 'mv_play_dom', 'num_play_int', 'dom_int_mv_ratio', 'dom_perc', 'int_perc')",0.728856132
"('elo_rating', 'bmi', 'life_exp', 'qol', 'mv_play_dom', 'num_play_dom', 'mv_play_int')",0.728725747
"('elo_rating', 'mv_play_int', 'num_play_int', 'dom_int_mv_ratio', 'dom_perc')",0.728662425
"('elo_rating', 'mv_play_int', 'num_play_int', 'dom_int_mv_ratio', 'int_perc')",0.728662425
"('elo_rating', 'mv_play_int', 'num_play_int', 'dom_int_mv_ratio', 'dom_perc', 'int_perc')",0.728662425
"('elo_rating', 'life_exp', 'mv_play_dom', 'num_play_int', 'dom_perc')",0.728595719
"('elo_rating', 'life_exp', 'mv_play_dom', 'num_play_int', 'int_perc')",0.728595719
"('elo_rating', 'life_exp', 'mv_play_dom', 'num_play_int', 'dom_perc', 'int_perc')",0.728595719
"('elo_rating', 'bmi', 'life_exp', 'qol', 'num_play_dom', 'mv_play_int', 'num_play_int', 'dom_int_mv_ratio')",0.727557709
"('mv_usd', 'bmi', 'life_exp', 'qol', 'mv_play_int', 'num_play_int', 'dom_int_mv_ratio', 'dom_perc')",0.727334949
"('mv_usd', 'bmi', 'life_exp', 'qol', 'mv_play_int', 'num_play_int', 'dom_int_mv_ratio', 'int_perc')",0.727334949
"('mv_usd', 'bmi', 'life_exp', 'qol', 'mv_play_int', 'num_play_int', 'dom_int_mv_ratio', 'dom_perc', 'int_perc')",0.727334949
"('mv_usd', 'bmi', 'life_exp', 'mv_play_int', 'num_play_int', 'dom_int_mv_ratio', 'dom_perc')",0.727331589
"('mv_usd', 'bmi', 'life_exp', 'mv_play_int', 'num_play_int', 'dom_int_mv_ratio', 'int_perc')",0.727331589
"('mv_usd', 'bmi', 'life_exp', 'mv_play_int', 'num_play_int', 'dom_int_mv_ratio', 'dom_perc', 'int_perc')",0.727331589
"('elo_rating', 'bmi', 'life_exp', 'num_play_dom', 'mv_play_int', 'num_play_int', 'dom_int_mv_ratio')",0.726796025
"('elo_rating', 'life_exp', 'qol', 'mv_play_dom', 'num_play_dom', 'mv_play_int')",0.726278265
"('elo_rating', 'mv_play_int', 'num_play_int', 'dom_perc')",0.726242253
"('elo_rating', 'mv_play_int', 'num_play_int', 'int_perc')",0.726242253
"('elo_rating', 'mv_play_int', 'num_play_int', 'dom_perc', 'int_perc')",0.726242253
"('elo_rating', 'bmi', 'life_exp', 'qol', 'num_play_dom', 'mv_play_int', 'num_play_int')",0.725928738
"('elo_rating', 'life_exp', 'qol', 'num_play_dom', 'mv_play_int', 'num_play_int', 'dom_int_mv_ratio')",0.725632889
"('elo_rating', 'life_exp', 'num_play_dom', 'mv_play_int', 'num_play_int', 'dom_int_mv_ratio')",0.725490117
"('elo_rating', 'mv_play_dom', 'num_play_dom', 'num_play_int', 'dom_int_mv_ratio', 'dom_perc', 'int_perc')",0.725372614
"('elo_rating', 'mv_play_dom', 'num_play_dom', 'num_play_int', 'dom_int_mv_ratio', 'dom_perc')",0.725372614
"('elo_rating', 'mv_play_dom', 'num_play_dom', 'num_play_int', 'dom_int_mv_ratio', 'int_perc')",0.725372614
"('elo_rating', 'bmi', 'life_exp', 'num_play_dom', 'mv_play_int', 'num_play_int')",0.724889221
"('elo_rating', 'mv_play_dom', 'num_play_dom', 'num_play_int', 'dom_perc')",0.724344579
"('elo_rating', 'mv_play_dom', 'num_play_dom', 'num_play_int', 'int_perc')",0.724344579
"('elo_rating', 'mv_play_dom', 'num_play_dom', 'num_play_int', 'dom_perc', 'int_perc')",0.724344579
"('mv_usd', 'bmi', 'life_exp', 'qol', 'mv_play_int', 'dom_int_mv_ratio', 'dom_perc')",0.7240825
"('mv_usd', 'bmi', 'life_exp', 'qol', 'mv_play_int', 'dom_int_mv_ratio', 'int_perc')",0.7240825
"('mv_usd', 'bmi', 'life_exp', 'qol', 'mv_play_int', 'dom_int_mv_ratio', 'dom_perc', 'int_perc')",0.7240825
"('mv_play_dom', 'num_play_dom', 'mv_play_int', 'num_play_int', 'dom_int_mv_ratio', 'dom_perc')",0.723700722
"('mv_play_dom', 'num_play_dom', 'mv_play_int', 'num_play_int', 'dom_int_mv_ratio', 'int_perc')",0.723700722
"('mv_play_dom', 'num_play_dom', 'mv_play_int', 'num_play_int', 'dom_int_mv_ratio', 'dom_perc', 'int_perc')",0.723700722
"('elo_rating', 'bmi', 'qol', 'mv_play_dom', 'num_play_dom', 'mv_play_int')",0.723693239
"('elo_rating', 'life_exp', 'qol', 'num_play_dom', 'mv_play_int', 'num_play_int')",0.723690744
"('elo_rating', 'bmi', 'qol', 'num_play_dom', 'mv_play_int', 'num_play_int', 'dom_int_mv_ratio')",0.723635573
"('elo_rating', 'bmi', 'num_play_dom', 'mv_play_int', 'num_play_int', 'dom_int_mv_ratio')",0.723539458
"('elo_rating', 'mv_play_dom', 'num_play_int', 'dom_int_mv_ratio', 'dom_perc')",0.72348895
"('elo_rating', 'mv_play_dom', 'num_play_int', 'dom_int_mv_ratio', 'int_perc')",0.72348895
"('elo_rating', 'mv_play_dom', 'num_play_int', 'dom_int_mv_ratio', 'dom_perc', 'int_perc')",0.72348895
"('elo_rating', 'life_exp', 'num_play_dom', 'mv_play_int', 'num_play_int')",0.723440926
"('mv_usd', 'bmi', 'qol', 'mv_play_int', 'num_play_int', 'dom_int_mv_ratio', 'dom_perc')",0.723057161
"('mv_usd', 'bmi', 'qol', 'mv_play_int', 'num_play_int', 'dom_int_mv_ratio', 'int_perc')",0.723057161
"('mv_usd', 'bmi', 'qol', 'mv_play_int', 'num_play_int', 'dom_int_mv_ratio', 'dom_perc', 'int_perc')",0.723057161
"('mv_usd', 'bmi', 'life_exp', 'mv_play_int', 'dom_int_mv_ratio', 'dom_perc')",0.723048401
"('mv_usd', 'bmi', 'life_exp', 'mv_play_int', 'dom_int_mv_ratio', 'int_perc')",0.723048401
"('mv_usd', 'bmi', 'life_exp', 'mv_play_int', 'dom_int_mv_ratio', 'dom_perc', 'int_perc')",0.723048401
"('elo_rating', 'bmi', 'life_exp', 'mv_play_dom', 'num_play_dom', 'mv_play_int')",0.722994858
"('elo_rating', 'bmi', 'life_exp', 'qol', 'mv_play_dom', 'num_play_dom', 'num_play_int', 'dom_int_mv_ratio')",0.722903481
"('elo_rating', 'qol', 'mv_play_dom', 'num_play_dom', 'mv_play_int')",0.722697668
"('elo_rating', 'bmi', 'life_exp', 'qol', 'mv_play_int', 'num_play_int', 'dom_int_mv_ratio')",0.722275778
"('elo_rating', 'bmi', 'life_exp', 'qol', 'mv_play_dom', 'num_play_dom', 'num_play_int')",0.722251337
"('elo_rating', 'mv_play_dom', 'num_play_int', 'dom_perc')",0.722188835
"('elo_rating', 'mv_play_dom', 'num_play_int', 'int_perc')",0.722188835
"('elo_rating', 'mv_play_dom', 'num_play_int', 'dom_perc', 'int_perc')",0.722188835
"('elo_rating', 'bmi', 'qol', 'mv_play_dom', 'num_play_dom', 'num_play_int', 'dom_int_mv_ratio')",0.72199826
"('elo_rating', 'bmi', 'life_exp', 'mv_play_dom', 'num_play_dom', 'num_play_int', 'dom_int_mv_ratio')",0.721953364
"('elo_rating', 'bmi', 'mv_play_dom', 'num_play_dom', 'num_play_int', 'dom_int_mv_ratio')",0.721703039
"('elo_rating', 'bmi', 'mv_play_dom', 'num_play_dom', 'mv_play_int')",0.721608911
"('elo_rating', 'bmi', 'qol', 'mv_play_dom', 'num_play_dom', 'num_play_int')",0.72151538
"('elo_rating', 'life_exp', 'mv_play_dom', 'num_play_dom', 'mv_play_int', 'dom_int_mv_ratio')",0.721505544
"('elo_rating', 'bmi', 'life_exp', 'mv_play_dom', 'num_play_dom', 'num_play_int')",0.721354143
"('mv_usd', 'bmi', 'qol', 'mv_play_int', 'dom_int_mv_ratio', 'dom_perc')",0.72128304
"('mv_usd', 'bmi', 'qol', 'mv_play_int', 'dom_int_mv_ratio', 'int_perc')",0.72128304
"('mv_usd', 'bmi', 'qol', 'mv_play_int', 'dom_int_mv_ratio', 'dom_perc', 'int_perc')",0.72128304
"('elo_rating', 'bmi', 'mv_play_dom', 'num_play_dom', 'num_play_int')",0.72118897
"('elo_rating', 'mv_play_dom', 'num_play_dom', 'mv_play_int', 'dom_int_mv_ratio')",0.720645538
"('mv_usd', 'bmi', 'mv_play_int', 'num_play_int', 'dom_int_mv_ratio', 'dom_perc')",0.720557311
"('mv_usd', 'bmi', 'mv_play_int', 'num_play_int', 'dom_int_mv_ratio', 'int_perc')",0.720557311
"('mv_usd', 'bmi', 'mv_play_int', 'num_play_int', 'dom_int_mv_ratio', 'dom_perc', 'int_perc')",0.720557311
"('elo_rating', 'qol', 'num_play_dom', 'mv_play_int', 'num_play_int', 'dom_int_mv_ratio')",0.720313495
"('elo_rating', 'bmi', 'qol', 'num_play_dom', 'mv_play_int', 'num_play_int')",0.72023704
"('elo_rating', 'bmi', 'num_play_dom', 'mv_play_int', 'num_play_int')",0.720083141
"('elo_rating', 'bmi', 'life_exp', 'mv_play_int', 'num_play_int', 'dom_int_mv_ratio')",0.719968228
"('mv_usd', 'life_exp', 'qol', 'mv_play_int', 'num_play_int', 'dom_int_mv_ratio', 'dom_perc')",0.71868754
"('mv_usd', 'life_exp', 'qol', 'mv_play_int', 'num_play_int', 'dom_int_mv_ratio', 'int_perc')",0.71868754
"('mv_usd', 'life_exp', 'qol', 'mv_play_int', 'num_play_int', 'dom_int_mv_ratio', 'dom_perc', 'int_perc')",0.71868754
"('elo_rating', 'bmi', 'qol', 'mv_play_int', 'num_play_int', 'dom_int_mv_ratio')",0.718514906
"('elo_rating', 'bmi', 'life_exp', 'qol', 'mv_play_int', 'num_play_int')",0.7185031
"('elo_rating', 'bmi', 'mv_play_int', 'num_play_int', 'dom_int_mv_ratio')",0.718307322
"('mv_usd', 'life_exp', 'mv_play_int', 'num_play_int', 'dom_int_mv_ratio', 'dom_perc')",0.71745859
"('mv_usd', 'life_exp', 'mv_play_int', 'num_play_int', 'dom_int_mv_ratio', 'int_perc')",0.71745859
"('mv_usd', 'life_exp', 'mv_play_int', 'num_play_int', 'dom_int_mv_ratio', 'dom_perc', 'int_perc')",0.71745859
"('elo_rating', 'num_play_dom', 'mv_play_int', 'num_play_int', 'dom_int_mv_ratio')",0.717093864
"('elo_rating', 'life_exp', 'qol', 'mv_play_dom', 'num_play_dom', 'num_play_int', 'dom_int_mv_ratio')",0.716561113
"('elo_rating', 'qol', 'mv_play_dom', 'num_play_dom', 'num_play_int', 'dom_int_mv_ratio')",0.716389503
"('mv_usd', 'qol', 'mv_play_int', 'num_play_int', 'dom_int_mv_ratio', 'dom_perc')",0.716123938
"('mv_usd', 'qol', 'mv_play_int', 'num_play_int', 'dom_int_mv_ratio', 'int_perc')",0.716123938
"('mv_usd', 'qol', 'mv_play_int', 'num_play_int', 'dom_int_mv_ratio', 'dom_perc', 'int_perc')",0.716123938
"('mv_usd', 'mv_play_int', 'num_play_int', 'dom_int_mv_ratio', 'dom_perc')",0.716122199
"('mv_usd', 'mv_play_int', 'num_play_int', 'dom_int_mv_ratio', 'int_perc')",0.716122199
"('mv_usd', 'mv_play_int', 'num_play_int', 'dom_int_mv_ratio', 'dom_perc', 'int_perc')",0.716122199
"('elo_rating', 'life_exp', 'mv_play_dom', 'num_play_dom', 'mv_play_int')",0.71611859
"('elo_rating', 'mv_play_dom', 'num_play_dom', 'mv_play_int')",0.715957985
"('mv_usd', 'bmi', 'mv_play_int', 'dom_int_mv_ratio', 'dom_perc')",0.715851536
"('mv_usd', 'bmi', 'mv_play_int', 'dom_int_mv_ratio', 'int_perc')",0.715851536
"('mv_usd', 'bmi', 'mv_play_int', 'dom_int_mv_ratio', 'dom_perc', 'int_perc')",0.715851536
"('elo_rating', 'qol', 'num_play_dom', 'mv_play_int', 'num_play_int')",0.715821034
"('elo_rating', 'life_exp', 'qol', 'mv_play_dom', 'num_play_dom', 'num_play_int')",0.715228361
"('elo_rating', 'qol', 'mv_play_dom', 'num_play_dom', 'num_play_int')",0.715173357
"('elo_rating', 'bmi', 'life_exp', 'mv_play_int', 'num_play_int')",0.71480071
"('mv_play_dom', 'num_play_dom', 'mv_play_int', 'dom_int_mv_ratio', 'dom_perc')",0.714488563
"('mv_play_dom', 'num_play_dom', 'mv_play_int', 'dom_int_mv_ratio', 'int_perc')",0.714488563
"('mv_play_dom', 'num_play_dom', 'mv_play_int', 'dom_int_mv_ratio', 'dom_perc', 'int_perc')",0.714488563
"('elo_rating', 'life_exp', 'qol', 'mv_play_int', 'num_play_int', 'dom_int_mv_ratio')",0.713941554
"('elo_rating', 'life_exp', 'mv_play_int', 'num_play_int', 'dom_int_mv_ratio')",0.713460721
"('elo_rating', 'life_exp', 'mv_play_dom', 'num_play_dom', 'num_play_int', 'dom_int_mv_ratio')",0.712153222
"('elo_rating', 'bmi', 'qol', 'mv_play_int', 'num_play_int')",0.712097767
"('elo_rating', 'bmi', 'mv_play_int', 'num_play_int')",0.711768665
"('elo_rating', 'num_play_dom', 'mv_play_int', 'num_play_int')",0.711090429
"('elo_rating', 'life_exp', 'mv_play_dom', 'num_play_dom', 'num_play_int')",0.710731884
"('elo_rating', 'mv_play_dom', 'num_play_dom', 'num_play_int', 'dom_int_mv_ratio')",0.709999564
"('elo_rating', 'bmi', 'life_exp', 'qol', 'mv_play_dom', 'mv_play_int', 'dom_int_mv_ratio', 'dom_perc')",0.708084971
"('elo_rating', 'bmi', 'life_exp', 'qol', 'mv_play_dom', 'mv_play_int', 'dom_int_mv_ratio', 'int_perc')",0.708084971
"('elo_rating', 'bmi', 'life_exp', 'qol', 'mv_play_dom', 'mv_play_int', 'dom_int_mv_ratio', 'dom_perc', 'int_perc')",0.708084971
"('mv_usd', 'life_exp', 'qol', 'mv_play_int', 'dom_int_mv_ratio', 'dom_perc')",0.707967169
"('mv_usd', 'life_exp', 'qol', 'mv_play_int', 'dom_int_mv_ratio', 'int_perc')",0.707967169
"('mv_usd', 'life_exp', 'qol', 'mv_play_int', 'dom_int_mv_ratio', 'dom_perc', 'int_perc')",0.707967169
"('mv_usd', 'life_exp', 'mv_play_int', 'dom_int_mv_ratio', 'dom_perc')",0.70795247
"('mv_usd', 'life_exp', 'mv_play_int', 'dom_int_mv_ratio', 'int_perc')",0.70795247
"('mv_usd', 'life_exp', 'mv_play_int', 'dom_int_mv_ratio', 'dom_perc', 'int_perc')",0.70795247
"('mv_usd', 'qol', 'mv_play_int', 'dom_int_mv_ratio', 'dom_perc')",0.707730769
"('mv_usd', 'qol', 'mv_play_int', 'dom_int_mv_ratio', 'int_perc')",0.707730769
"('mv_usd', 'qol', 'mv_play_int', 'dom_int_mv_ratio', 'dom_perc', 'int_perc')",0.707730769
"('elo_rating', 'mv_play_dom', 'num_play_dom', 'num_play_int')",0.707478159
"('mv_usd', 'mv_play_int', 'dom_int_mv_ratio', 'dom_perc')",0.707372331
"('mv_usd', 'mv_play_int', 'dom_int_mv_ratio', 'int_perc')",0.707372331
"('mv_usd', 'mv_play_int', 'dom_int_mv_ratio', 'dom_perc', 'int_perc')",0.707372331
"('elo_rating', 'qol', 'mv_play_int', 'num_play_int', 'dom_int_mv_ratio')",0.706966006
"('mv_usd', 'elo_rating', 'bmi', 'life_exp', 'qol', 'num_play_dom', 'mv_play_int', 'num_play_int', 'dom_perc')",0.706569151
"('mv_usd', 'elo_rating', 'bmi', 'life_exp', 'qol', 'num_play_dom', 'mv_play_int', 'num_play_int', 'int_perc')",0.706569151
"('mv_usd', 'elo_rating', 'bmi', 'life_exp', 'qol', 'num_play_dom', 'mv_play_int', 'num_play_int', 'dom_perc', 'int_perc')",0.706569151
"('elo_rating', 'life_exp', 'qol', 'mv_play_int', 'num_play_int')",0.706399606
"('mv_usd', 'elo_rating', 'bmi', 'life_exp', 'num_play_dom', 'mv_play_int', 'num_play_int', 'dom_perc')",0.705725104
"('mv_usd', 'elo_rating', 'bmi', 'life_exp', 'num_play_dom', 'mv_play_int', 'num_play_int', 'int_perc')",0.705725104
"('mv_usd', 'elo_rating', 'bmi', 'life_exp', 'num_play_dom', 'mv_play_int', 'num_play_int', 'dom_perc', 'int_perc')",0.705725104
"('elo_rating', 'bmi', 'qol', 'mv_play_dom', 'mv_play_int', 'dom_int_mv_ratio', 'dom_perc')",0.705371186
"('elo_rating', 'bmi', 'qol', 'mv_play_dom', 'mv_play_int', 'dom_int_mv_ratio', 'int_perc')",0.705371186
"('elo_rating', 'bmi', 'qol', 'mv_play_dom', 'mv_play_int', 'dom_int_mv_ratio', 'dom_perc', 'int_perc')",0.705371186
"('elo_rating', 'life_exp', 'mv_play_int', 'num_play_int')",0.705301077
"('elo_rating', 'life_exp', 'qol', 'mv_play_dom', 'mv_play_int', 'dom_int_mv_ratio', 'dom_perc')",0.704634391
"('elo_rating', 'life_exp', 'qol', 'mv_play_dom', 'mv_play_int', 'dom_int_mv_ratio', 'int_perc')",0.704634391
"('elo_rating', 'life_exp', 'qol', 'mv_play_dom', 'mv_play_int', 'dom_int_mv_ratio', 'dom_perc', 'int_perc')",0.704634391
"('elo_rating', 'bmi', 'life_exp', 'qol', 'mv_play_dom', 'mv_play_int', 'dom_int_mv_ratio')",0.704396153
"('elo_rating', 'mv_play_int', 'num_play_int', 'dom_int_mv_ratio')",0.70418193
"('elo_rating', 'bmi', 'life_exp', 'qol', 'mv_play_dom', 'mv_play_int', 'dom_perc')",0.703140998
"('elo_rating', 'bmi', 'life_exp', 'qol', 'mv_play_dom', 'mv_play_int', 'int_perc')",0.703140998
"('elo_rating', 'bmi', 'life_exp', 'qol', 'mv_play_dom', 'mv_play_int', 'dom_perc', 'int_perc')",0.703140998
"('elo_rating', 'life_exp', 'qol', 'mv_play_dom', 'mv_play_int', 'dom_int_mv_ratio')",0.702928579
"('mv_usd', 'elo_rating', 'life_exp', 'qol', 'num_play_dom', 'mv_play_int', 'num_play_int', 'dom_perc')",0.70180759
"('mv_usd', 'elo_rating', 'life_exp', 'qol', 'num_play_dom', 'mv_play_int', 'num_play_int', 'int_perc')",0.70180759
"('mv_usd', 'elo_rating', 'life_exp', 'qol', 'num_play_dom', 'mv_play_int', 'num_play_int', 'dom_perc', 'int_perc')",0.70180759
"('elo_rating', 'bmi', 'qol', 'mv_play_dom', 'mv_play_int', 'dom_int_mv_ratio')",0.701012022
"('mv_play_dom', 'mv_play_int', 'num_play_int', 'dom_int_mv_ratio', 'dom_perc')",0.700320601
"('mv_play_dom', 'mv_play_int', 'num_play_int', 'dom_int_mv_ratio', 'int_perc')",0.700320601
"('mv_play_dom', 'mv_play_int', 'num_play_int', 'dom_int_mv_ratio', 'dom_perc', 'int_perc')",0.700320601
"('power_rating', 'gdp_usd', 'mv_usd', 'elo_rating', 'bmi', 'life_exp', 'qol', 'mv_play_dom', 'num_play_dom', 'mv_play_int', 'num_play_int', 'dom_int_mv_ratio', 'dom_perc')",0.700237104
"('power_rating', 'gdp_usd', 'mv_usd', 'elo_rating', 'bmi', 'life_exp', 'qol', 'mv_play_dom', 'num_play_dom', 'mv_play_int', 'num_play_int', 'dom_int_mv_ratio', 'int_perc')",0.700237104
"('power_rating', 'gdp_usd', 'mv_usd', 'elo_rating', 'bmi', 'life_exp', 'qol', 'mv_play_dom', 'num_play_dom', 'mv_play_int', 'num_play_int', 'dom_int_mv_ratio', 'dom_perc', 'int_perc')",0.700237104
"('power_rating', 'gdp_usd', 'elo_rating', 'bmi', 'life_exp', 'qol', 'mv_play_dom', 'num_play_dom', 'mv_play_int', 'num_play_int', 'dom_int_mv_ratio', 'dom_perc')",0.700213231
"('power_rating', 'gdp_usd', 'elo_rating', 'bmi', 'life_exp', 'qol', 'mv_play_dom', 'num_play_dom', 'mv_play_int', 'num_play_int', 'dom_int_mv_ratio', 'int_perc')",0.700213231
"('power_rating', 'gdp_usd', 'elo_rating', 'bmi', 'life_exp', 'qol', 'mv_play_dom', 'num_play_dom', 'mv_play_int', 'num_play_int', 'dom_int_mv_ratio', 'dom_perc', 'int_perc')",0.700213231
"('mv_usd', 'bmi', 'life_exp', 'qol', 'num_play_dom', 'mv_play_int', 'num_play_int', 'dom_int_mv_ratio')",0.700103987
"('power_rating', 'mv_usd', 'elo_rating', 'bmi', 'life_exp', 'qol', 'mv_play_dom', 'num_play_dom', 'mv_play_int', 'num_play_int', 'dom_int_mv_ratio', 'dom_perc')",0.700071819
"('power_rating', 'mv_usd', 'elo_rating', 'bmi', 'life_exp', 'qol', 'mv_play_dom', 'num_play_dom', 'mv_play_int', 'num_play_int', 'dom_int_mv_ratio', 'int_perc')",0.700071819
"('power_rating', 'mv_usd', 'elo_rating', 'bmi', 'life_exp', 'qol', 'mv_play_dom', 'num_play_dom', 'mv_play_int', 'num_play_int', 'dom_int_mv_ratio', 'dom_perc', 'int_perc')",0.700071819
"('mv_usd', 'bmi', 'life_exp', 'num_play_dom', 'mv_play_int', 'num_play_int', 'dom_int_mv_ratio')",0.700025004
"('power_rating', 'gdp_usd', 'mv_usd', 'elo_rating', 'bmi', 'life_exp', 'qol', 'num_play_dom', 'mv_play_int', 'num_play_int', 'dom_int_mv_ratio', 'dom_perc')",0.700016697
"('power_rating', 'gdp_usd', 'mv_usd', 'elo_rating', 'bmi', 'life_exp', 'qol', 'num_play_dom', 'mv_play_int', 'num_play_int', 'dom_int_mv_ratio', 'int_perc')",0.700016697
"('power_rating', 'gdp_usd', 'mv_usd', 'elo_rating', 'bmi', 'life_exp', 'qol', 'num_play_dom', 'mv_play_int', 'num_play_int', 'dom_int_mv_ratio', 'dom_perc', 'int_perc')",0.700016697
"('power_rating', 'mv_usd', 'elo_rating', 'bmi', 'life_exp', 'qol', 'num_play_dom', 'mv_play_int', 'num_play_int', 'dom_int_mv_ratio', 'dom_perc')",0.699965053
"('power_rating', 'mv_usd', 'elo_rating', 'bmi', 'life_exp', 'qol', 'num_play_dom', 'mv_play_int', 'num_play_int', 'dom_int_mv_ratio', 'int_perc')",0.699965053
"('power_rating', 'mv_usd', 'elo_rating', 'bmi', 'life_exp', 'qol', 'num_play_dom', 'mv_play_int', 'num_play_int', 'dom_int_mv_ratio', 'dom_perc', 'int_perc')",0.699965053
"('power_rating', 'elo_rating', 'bmi', 'life_exp', 'qol', 'mv_play_dom', 'num_play_dom', 'mv_play_int', 'num_play_int', 'dom_int_mv_ratio', 'dom_perc')",0.699901909
"('power_rating', 'elo_rating', 'bmi', 'life_exp', 'qol', 'mv_play_dom', 'num_play_dom', 'mv_play_int', 'num_play_int', 'dom_int_mv_ratio', 'int_perc')",0.699901909
"('power_rating', 'elo_rating', 'bmi', 'life_exp', 'qol', 'mv_play_dom', 'num_play_dom', 'mv_play_int', 'num_play_int', 'dom_int_mv_ratio', 'dom_perc', 'int_perc')",0.699901909
"('elo_rating', 'bmi', 'life_exp', 'qol', 'mv_play_dom', 'mv_play_int')",0.699645233
"('power_rating', 'gdp_usd', 'mv_usd', 'elo_rating', 'bmi', 'life_exp', 'mv_play_dom', 'num_play_dom', 'mv_play_int', 'num_play_int', 'dom_int_mv_ratio', 'dom_perc')",0.699445854
"('power_rating', 'gdp_usd', 'mv_usd', 'elo_rating', 'bmi', 'life_exp', 'mv_play_dom', 'num_play_dom', 'mv_play_int', 'num_play_int', 'dom_int_mv_ratio', 'int_perc')",0.699445854
"('power_rating', 'gdp_usd', 'mv_usd', 'elo_rating', 'bmi', 'life_exp', 'mv_play_dom', 'num_play_dom', 'mv_play_int', 'num_play_int', 'dom_int_mv_ratio', 'dom_perc', 'int_perc')",0.699445854
"('power_rating', 'gdp_usd', 'elo_rating', 'bmi', 'life_exp', 'mv_play_dom', 'num_play_dom', 'mv_play_int', 'num_play_int', 'dom_int_mv_ratio', 'dom_perc')",0.699414085
"('power_rating', 'gdp_usd', 'elo_rating', 'bmi', 'life_exp', 'mv_play_dom', 'num_play_dom', 'mv_play_int', 'num_play_int', 'dom_int_mv_ratio', 'int_perc')",0.699414085
"('power_rating', 'gdp_usd', 'elo_rating', 'bmi', 'life_exp', 'mv_play_dom', 'num_play_dom', 'mv_play_int', 'num_play_int', 'dom_int_mv_ratio', 'dom_perc', 'int_perc')",0.699414085
"('mv_usd', 'elo_rating', 'bmi', 'qol', 'num_play_dom', 'mv_play_int', 'num_play_int', 'dom_perc')",0.699284605
"('mv_usd', 'elo_rating', 'bmi', 'qol', 'num_play_dom', 'mv_play_int', 'num_play_int', 'int_perc')",0.699284605
"('mv_usd', 'elo_rating', 'bmi', 'qol', 'num_play_dom', 'mv_play_int', 'num_play_int', 'dom_perc', 'int_perc')",0.699284605
"('elo_rating', 'qol', 'mv_play_dom', 'mv_play_int', 'dom_int_mv_ratio', 'dom_perc')",0.699276362
"('elo_rating', 'qol', 'mv_play_dom', 'mv_play_int', 'dom_int_mv_ratio', 'int_perc')",0.699276362
"('elo_rating', 'qol', 'mv_play_dom', 'mv_play_int', 'dom_int_mv_ratio', 'dom_perc', 'int_perc')",0.699276362
"('elo_rating', 'bmi', 'qol', 'mv_play_dom', 'mv_play_int', 'dom_perc')",0.698998658
"('elo_rating', 'bmi', 'qol', 'mv_play_dom', 'mv_play_int', 'int_perc')",0.698998658
"('elo_rating', 'bmi', 'qol', 'mv_play_dom', 'mv_play_int', 'dom_perc', 'int_perc')",0.698998658
"('mv_usd', 'elo_rating', 'bmi', 'num_play_dom', 'mv_play_int', 'num_play_int', 'dom_perc')",0.698837695
"('mv_usd', 'elo_rating', 'bmi', 'num_play_dom', 'mv_play_int', 'num_play_int', 'int_perc')",0.698837695
"('mv_usd', 'elo_rating', 'bmi', 'num_play_dom', 'mv_play_int', 'num_play_int', 'dom_perc', 'int_perc')",0.698837695
"('elo_rating', 'life_exp', 'qol', 'mv_play_dom', 'mv_play_int', 'dom_perc')",0.698781101
"('elo_rating', 'life_exp', 'qol', 'mv_play_dom', 'mv_play_int', 'int_perc')",0.698781101
"('elo_rating', 'life_exp', 'qol', 'mv_play_dom', 'mv_play_int', 'dom_perc', 'int_perc')",0.698781101
"('power_rating', 'gdp_usd', 'mv_usd', 'elo_rating', 'bmi', 'life_exp', 'num_play_dom', 'mv_play_int', 'num_play_int', 'dom_int_mv_ratio', 'dom_perc')",0.698755964
"('power_rating', 'gdp_usd', 'mv_usd', 'elo_rating', 'bmi', 'life_exp', 'num_play_dom', 'mv_play_int', 'num_play_int', 'dom_int_mv_ratio', 'int_perc')",0.698755964
"('power_rating', 'gdp_usd', 'mv_usd', 'elo_rating', 'bmi', 'life_exp', 'num_play_dom', 'mv_play_int', 'num_play_int', 'dom_int_mv_ratio', 'dom_perc', 'int_perc')",0.698755964
"('power_rating', 'gdp_usd', 'elo_rating', 'bmi', 'life_exp', 'qol', 'num_play_dom', 'mv_play_int', 'num_play_int', 'dom_int_mv_ratio', 'dom_perc')",0.698523293
"('power_rating', 'gdp_usd', 'elo_rating', 'bmi', 'life_exp', 'qol', 'num_play_dom', 'mv_play_int', 'num_play_int', 'dom_int_mv_ratio', 'int_perc')",0.698523293
"('power_rating', 'gdp_usd', 'elo_rating', 'bmi', 'life_exp', 'qol', 'num_play_dom', 'mv_play_int', 'num_play_int', 'dom_int_mv_ratio', 'dom_perc', 'int_perc')",0.698523293
"('power_rating', 'mv_usd', 'elo_rating', 'bmi', 'life_exp', 'mv_play_dom', 'num_play_dom', 'mv_play_int', 'num_play_int', 'dom_int_mv_ratio', 'dom_perc')",0.698343518
"('power_rating', 'mv_usd', 'elo_rating', 'bmi', 'life_exp', 'mv_play_dom', 'num_play_dom', 'mv_play_int', 'num_play_int', 'dom_int_mv_ratio', 'int_perc')",0.698343518
"('power_rating', 'mv_usd', 'elo_rating', 'bmi', 'life_exp', 'mv_play_dom', 'num_play_dom', 'mv_play_int', 'num_play_int', 'dom_int_mv_ratio', 'dom_perc', 'int_perc')",0.698343518
"('mv_usd', 'elo_rating', 'life_exp', 'num_play_dom', 'mv_play_int', 'num_play_int', 'dom_perc')",0.698301387
"('mv_usd', 'elo_rating', 'life_exp', 'num_play_dom', 'mv_play_int', 'num_play_int', 'int_perc')",0.698301387
"('mv_usd', 'elo_rating', 'life_exp', 'num_play_dom', 'mv_play_int', 'num_play_int', 'dom_perc', 'int_perc')",0.698301387
"('power_rating', 'elo_rating', 'bmi', 'life_exp', 'mv_play_dom', 'num_play_dom', 'mv_play_int', 'num_play_int', 'dom_int_mv_ratio', 'dom_perc')",0.698281957
"('power_rating', 'elo_rating', 'bmi', 'life_exp', 'mv_play_dom', 'num_play_dom', 'mv_play_int', 'num_play_int', 'dom_int_mv_ratio', 'int_perc')",0.698281957
"('power_rating', 'elo_rating', 'bmi', 'life_exp', 'mv_play_dom', 'num_play_dom', 'mv_play_int', 'num_play_int', 'dom_int_mv_ratio', 'dom_perc', 'int_perc')",0.698281957
"('power_rating', 'elo_rating', 'bmi', 'life_exp', 'qol', 'num_play_dom', 'mv_play_int', 'num_play_int', 'dom_int_mv_ratio', 'dom_perc')",0.698164873
"('power_rating', 'elo_rating', 'bmi', 'life_exp', 'qol', 'num_play_dom', 'mv_play_int', 'num_play_int', 'dom_int_mv_ratio', 'int_perc')",0.698164873
"('power_rating', 'elo_rating', 'bmi', 'life_exp', 'qol', 'num_play_dom', 'mv_play_int', 'num_play_int', 'dom_int_mv_ratio', 'dom_perc', 'int_perc')",0.698164873
"('power_rating', 'mv_usd', 'elo_rating', 'bmi', 'life_exp', 'num_play_dom', 'mv_play_int', 'num_play_int', 'dom_int_mv_ratio', 'dom_perc')",0.698056979
"('power_rating', 'mv_usd', 'elo_rating', 'bmi', 'life_exp', 'num_play_dom', 'mv_play_int', 'num_play_int', 'dom_int_mv_ratio', 'int_perc')",0.698056979
"('power_rating', 'mv_usd', 'elo_rating', 'bmi', 'life_exp', 'num_play_dom', 'mv_play_int', 'num_play_int', 'dom_int_mv_ratio', 'dom_perc', 'int_perc')",0.698056979
"('power_rating', 'gdp_usd', 'mv_usd', 'elo_rating', 'bmi', 'life_exp', 'qol', 'mv_play_dom', 'num_play_dom', 'mv_play_int', 'num_play_int', 'dom_perc')",0.697937852
"('power_rating', 'gdp_usd', 'mv_usd', 'elo_rating', 'bmi', 'life_exp', 'qol', 'mv_play_dom', 'num_play_dom', 'mv_play_int', 'num_play_int', 'int_perc')",0.697937852
"('power_rating', 'gdp_usd', 'mv_usd', 'elo_rating', 'bmi', 'life_exp', 'qol', 'mv_play_dom', 'num_play_dom', 'mv_play_int', 'num_play_int', 'dom_perc', 'int_perc')",0.697937852
"('power_rating', 'mv_usd', 'elo_rating', 'bmi', 'life_exp', 'qol', 'mv_play_dom', 'num_play_dom', 'mv_play_int', 'num_play_int', 'dom_perc')",0.697923143
"('power_rating', 'mv_usd', 'elo_rating', 'bmi', 'life_exp', 'qol', 'mv_play_dom', 'num_play_dom', 'mv_play_int', 'num_play_int', 'int_perc')",0.697923143
"('power_rating', 'mv_usd', 'elo_rating', 'bmi', 'life_exp', 'qol', 'mv_play_dom', 'num_play_dom', 'mv_play_int', 'num_play_int', 'dom_perc', 'int_perc')",0.697923143
"('power_rating', 'gdp_usd', 'mv_usd', 'elo_rating', 'bmi', 'life_exp', 'qol', 'num_play_dom', 'mv_play_int', 'num_play_int', 'dom_perc')",0.697886942
"('power_rating', 'gdp_usd', 'mv_usd', 'elo_rating', 'bmi', 'life_exp', 'qol', 'num_play_dom', 'mv_play_int', 'num_play_int', 'int_perc')",0.697886942
"('power_rating', 'gdp_usd', 'mv_usd', 'elo_rating', 'bmi', 'life_exp', 'qol', 'num_play_dom', 'mv_play_int', 'num_play_int', 'dom_perc', 'int_perc')",0.697886942
"('power_rating', 'mv_usd', 'elo_rating', 'bmi', 'life_exp', 'qol', 'num_play_dom', 'mv_play_int', 'num_play_int', 'dom_perc')",0.697885956
"('power_rating', 'mv_usd', 'elo_rating', 'bmi', 'life_exp', 'qol', 'num_play_dom', 'mv_play_int', 'num_play_int', 'int_perc')",0.697885956
"('power_rating', 'mv_usd', 'elo_rating', 'bmi', 'life_exp', 'qol', 'num_play_dom', 'mv_play_int', 'num_play_int', 'dom_perc', 'int_perc')",0.697885956
"('power_rating', 'gdp_usd', 'mv_usd', 'bmi', 'life_exp', 'qol', 'mv_play_dom', 'num_play_dom', 'mv_play_int', 'num_play_int', 'dom_int_mv_ratio', 'dom_perc')",0.697849867
"('power_rating', 'gdp_usd', 'mv_usd', 'bmi', 'life_exp', 'qol', 'mv_play_dom', 'num_play_dom', 'mv_play_int', 'num_play_int', 'dom_int_mv_ratio', 'int_perc')",0.697849867
"('power_rating', 'gdp_usd', 'mv_usd', 'bmi', 'life_exp', 'qol', 'mv_play_dom', 'num_play_dom', 'mv_play_int', 'num_play_int', 'dom_int_mv_ratio', 'dom_perc', 'int_perc')",0.697849867
"('power_rating', 'gdp_usd', 'bmi', 'life_exp', 'qol', 'mv_play_dom', 'num_play_dom', 'mv_play_int', 'num_play_int', 'dom_int_mv_ratio', 'dom_perc')",0.697841388
"('power_rating', 'gdp_usd', 'bmi', 'life_exp', 'qol', 'mv_play_dom', 'num_play_dom', 'mv_play_int', 'num_play_int', 'dom_int_mv_ratio', 'int_perc')",0.697841388
"('power_rating', 'gdp_usd', 'bmi', 'life_exp', 'qol', 'mv_play_dom', 'num_play_dom', 'mv_play_int', 'num_play_int', 'dom_int_mv_ratio', 'dom_perc', 'int_perc')",0.697841388
"('elo_rating', 'qol', 'mv_play_dom', 'mv_play_int', 'dom_int_mv_ratio')",0.697706593
"('power_rating', 'gdp_usd', 'elo_rating', 'bmi', 'life_exp', 'num_play_dom', 'mv_play_int', 'num_play_int', 'dom_int_mv_ratio', 'dom_perc')",0.69755914
"('power_rating', 'gdp_usd', 'elo_rating', 'bmi', 'life_exp', 'num_play_dom', 'mv_play_int', 'num_play_int', 'dom_int_mv_ratio', 'int_perc')",0.69755914
"('power_rating', 'gdp_usd', 'elo_rating', 'bmi', 'life_exp', 'num_play_dom', 'mv_play_int', 'num_play_int', 'dom_int_mv_ratio', 'dom_perc', 'int_perc')",0.69755914
"('power_rating', 'gdp_usd', 'mv_usd', 'elo_rating', 'life_exp', 'qol', 'mv_play_dom', 'num_play_dom', 'mv_play_int', 'num_play_int', 'dom_int_mv_ratio', 'dom_perc')",0.697480704
"('power_rating', 'gdp_usd', 'mv_usd', 'elo_rating', 'life_exp', 'qol', 'mv_play_dom', 'num_play_dom', 'mv_play_int', 'num_play_int', 'dom_int_mv_ratio', 'int_perc')",0.697480704
"('power_rating', 'gdp_usd', 'mv_usd', 'elo_rating', 'life_exp', 'qol', 'mv_play_dom', 'num_play_dom', 'mv_play_int', 'num_play_int', 'dom_int_mv_ratio', 'dom_perc', 'int_perc')",0.697480704
"('elo_rating', 'life_exp', 'qol', 'mv_play_dom', 'mv_play_int')",0.697464975
"('power_rating', 'gdp_usd', 'mv_usd', 'bmi', 'life_exp', 'mv_play_dom', 'num_play_dom', 'mv_play_int', 'num_play_int', 'dom_int_mv_ratio', 'dom_perc')",0.697448207
"('power_rating', 'gdp_usd', 'mv_usd', 'bmi', 'life_exp', 'mv_play_dom', 'num_play_dom', 'mv_play_int', 'num_play_int', 'dom_int_mv_ratio', 'int_perc')",0.697448207
"('power_rating', 'gdp_usd', 'mv_usd', 'bmi', 'life_exp', 'mv_play_dom', 'num_play_dom', 'mv_play_int', 'num_play_int', 'dom_int_mv_ratio', 'dom_perc', 'int_perc')",0.697448207
"('power_rating', 'gdp_usd', 'elo_rating', 'life_exp', 'qol', 'mv_play_dom', 'num_play_dom', 'mv_play_int', 'num_play_int', 'dom_int_mv_ratio', 'dom_perc')",0.697443747
"('power_rating', 'gdp_usd', 'elo_rating', 'life_exp', 'qol', 'mv_play_dom', 'num_play_dom', 'mv_play_int', 'num_play_int', 'dom_int_mv_ratio', 'int_perc')",0.697443747
"('power_rating', 'gdp_usd', 'elo_rating', 'life_exp', 'qol', 'mv_play_dom', 'num_play_dom', 'mv_play_int', 'num_play_int', 'dom_int_mv_ratio', 'dom_perc', 'int_perc')",0.697443747
"('power_rating', 'mv_usd', 'bmi', 'life_exp', 'qol', 'mv_play_dom', 'num_play_dom', 'mv_play_int', 'num_play_int', 'dom_int_mv_ratio', 'dom_perc')",0.697427649
"('power_rating', 'mv_usd', 'bmi', 'life_exp', 'qol', 'mv_play_dom', 'num_play_dom', 'mv_play_int', 'num_play_int', 'dom_int_mv_ratio', 'int_perc')",0.697427649
"('power_rating', 'mv_usd', 'bmi', 'life_exp', 'qol', 'mv_play_dom', 'num_play_dom', 'mv_play_int', 'num_play_int', 'dom_int_mv_ratio', 'dom_perc', 'int_perc')",0.697427649
"('power_rating', 'gdp_usd', 'mv_usd', 'elo_rating', 'life_exp', 'qol', 'num_play_dom', 'mv_play_int', 'num_play_int', 'dom_int_mv_ratio', 'dom_perc')",0.697413424
"('power_rating', 'gdp_usd', 'mv_usd', 'elo_rating', 'life_exp', 'qol', 'num_play_dom', 'mv_play_int', 'num_play_int', 'dom_int_mv_ratio', 'int_perc')",0.697413424
"('power_rating', 'gdp_usd', 'mv_usd', 'elo_rating', 'life_exp', 'qol', 'num_play_dom', 'mv_play_int', 'num_play_int', 'dom_int_mv_ratio', 'dom_perc', 'int_perc')",0.697413424
"('power_rating', 'mv_usd', 'elo_rating', 'life_exp', 'qol', 'mv_play_dom', 'num_play_dom', 'mv_play_int', 'num_play_int', 'dom_int_mv_ratio', 'dom_perc')",0.697388521
"('power_rating', 'mv_usd', 'elo_rating', 'life_exp', 'qol', 'mv_play_dom', 'num_play_dom', 'mv_play_int', 'num_play_int', 'dom_int_mv_ratio', 'int_perc')",0.697388521
"('power_rating', 'mv_usd', 'elo_rating', 'life_exp', 'qol', 'mv_play_dom', 'num_play_dom', 'mv_play_int', 'num_play_int', 'dom_int_mv_ratio', 'dom_perc', 'int_perc')",0.697388521
"('power_rating', 'mv_usd', 'elo_rating', 'life_exp', 'qol', 'num_play_dom', 'mv_play_int', 'num_play_int', 'dom_int_mv_ratio', 'dom_perc')",0.697367784
"('power_rating', 'mv_usd', 'elo_rating', 'life_exp', 'qol', 'num_play_dom', 'mv_play_int', 'num_play_int', 'dom_int_mv_ratio', 'int_perc')",0.697367784
"('power_rating', 'mv_usd', 'elo_rating', 'life_exp', 'qol', 'num_play_dom', 'mv_play_int', 'num_play_int', 'dom_int_mv_ratio', 'dom_perc', 'int_perc')",0.697367784
"('power_rating', 'bmi', 'life_exp', 'qol', 'mv_play_dom', 'num_play_dom', 'mv_play_int', 'num_play_int', 'dom_int_mv_ratio', 'dom_perc')",0.697361983
"('power_rating', 'bmi', 'life_exp', 'qol', 'mv_play_dom', 'num_play_dom', 'mv_play_int', 'num_play_int', 'dom_int_mv_ratio', 'int_perc')",0.697361983
"('power_rating', 'bmi', 'life_exp', 'qol', 'mv_play_dom', 'num_play_dom', 'mv_play_int', 'num_play_int', 'dom_int_mv_ratio', 'dom_perc', 'int_perc')",0.697361983
"('power_rating', 'gdp_usd', 'bmi', 'life_exp', 'mv_play_dom', 'num_play_dom', 'mv_play_int', 'num_play_int', 'dom_int_mv_ratio', 'dom_perc')",0.697339822
"('power_rating', 'gdp_usd', 'bmi', 'life_exp', 'mv_play_dom', 'num_play_dom', 'mv_play_int', 'num_play_int', 'dom_int_mv_ratio', 'int_perc')",0.697339822
"('power_rating', 'gdp_usd', 'bmi', 'life_exp', 'mv_play_dom', 'num_play_dom', 'mv_play_int', 'num_play_int', 'dom_int_mv_ratio', 'dom_perc', 'int_perc')",0.697339822
"('power_rating', 'elo_rating', 'life_exp', 'qol', 'mv_play_dom', 'num_play_dom', 'mv_play_int', 'num_play_int', 'dom_int_mv_ratio', 'dom_perc')",0.697231461
"('power_rating', 'elo_rating', 'life_exp', 'qol', 'mv_play_dom', 'num_play_dom', 'mv_play_int', 'num_play_int', 'dom_int_mv_ratio', 'int_perc')",0.697231461
"('power_rating', 'elo_rating', 'life_exp', 'qol', 'mv_play_dom', 'num_play_dom', 'mv_play_int', 'num_play_int', 'dom_int_mv_ratio', 'dom_perc', 'int_perc')",0.697231461
"('power_rating', 'gdp_usd', 'elo_rating', 'bmi', 'life_exp', 'qol', 'mv_play_dom', 'num_play_dom', 'mv_play_int', 'num_play_int', 'dom_perc')",0.697193378
"('power_rating', 'gdp_usd', 'elo_rating', 'bmi', 'life_exp', 'qol', 'mv_play_dom', 'num_play_dom', 'mv_play_int', 'num_play_int', 'int_perc')",0.697193378
"('power_rating', 'gdp_usd', 'elo_rating', 'bmi', 'life_exp', 'qol', 'mv_play_dom', 'num_play_dom', 'mv_play_int', 'num_play_int', 'dom_perc', 'int_perc')",0.697193378
"('power_rating', 'gdp_usd', 'mv_usd', 'elo_rating', 'bmi', 'life_exp', 'mv_play_dom', 'num_play_dom', 'mv_play_int', 'num_play_int', 'dom_perc')",0.697039509
"('power_rating', 'gdp_usd', 'mv_usd', 'elo_rating', 'bmi', 'life_exp', 'mv_play_dom', 'num_play_dom', 'mv_play_int', 'num_play_int', 'int_perc')",0.697039509
"('power_rating', 'gdp_usd', 'mv_usd', 'elo_rating', 'bmi', 'life_exp', 'mv_play_dom', 'num_play_dom', 'mv_play_int', 'num_play_int', 'dom_perc', 'int_perc')",0.697039509
"('power_rating', 'elo_rating', 'bmi', 'life_exp', 'qol', 'mv_play_dom', 'num_play_dom', 'mv_play_int', 'num_play_int', 'dom_perc')",0.696836762
"('power_rating', 'elo_rating', 'bmi', 'life_exp', 'qol', 'mv_play_dom', 'num_play_dom', 'mv_play_int', 'num_play_int', 'int_perc')",0.696836762
"('power_rating', 'elo_rating', 'bmi', 'life_exp', 'qol', 'mv_play_dom', 'num_play_dom', 'mv_play_int', 'num_play_int', 'dom_perc', 'int_perc')",0.696836762
"('mv_usd', 'elo_rating', 'bmi', 'life_exp', 'qol', 'mv_play_int', 'num_play_int', 'dom_perc')",0.696801378
"('mv_usd', 'elo_rating', 'bmi', 'life_exp', 'qol', 'mv_play_int', 'num_play_int', 'int_perc')",0.696801378
"('mv_usd', 'elo_rating', 'bmi', 'life_exp', 'qol', 'mv_play_int', 'num_play_int', 'dom_perc', 'int_perc')",0.696801378
"('power_rating', 'gdp_usd', 'elo_rating', 'bmi', 'life_exp', 'mv_play_dom', 'num_play_dom', 'mv_play_int', 'num_play_int', 'dom_perc')",0.696743669
"('power_rating', 'gdp_usd', 'elo_rating', 'bmi', 'life_exp', 'mv_play_dom', 'num_play_dom', 'mv_play_int', 'num_play_int', 'int_perc')",0.696743669
"('power_rating', 'gdp_usd', 'elo_rating', 'bmi', 'life_exp', 'mv_play_dom', 'num_play_dom', 'mv_play_int', 'num_play_int', 'dom_perc', 'int_perc')",0.696743669
"('power_rating', 'gdp_usd', 'mv_usd', 'elo_rating', 'bmi', 'life_exp', 'num_play_dom', 'mv_play_int', 'num_play_int', 'dom_perc')",0.696690815
"('power_rating', 'gdp_usd', 'mv_usd', 'elo_rating', 'bmi', 'life_exp', 'num_play_dom', 'mv_play_int', 'num_play_int', 'int_perc')",0.696690815
"('power_rating', 'gdp_usd', 'mv_usd', 'elo_rating', 'bmi', 'life_exp', 'num_play_dom', 'mv_play_int', 'num_play_int', 'dom_perc', 'int_perc')",0.696690815
"('power_rating', 'gdp_usd', 'elo_rating', 'life_exp', 'qol', 'num_play_dom', 'mv_play_int', 'num_play_int', 'dom_int_mv_ratio', 'dom_perc')",0.696558632
"('power_rating', 'gdp_usd', 'elo_rating', 'life_exp', 'qol', 'num_play_dom', 'mv_play_int', 'num_play_int', 'dom_int_mv_ratio', 'int_perc')",0.696558632
"('power_rating', 'gdp_usd', 'elo_rating', 'life_exp', 'qol', 'num_play_dom', 'mv_play_int', 'num_play_int', 'dom_int_mv_ratio', 'dom_perc', 'int_perc')",0.696558632
"('mv_usd', 'elo_rating', 'qol', 'num_play_dom', 'mv_play_int', 'num_play_int', 'dom_perc')",0.696551259
"('mv_usd', 'elo_rating', 'qol', 'num_play_dom', 'mv_play_int', 'num_play_int', 'int_perc')",0.696551259
"('mv_usd', 'elo_rating', 'qol', 'num_play_dom', 'mv_play_int', 'num_play_int', 'dom_perc', 'int_perc')",0.696551259
"('power_rating', 'mv_usd', 'elo_rating', 'bmi', 'life_exp', 'mv_play_dom', 'num_play_dom', 'mv_play_int', 'num_play_int', 'dom_perc')",0.696471309
"('power_rating', 'mv_usd', 'elo_rating', 'bmi', 'life_exp', 'mv_play_dom', 'num_play_dom', 'mv_play_int', 'num_play_int', 'int_perc')",0.696471309
"('power_rating', 'mv_usd', 'elo_rating', 'bmi', 'life_exp', 'mv_play_dom', 'num_play_dom', 'mv_play_int', 'num_play_int', 'dom_perc', 'int_perc')",0.696471309
"('power_rating', 'gdp_usd', 'mv_usd', 'bmi', 'life_exp', 'qol', 'num_play_dom', 'mv_play_int', 'num_play_int', 'dom_int_mv_ratio', 'dom_perc')",0.696394812
"('power_rating', 'gdp_usd', 'mv_usd', 'bmi', 'life_exp', 'qol', 'num_play_dom', 'mv_play_int', 'num_play_int', 'dom_int_mv_ratio', 'int_perc')",0.696394812
"('power_rating', 'gdp_usd', 'mv_usd', 'bmi', 'life_exp', 'qol', 'num_play_dom', 'mv_play_int', 'num_play_int', 'dom_int_mv_ratio', 'dom_perc', 'int_perc')",0.696394812
"('mv_usd', 'elo_rating', 'num_play_dom', 'mv_play_int', 'num_play_int', 'dom_perc')",0.696391467
"('mv_usd', 'elo_rating', 'num_play_dom', 'mv_play_int', 'num_play_int', 'int_perc')",0.696391467
"('mv_usd', 'elo_rating', 'num_play_dom', 'mv_play_int', 'num_play_int', 'dom_perc', 'int_perc')",0.696391467
"('mv_usd', 'elo_rating', 'bmi', 'life_exp', 'mv_play_int', 'num_play_int', 'dom_perc')",0.696366577
"('mv_usd', 'elo_rating', 'bmi', 'life_exp', 'mv_play_int', 'num_play_int', 'int_perc')",0.696366577
"('mv_usd', 'elo_rating', 'bmi', 'life_exp', 'mv_play_int', 'num_play_int', 'dom_perc', 'int_perc')",0.696366577
"('power_rating', 'mv_usd', 'bmi', 'life_exp', 'qol', 'num_play_dom', 'mv_play_int', 'num_play_int', 'dom_int_mv_ratio', 'dom_perc')",0.69636419
"('power_rating', 'mv_usd', 'bmi', 'life_exp', 'qol', 'num_play_dom', 'mv_play_int', 'num_play_int', 'dom_int_mv_ratio', 'int_perc')",0.69636419
"('power_rating', 'mv_usd', 'bmi', 'life_exp', 'qol', 'num_play_dom', 'mv_play_int', 'num_play_int', 'dom_int_mv_ratio', 'dom_perc', 'int_perc')",0.69636419
"('power_rating', 'mv_usd', 'elo_rating', 'bmi', 'life_exp', 'num_play_dom', 'mv_play_int', 'num_play_int', 'dom_perc')",0.696316617
"('power_rating', 'mv_usd', 'elo_rating', 'bmi', 'life_exp', 'num_play_dom', 'mv_play_int', 'num_play_int', 'int_perc')",0.696316617
"('power_rating', 'mv_usd', 'elo_rating', 'bmi', 'life_exp', 'num_play_dom', 'mv_play_int', 'num_play_int', 'dom_perc', 'int_perc')",0.696316617
"('power_rating', 'elo_rating', 'life_exp', 'qol', 'num_play_dom', 'mv_play_int', 'num_play_int', 'dom_int_mv_ratio', 'dom_perc')",0.696304018
"('power_rating', 'elo_rating', 'life_exp', 'qol', 'num_play_dom', 'mv_play_int', 'num_play_int', 'dom_int_mv_ratio', 'int_perc')",0.696304018
"('power_rating', 'elo_rating', 'life_exp', 'qol', 'num_play_dom', 'mv_play_int', 'num_play_int', 'dom_int_mv_ratio', 'dom_perc', 'int_perc')",0.696304018
"('power_rating', 'gdp_usd', 'mv_usd', 'bmi', 'life_exp', 'qol', 'mv_play_dom', 'num_play_dom', 'mv_play_int', 'num_play_int', 'dom_perc')",0.696235564
"('power_rating', 'gdp_usd', 'mv_usd', 'bmi', 'life_exp', 'qol', 'mv_play_dom', 'num_play_dom', 'mv_play_int', 'num_play_int', 'int_perc')",0.696235564
"('power_rating', 'gdp_usd', 'mv_usd', 'bmi', 'life_exp', 'qol', 'mv_play_dom', 'num_play_dom', 'mv_play_int', 'num_play_int', 'dom_perc', 'int_perc')",0.696235564
"('power_rating', 'elo_rating', 'bmi', 'life_exp', 'num_play_dom', 'mv_play_int', 'num_play_int', 'dom_int_mv_ratio', 'dom_perc')",0.696216966
"('power_rating', 'elo_rating', 'bmi', 'life_exp', 'num_play_dom', 'mv_play_int', 'num_play_int', 'dom_int_mv_ratio', 'int_perc')",0.696216966
"('power_rating', 'elo_rating', 'bmi', 'life_exp', 'num_play_dom', 'mv_play_int', 'num_play_int', 'dom_int_mv_ratio', 'dom_perc', 'int_perc')",0.696216966
"('elo_rating', 'bmi', 'life_exp', 'qol', 'mv_play_dom', 'num_play_dom', 'dom_int_mv_ratio', 'dom_perc')",0.696214122
"('elo_rating', 'bmi', 'life_exp', 'qol', 'mv_play_dom', 'num_play_dom', 'dom_int_mv_ratio', 'int_perc')",0.696214122
"('elo_rating', 'bmi', 'life_exp', 'qol', 'mv_play_dom', 'num_play_dom', 'dom_int_mv_ratio', 'dom_perc', 'int_perc')",0.696214122
"('power_rating', 'mv_usd', 'bmi', 'life_exp', 'mv_play_dom', 'num_play_dom', 'mv_play_int', 'num_play_int', 'dom_int_mv_ratio', 'dom_perc')",0.696113282
"('power_rating', 'mv_usd', 'bmi', 'life_exp', 'mv_play_dom', 'num_play_dom', 'mv_play_int', 'num_play_int', 'dom_int_mv_ratio', 'int_perc')",0.696113282
"('power_rating', 'mv_usd', 'bmi', 'life_exp', 'mv_play_dom', 'num_play_dom', 'mv_play_int', 'num_play_int', 'dom_int_mv_ratio', 'dom_perc', 'int_perc')",0.696113282
"('power_rating', 'bmi', 'life_exp', 'mv_play_dom', 'num_play_dom', 'mv_play_int', 'num_play_int', 'dom_int_mv_ratio', 'dom_perc')",0.696098207
"('power_rating', 'bmi', 'life_exp', 'mv_play_dom', 'num_play_dom', 'mv_play_int', 'num_play_int', 'dom_int_mv_ratio', 'int_perc')",0.696098207
"('power_rating', 'bmi', 'life_exp', 'mv_play_dom', 'num_play_dom', 'mv_play_int', 'num_play_int', 'dom_int_mv_ratio', 'dom_perc', 'int_perc')",0.696098207
"('power_rating', 'mv_usd', 'bmi', 'life_exp', 'qol', 'mv_play_dom', 'num_play_dom', 'mv_play_int', 'num_play_int', 'dom_perc')",0.696092892
"('power_rating', 'mv_usd', 'bmi', 'life_exp', 'qol', 'mv_play_dom', 'num_play_dom', 'mv_play_int', 'num_play_int', 'int_perc')",0.696092892
"('power_rating', 'mv_usd', 'bmi', 'life_exp', 'qol', 'mv_play_dom', 'num_play_dom', 'mv_play_int', 'num_play_int', 'dom_perc', 'int_perc')",0.696092892
"('power_rating', 'gdp_usd', 'bmi', 'life_exp', 'qol', 'mv_play_dom', 'num_play_dom', 'mv_play_int', 'num_play_int', 'dom_perc')",0.695937189
"('power_rating', 'gdp_usd', 'bmi', 'life_exp', 'qol', 'mv_play_dom', 'num_play_dom', 'mv_play_int', 'num_play_int', 'int_perc')",0.695937189
"('power_rating', 'gdp_usd', 'bmi', 'life_exp', 'qol', 'mv_play_dom', 'num_play_dom', 'mv_play_int', 'num_play_int', 'dom_perc', 'int_perc')",0.695937189
"('power_rating', 'elo_rating', 'bmi', 'life_exp', 'mv_play_dom', 'num_play_dom', 'mv_play_int', 'num_play_int', 'dom_perc')",0.695746196
"('power_rating', 'elo_rating', 'bmi', 'life_exp', 'mv_play_dom', 'num_play_dom', 'mv_play_int', 'num_play_int', 'int_perc')",0.695746196
"('power_rating', 'elo_rating', 'bmi', 'life_exp', 'mv_play_dom', 'num_play_dom', 'mv_play_int', 'num_play_int', 'dom_perc', 'int_perc')",0.695746196
"('power_rating', 'gdp_usd', 'mv_usd', 'bmi', 'life_exp', 'mv_play_dom', 'num_play_dom', 'mv_play_int', 'num_play_int', 'dom_perc')",0.695711818
"('power_rating', 'gdp_usd', 'mv_usd', 'bmi', 'life_exp', 'mv_play_dom', 'num_play_dom', 'mv_play_int', 'num_play_int', 'int_perc')",0.695711818
"('power_rating', 'gdp_usd', 'mv_usd', 'bmi', 'life_exp', 'mv_play_dom', 'num_play_dom', 'mv_play_int', 'num_play_int', 'dom_perc', 'int_perc')",0.695711818
"('power_rating', 'gdp_usd', 'bmi', 'life_exp', 'mv_play_dom', 'num_play_dom', 'mv_play_int', 'num_play_int', 'dom_perc')",0.695614131
"('power_rating', 'gdp_usd', 'bmi', 'life_exp', 'mv_play_dom', 'num_play_dom', 'mv_play_int', 'num_play_int', 'int_perc')",0.695614131
"('power_rating', 'gdp_usd', 'bmi', 'life_exp', 'mv_play_dom', 'num_play_dom', 'mv_play_int', 'num_play_int', 'dom_perc', 'int_perc')",0.695614131
"('power_rating', 'bmi', 'life_exp', 'qol', 'mv_play_dom', 'num_play_dom', 'mv_play_int', 'num_play_int', 'dom_perc')",0.695458076
"('power_rating', 'bmi', 'life_exp', 'qol', 'mv_play_dom', 'num_play_dom', 'mv_play_int', 'num_play_int', 'int_perc')",0.695458076
"('power_rating', 'bmi', 'life_exp', 'qol', 'mv_play_dom', 'num_play_dom', 'mv_play_int', 'num_play_int', 'dom_perc', 'int_perc')",0.695458076
"('power_rating', 'gdp_usd', 'mv_usd', 'bmi', 'life_exp', 'qol', 'num_play_dom', 'mv_play_int', 'num_play_int', 'dom_perc')",0.69541052
"('power_rating', 'gdp_usd', 'mv_usd', 'bmi', 'life_exp', 'qol', 'num_play_dom', 'mv_play_int', 'num_play_int', 'int_perc')",0.69541052
"('power_rating', 'gdp_usd', 'mv_usd', 'bmi', 'life_exp', 'qol', 'num_play_dom', 'mv_play_int', 'num_play_int', 'dom_perc', 'int_perc')",0.69541052
"('power_rating', 'mv_usd', 'bmi', 'life_exp', 'qol', 'num_play_dom', 'mv_play_int', 'num_play_int', 'dom_perc')",0.695408535
"('power_rating', 'mv_usd', 'bmi', 'life_exp', 'qol', 'num_play_dom', 'mv_play_int', 'num_play_int', 'int_perc')",0.695408535
"('power_rating', 'mv_usd', 'bmi', 'life_exp', 'qol', 'num_play_dom', 'mv_play_int', 'num_play_int', 'dom_perc', 'int_perc')",0.695408535
"('power_rating', 'gdp_usd', 'mv_usd', 'bmi', 'life_exp', 'num_play_dom', 'mv_play_int', 'num_play_int', 'dom_int_mv_ratio', 'dom_perc')",0.695275835
"('power_rating', 'gdp_usd', 'mv_usd', 'bmi', 'life_exp', 'num_play_dom', 'mv_play_int', 'num_play_int', 'dom_int_mv_ratio', 'int_perc')",0.695275835
"('power_rating', 'gdp_usd', 'mv_usd', 'bmi', 'life_exp', 'num_play_dom', 'mv_play_int', 'num_play_int', 'dom_int_mv_ratio', 'dom_perc', 'int_perc')",0.695275835
"('elo_rating', 'bmi', 'life_exp', 'qol', 'mv_play_dom', 'num_play_dom', 'dom_perc')",0.695211461
"('elo_rating', 'bmi', 'life_exp', 'qol', 'mv_play_dom', 'num_play_dom', 'int_perc')",0.695211461
"('elo_rating', 'bmi', 'life_exp', 'qol', 'mv_play_dom', 'num_play_dom', 'dom_perc', 'int_perc')",0.695211461
"('mv_usd', 'life_exp', 'qol', 'num_play_dom', 'mv_play_int', 'num_play_int', 'dom_int_mv_ratio')",0.695005045
"('power_rating', 'gdp_usd', 'mv_usd', 'elo_rating', 'life_exp', 'mv_play_dom', 'num_play_dom', 'mv_play_int', 'num_play_int', 'dom_int_mv_ratio', 'dom_perc')",0.694965569
"('power_rating', 'gdp_usd', 'mv_usd', 'elo_rating', 'life_exp', 'mv_play_dom', 'num_play_dom', 'mv_play_int', 'num_play_int', 'dom_int_mv_ratio', 'int_perc')",0.694965569
"('power_rating', 'gdp_usd', 'mv_usd', 'elo_rating', 'life_exp', 'mv_play_dom', 'num_play_dom', 'mv_play_int', 'num_play_int', 'dom_int_mv_ratio', 'dom_perc', 'int_perc')",0.694965569
"('power_rating', 'mv_usd', 'bmi', 'life_exp', 'mv_play_dom', 'num_play_dom', 'mv_play_int', 'num_play_int', 'dom_perc')",0.694920627
"('power_rating', 'mv_usd', 'bmi', 'life_exp', 'mv_play_dom', 'num_play_dom', 'mv_play_int', 'num_play_int', 'int_perc')",0.694920627
"('power_rating', 'mv_usd', 'bmi', 'life_exp', 'mv_play_dom', 'num_play_dom', 'mv_play_int', 'num_play_int', 'dom_perc', 'int_perc')",0.694920627
"('power_rating', 'gdp_usd', 'elo_rating', 'life_exp', 'mv_play_dom', 'num_play_dom', 'mv_play_int', 'num_play_int', 'dom_int_mv_ratio', 'dom_perc')",0.694773069
"('power_rating', 'gdp_usd', 'elo_rating', 'life_exp', 'mv_play_dom', 'num_play_dom', 'mv_play_int', 'num_play_int', 'dom_int_mv_ratio', 'int_perc')",0.694773069
"('power_rating', 'gdp_usd', 'elo_rating', 'life_exp', 'mv_play_dom', 'num_play_dom', 'mv_play_int', 'num_play_int', 'dom_int_mv_ratio', 'dom_perc', 'int_perc')",0.694773069
"('elo_rating', 'bmi', 'qol', 'mv_play_dom', 'mv_play_int')",0.694720396
"('power_rating', 'mv_usd', 'bmi', 'life_exp', 'num_play_dom', 'mv_play_int', 'num_play_int', 'dom_int_mv_ratio', 'dom_perc')",0.694719466
"('power_rating', 'mv_usd', 'bmi', 'life_exp', 'num_play_dom', 'mv_play_int', 'num_play_int', 'dom_int_mv_ratio', 'int_perc')",0.694719466
"('power_rating', 'mv_usd', 'bmi', 'life_exp', 'num_play_dom', 'mv_play_int', 'num_play_int', 'dom_int_mv_ratio', 'dom_perc', 'int_perc')",0.694719466
"('power_rating', 'bmi', 'life_exp', 'mv_play_dom', 'num_play_dom', 'mv_play_int', 'num_play_int', 'dom_perc')",0.694513921
"('power_rating', 'bmi', 'life_exp', 'mv_play_dom', 'num_play_dom', 'mv_play_int', 'num_play_int', 'int_perc')",0.694513921
"('power_rating', 'bmi', 'life_exp', 'mv_play_dom', 'num_play_dom', 'mv_play_int', 'num_play_int', 'dom_perc', 'int_perc')",0.694513921
"('power_rating', 'gdp_usd', 'mv_usd', 'bmi', 'life_exp', 'num_play_dom', 'mv_play_int', 'num_play_int', 'dom_perc')",0.694315265
"('power_rating', 'gdp_usd', 'mv_usd', 'bmi', 'life_exp', 'num_play_dom', 'mv_play_int', 'num_play_int', 'int_perc')",0.694315265
"('power_rating', 'gdp_usd', 'mv_usd', 'bmi', 'life_exp', 'num_play_dom', 'mv_play_int', 'num_play_int', 'dom_perc', 'int_perc')",0.694315265
"('power_rating', 'gdp_usd', 'mv_usd', 'elo_rating', 'life_exp', 'num_play_dom', 'mv_play_int', 'num_play_int', 'dom_int_mv_ratio', 'dom_perc')",0.694290906
"('power_rating', 'gdp_usd', 'mv_usd', 'elo_rating', 'life_exp', 'num_play_dom', 'mv_play_int', 'num_play_int', 'dom_int_mv_ratio', 'int_perc')",0.694290906
"('power_rating', 'gdp_usd', 'mv_usd', 'elo_rating', 'life_exp', 'num_play_dom', 'mv_play_int', 'num_play_int', 'dom_int_mv_ratio', 'dom_perc', 'int_perc')",0.694290906
"('power_rating', 'gdp_usd', 'mv_usd', 'elo_rating', 'life_exp', 'qol', 'mv_play_dom', 'num_play_dom', 'mv_play_int', 'num_play_int', 'dom_perc')",0.694267459
"('power_rating', 'gdp_usd', 'mv_usd', 'elo_rating', 'life_exp', 'qol', 'mv_play_dom', 'num_play_dom', 'mv_play_int', 'num_play_int', 'int_perc')",0.694267459
"('power_rating', 'gdp_usd', 'mv_usd', 'elo_rating', 'life_exp', 'qol', 'mv_play_dom', 'num_play_dom', 'mv_play_int', 'num_play_int', 'dom_perc', 'int_perc')",0.694267459
"('power_rating', 'mv_usd', 'elo_rating', 'life_exp', 'qol', 'mv_play_dom', 'num_play_dom', 'mv_play_int', 'num_play_int', 'dom_perc')",0.694263907
"('power_rating', 'mv_usd', 'elo_rating', 'life_exp', 'qol', 'mv_play_dom', 'num_play_dom', 'mv_play_int', 'num_play_int', 'int_perc')",0.694263907
"('power_rating', 'mv_usd', 'elo_rating', 'life_exp', 'qol', 'mv_play_dom', 'num_play_dom', 'mv_play_int', 'num_play_int', 'dom_perc', 'int_perc')",0.694263907
"('power_rating', 'gdp_usd', 'mv_usd', 'elo_rating', 'life_exp', 'qol', 'num_play_dom', 'mv_play_int', 'num_play_int', 'dom_perc')",0.694261742
"('power_rating', 'gdp_usd', 'mv_usd', 'elo_rating', 'life_exp', 'qol', 'num_play_dom', 'mv_play_int', 'num_play_int', 'int_perc')",0.694261742
"('power_rating', 'gdp_usd', 'mv_usd', 'elo_rating', 'life_exp', 'qol', 'num_play_dom', 'mv_play_int', 'num_play_int', 'dom_perc', 'int_perc')",0.694261742
"('power_rating', 'mv_usd', 'elo_rating', 'life_exp', 'qol', 'num_play_dom', 'mv_play_int', 'num_play_int', 'dom_perc')",0.694260727
"('power_rating', 'mv_usd', 'elo_rating', 'life_exp', 'qol', 'num_play_dom', 'mv_play_int', 'num_play_int', 'int_perc')",0.694260727
"('power_rating', 'mv_usd', 'elo_rating', 'life_exp', 'qol', 'num_play_dom', 'mv_play_int', 'num_play_int', 'dom_perc', 'int_perc')",0.694260727
"('power_rating', 'gdp_usd', 'elo_rating', 'life_exp', 'num_play_dom', 'mv_play_int', 'num_play_int', 'dom_int_mv_ratio', 'dom_perc')",0.693955533
"('power_rating', 'gdp_usd', 'elo_rating', 'life_exp', 'num_play_dom', 'mv_play_int', 'num_play_int', 'dom_int_mv_ratio', 'int_perc')",0.693955533
"('power_rating', 'gdp_usd', 'elo_rating', 'life_exp', 'num_play_dom', 'mv_play_int', 'num_play_int', 'dom_int_mv_ratio', 'dom_perc', 'int_perc')",0.693955533
"('power_rating', 'mv_usd', 'bmi', 'life_exp', 'num_play_dom', 'mv_play_int', 'num_play_int', 'dom_perc')",0.693953205
"('power_rating', 'mv_usd', 'bmi', 'life_exp', 'num_play_dom', 'mv_play_int', 'num_play_int', 'int_perc')",0.693953205
"('power_rating', 'mv_usd', 'bmi', 'life_exp', 'num_play_dom', 'mv_play_int', 'num_play_int', 'dom_perc', 'int_perc')",0.693953205
"('power_rating', 'gdp_usd', 'mv_usd', 'life_exp', 'qol', 'mv_play_dom', 'num_play_dom', 'mv_play_int', 'num_play_int', 'dom_int_mv_ratio', 'dom_perc')",0.693728963
"('power_rating', 'gdp_usd', 'mv_usd', 'life_exp', 'qol', 'mv_play_dom', 'num_play_dom', 'mv_play_int', 'num_play_int', 'dom_int_mv_ratio', 'int_perc')",0.693728963
"('power_rating', 'gdp_usd', 'mv_usd', 'life_exp', 'qol', 'mv_play_dom', 'num_play_dom', 'mv_play_int', 'num_play_int', 'dom_int_mv_ratio', 'dom_perc', 'int_perc')",0.693728963
"('power_rating', 'gdp_usd', 'life_exp', 'qol', 'mv_play_dom', 'num_play_dom', 'mv_play_int', 'num_play_int', 'dom_int_mv_ratio', 'dom_perc')",0.693715849
"('power_rating', 'gdp_usd', 'life_exp', 'qol', 'mv_play_dom', 'num_play_dom', 'mv_play_int', 'num_play_int', 'dom_int_mv_ratio', 'int_perc')",0.693715849
"('power_rating', 'gdp_usd', 'life_exp', 'qol', 'mv_play_dom', 'num_play_dom', 'mv_play_int', 'num_play_int', 'dom_int_mv_ratio', 'dom_perc', 'int_perc')",0.693715849
"('mv_usd', 'life_exp', 'num_play_dom', 'mv_play_int', 'num_play_int', 'dom_int_mv_ratio')",0.69351201
"('power_rating', 'mv_usd', 'life_exp', 'qol', 'mv_play_dom', 'num_play_dom', 'mv_play_int', 'num_play_int', 'dom_int_mv_ratio', 'dom_perc')",0.693385151
"('power_rating', 'mv_usd', 'life_exp', 'qol', 'mv_play_dom', 'num_play_dom', 'mv_play_int', 'num_play_int', 'dom_int_mv_ratio', 'int_perc')",0.693385151
"('power_rating', 'mv_usd', 'life_exp', 'qol', 'mv_play_dom', 'num_play_dom', 'mv_play_int', 'num_play_int', 'dom_int_mv_ratio', 'dom_perc', 'int_perc')",0.693385151
"('power_rating', 'life_exp', 'qol', 'mv_play_dom', 'num_play_dom', 'mv_play_int', 'num_play_int', 'dom_int_mv_ratio', 'dom_perc')",0.693346824
"('power_rating', 'life_exp', 'qol', 'mv_play_dom', 'num_play_dom', 'mv_play_int', 'num_play_int', 'dom_int_mv_ratio', 'int_perc')",0.693346824
"('power_rating', 'life_exp', 'qol', 'mv_play_dom', 'num_play_dom', 'mv_play_int', 'num_play_int', 'dom_int_mv_ratio', 'dom_perc', 'int_perc')",0.693346824
"('power_rating', 'gdp_usd', 'elo_rating', 'life_exp', 'qol', 'mv_play_dom', 'num_play_dom', 'mv_play_int', 'num_play_int', 'dom_perc')",0.693160406
"('power_rating', 'gdp_usd', 'elo_rating', 'life_exp', 'qol', 'mv_play_dom', 'num_play_dom', 'mv_play_int', 'num_play_int', 'int_perc')",0.693160406
"('power_rating', 'gdp_usd', 'elo_rating', 'life_exp', 'qol', 'mv_play_dom', 'num_play_dom', 'mv_play_int', 'num_play_int', 'dom_perc', 'int_perc')",0.693160406
"('power_rating', 'mv_usd', 'elo_rating', 'life_exp', 'mv_play_dom', 'num_play_dom', 'mv_play_int', 'num_play_int', 'dom_int_mv_ratio', 'dom_perc')",0.692956963
"('power_rating', 'mv_usd', 'elo_rating', 'life_exp', 'mv_play_dom', 'num_play_dom', 'mv_play_int', 'num_play_int', 'dom_int_mv_ratio', 'int_perc')",0.692956963
"('power_rating', 'mv_usd', 'elo_rating', 'life_exp', 'mv_play_dom', 'num_play_dom', 'mv_play_int', 'num_play_int', 'dom_int_mv_ratio', 'dom_perc', 'int_perc')",0.692956963
"('power_rating', 'elo_rating', 'life_exp', 'mv_play_dom', 'num_play_dom', 'mv_play_int', 'num_play_int', 'dom_int_mv_ratio', 'dom_perc')",0.692946807
"('power_rating', 'elo_rating', 'life_exp', 'mv_play_dom', 'num_play_dom', 'mv_play_int', 'num_play_int', 'dom_int_mv_ratio', 'int_perc')",0.692946807
"('power_rating', 'elo_rating', 'life_exp', 'mv_play_dom', 'num_play_dom', 'mv_play_int', 'num_play_int', 'dom_int_mv_ratio', 'dom_perc', 'int_perc')",0.692946807
"('power_rating', 'elo_rating', 'life_exp', 'qol', 'mv_play_dom', 'num_play_dom', 'mv_play_int', 'num_play_int', 'dom_perc')",0.692924308
"('power_rating', 'elo_rating', 'life_exp', 'qol', 'mv_play_dom', 'num_play_dom', 'mv_play_int', 'num_play_int', 'int_perc')",0.692924308
"('power_rating', 'elo_rating', 'life_exp', 'qol', 'mv_play_dom', 'num_play_dom', 'mv_play_int', 'num_play_int', 'dom_perc', 'int_perc')",0.692924308
"('power_rating', 'mv_usd', 'elo_rating', 'life_exp', 'num_play_dom', 'mv_play_int', 'num_play_int', 'dom_int_mv_ratio', 'dom_perc')",0.692796162
"('power_rating', 'mv_usd', 'elo_rating', 'life_exp', 'num_play_dom', 'mv_play_int', 'num_play_int', 'dom_int_mv_ratio', 'int_perc')",0.692796162
"('power_rating', 'mv_usd', 'elo_rating', 'life_exp', 'num_play_dom', 'mv_play_int', 'num_play_int', 'dom_int_mv_ratio', 'dom_perc', 'int_perc')",0.692796162
"('mv_usd', 'bmi', 'qol', 'num_play_dom', 'mv_play_int', 'num_play_int', 'dom_int_mv_ratio')",0.692788842
"('mv_play_dom', 'mv_play_int', 'dom_int_mv_ratio', 'dom_perc')",0.692662266
"('mv_play_dom', 'mv_play_int', 'dom_int_mv_ratio', 'int_perc')",0.692662266
"('mv_play_dom', 'mv_play_int', 'dom_int_mv_ratio', 'dom_perc', 'int_perc')",0.692662266
"('power_rating', 'gdp_usd', 'mv_usd', 'life_exp', 'qol', 'num_play_dom', 'mv_play_int', 'num_play_int', 'dom_int_mv_ratio', 'dom_perc')",0.692492526
"('power_rating', 'gdp_usd', 'mv_usd', 'life_exp', 'qol', 'num_play_dom', 'mv_play_int', 'num_play_int', 'dom_int_mv_ratio', 'int_perc')",0.692492526
"('power_rating', 'gdp_usd', 'mv_usd', 'life_exp', 'qol', 'num_play_dom', 'mv_play_int', 'num_play_int', 'dom_int_mv_ratio', 'dom_perc', 'int_perc')",0.692492526
"('power_rating', 'mv_usd', 'life_exp', 'qol', 'num_play_dom', 'mv_play_int', 'num_play_int', 'dom_int_mv_ratio', 'dom_perc')",0.692470491
"('power_rating', 'mv_usd', 'life_exp', 'qol', 'num_play_dom', 'mv_play_int', 'num_play_int', 'dom_int_mv_ratio', 'int_perc')",0.692470491
"('power_rating', 'mv_usd', 'life_exp', 'qol', 'num_play_dom', 'mv_play_int', 'num_play_int', 'dom_int_mv_ratio', 'dom_perc', 'int_perc')",0.692470491
"('mv_usd', 'bmi', 'life_exp', 'qol', 'num_play_dom', 'num_play_int', 'dom_int_mv_ratio', 'dom_perc')",0.692394903
"('mv_usd', 'bmi', 'life_exp', 'qol', 'num_play_dom', 'num_play_int', 'dom_int_mv_ratio', 'int_perc')",0.692394903
"('mv_usd', 'bmi', 'life_exp', 'qol', 'num_play_dom', 'num_play_int', 'dom_int_mv_ratio', 'dom_perc', 'int_perc')",0.692394903
"('elo_rating', 'qol', 'mv_play_int', 'num_play_int')",0.692178386
"('mv_usd', 'bmi', 'qol', 'num_play_dom', 'num_play_int', 'dom_int_mv_ratio', 'dom_perc')",0.692141759
"('mv_usd', 'bmi', 'qol', 'num_play_dom', 'num_play_int', 'dom_int_mv_ratio', 'int_perc')",0.692141759
"('mv_usd', 'bmi', 'qol', 'num_play_dom', 'num_play_int', 'dom_int_mv_ratio', 'dom_perc', 'int_perc')",0.692141759
"('elo_rating', 'bmi', 'life_exp', 'mv_play_dom', 'num_play_dom', 'dom_int_mv_ratio', 'dom_perc')",0.692125169
"('elo_rating', 'bmi', 'life_exp', 'mv_play_dom', 'num_play_dom', 'dom_int_mv_ratio', 'int_perc')",0.692125169
"('elo_rating', 'bmi', 'life_exp', 'mv_play_dom', 'num_play_dom', 'dom_int_mv_ratio', 'dom_perc', 'int_perc')",0.692125169
"('power_rating', 'elo_rating', 'life_exp', 'num_play_dom', 'mv_play_int', 'num_play_int', 'dom_int_mv_ratio', 'dom_perc')",0.692026627
"('power_rating', 'elo_rating', 'life_exp', 'num_play_dom', 'mv_play_int', 'num_play_int', 'dom_int_mv_ratio', 'int_perc')",0.692026627
"('power_rating', 'elo_rating', 'life_exp', 'num_play_dom', 'mv_play_int', 'num_play_int', 'dom_int_mv_ratio', 'dom_perc', 'int_perc')",0.692026627
"('power_rating', 'gdp_usd', 'mv_usd', 'life_exp', 'mv_play_dom', 'num_play_dom', 'mv_play_int', 'num_play_int', 'dom_int_mv_ratio', 'dom_perc')",0.691800666
"('power_rating', 'gdp_usd', 'mv_usd', 'life_exp', 'mv_play_dom', 'num_play_dom', 'mv_play_int', 'num_play_int', 'dom_int_mv_ratio', 'int_perc')",0.691800666
"('power_rating', 'gdp_usd', 'mv_usd', 'life_exp', 'mv_play_dom', 'num_play_dom', 'mv_play_int', 'num_play_int', 'dom_int_mv_ratio', 'dom_perc', 'int_perc')",0.691800666
"('elo_rating', 'bmi', 'qol', 'mv_play_dom', 'num_play_dom', 'dom_int_mv_ratio', 'dom_perc')",0.691683761
"('elo_rating', 'bmi', 'qol', 'mv_play_dom', 'num_play_dom', 'dom_int_mv_ratio', 'int_perc')",0.691683761
"('elo_rating', 'bmi', 'qol', 'mv_play_dom', 'num_play_dom', 'dom_int_mv_ratio', 'dom_perc', 'int_perc')",0.691683761
"('elo_rating', 'life_exp', 'qol', 'mv_play_dom', 'num_play_dom', 'dom_int_mv_ratio', 'dom_perc')",0.691564901
"('elo_rating', 'life_exp', 'qol', 'mv_play_dom', 'num_play_dom', 'dom_int_mv_ratio', 'int_perc')",0.691564901
"('elo_rating', 'life_exp', 'qol', 'mv_play_dom', 'num_play_dom', 'dom_int_mv_ratio', 'dom_perc', 'int_perc')",0.691564901
"('power_rating', 'gdp_usd', 'mv_usd', 'life_exp', 'qol', 'mv_play_dom', 'num_play_dom', 'mv_play_int', 'num_play_int', 'dom_perc')",0.691388505
"('power_rating', 'gdp_usd', 'mv_usd', 'life_exp', 'qol', 'mv_play_dom', 'num_play_dom', 'mv_play_int', 'num_play_int', 'int_perc')",0.691388505
"('power_rating', 'gdp_usd', 'mv_usd', 'life_exp', 'qol', 'mv_play_dom', 'num_play_dom', 'mv_play_int', 'num_play_int', 'dom_perc', 'int_perc')",0.691388505
"('power_rating', 'gdp_usd', 'life_exp', 'mv_play_dom', 'num_play_dom', 'mv_play_int', 'num_play_int', 'dom_int_mv_ratio', 'dom_perc')",0.691349635
"('power_rating', 'gdp_usd', 'life_exp', 'mv_play_dom', 'num_play_dom', 'mv_play_int', 'num_play_int', 'dom_int_mv_ratio', 'int_perc')",0.691349635
"('power_rating', 'gdp_usd', 'life_exp', 'mv_play_dom', 'num_play_dom', 'mv_play_int', 'num_play_int', 'dom_int_mv_ratio', 'dom_perc', 'int_perc')",0.691349635
"('power_rating', 'mv_usd', 'life_exp', 'qol', 'mv_play_dom', 'num_play_dom', 'mv_play_int', 'num_play_int', 'dom_perc')",0.69132836
"('power_rating', 'mv_usd', 'life_exp', 'qol', 'mv_play_dom', 'num_play_dom', 'mv_play_int', 'num_play_int', 'int_perc')",0.69132836
"('power_rating', 'mv_usd', 'life_exp', 'qol', 'mv_play_dom', 'num_play_dom', 'mv_play_int', 'num_play_int', 'dom_perc', 'int_perc')",0.69132836
"('power_rating', 'gdp_usd', 'elo_rating', 'bmi', 'life_exp', 'qol', 'num_play_dom', 'mv_play_int', 'num_play_int', 'dom_perc')",0.691221743
"('power_rating', 'gdp_usd', 'elo_rating', 'bmi', 'life_exp', 'qol', 'num_play_dom', 'mv_play_int', 'num_play_int', 'int_perc')",0.691221743
"('power_rating', 'gdp_usd', 'elo_rating', 'bmi', 'life_exp', 'qol', 'num_play_dom', 'mv_play_int', 'num_play_int', 'dom_perc', 'int_perc')",0.691221743
"('elo_rating', 'bmi', 'life_exp', 'mv_play_dom', 'num_play_dom', 'dom_perc')",0.691200663
"('elo_rating', 'bmi', 'life_exp', 'mv_play_dom', 'num_play_dom', 'int_perc')",0.691200663
"('elo_rating', 'bmi', 'life_exp', 'mv_play_dom', 'num_play_dom', 'dom_perc', 'int_perc')",0.691200663
"('elo_rating', 'bmi', 'qol', 'mv_play_dom', 'num_play_dom', 'dom_perc')",0.691138679
"('elo_rating', 'bmi', 'qol', 'mv_play_dom', 'num_play_dom', 'int_perc')",0.691138679
"('elo_rating', 'bmi', 'qol', 'mv_play_dom', 'num_play_dom', 'dom_perc', 'int_perc')",0.691138679
"('power_rating', 'gdp_usd', 'mv_usd', 'elo_rating', 'life_exp', 'mv_play_dom', 'num_play_dom', 'mv_play_int', 'num_play_int', 'dom_perc')",0.691116787
"('power_rating', 'gdp_usd', 'mv_usd', 'elo_rating', 'life_exp', 'mv_play_dom', 'num_play_dom', 'mv_play_int', 'num_play_int', 'int_perc')",0.691116787
"('power_rating', 'gdp_usd', 'mv_usd', 'elo_rating', 'life_exp', 'mv_play_dom', 'num_play_dom', 'mv_play_int', 'num_play_int', 'dom_perc', 'int_perc')",0.691116787
"('power_rating', 'gdp_usd', 'life_exp', 'qol', 'mv_play_dom', 'num_play_dom', 'mv_play_int', 'num_play_int', 'dom_perc')",0.690955493
"('power_rating', 'gdp_usd', 'life_exp', 'qol', 'mv_play_dom', 'num_play_dom', 'mv_play_int', 'num_play_int', 'int_perc')",0.690955493
"('power_rating', 'gdp_usd', 'life_exp', 'qol', 'mv_play_dom', 'num_play_dom', 'mv_play_int', 'num_play_int', 'dom_perc', 'int_perc')",0.690955493
"('power_rating', 'gdp_usd', 'elo_rating', 'life_exp', 'mv_play_dom', 'num_play_dom', 'mv_play_int', 'num_play_int', 'dom_perc')",0.690937964
"('power_rating', 'gdp_usd', 'elo_rating', 'life_exp', 'mv_play_dom', 'num_play_dom', 'mv_play_int', 'num_play_int', 'int_perc')",0.690937964
"('power_rating', 'gdp_usd', 'elo_rating', 'life_exp', 'mv_play_dom', 'num_play_dom', 'mv_play_int', 'num_play_int', 'dom_perc', 'int_perc')",0.690937964
"('power_rating', 'gdp_usd', 'mv_usd', 'elo_rating', 'life_exp', 'num_play_dom', 'mv_play_int', 'num_play_int', 'dom_perc')",0.69085846
"('power_rating', 'gdp_usd', 'mv_usd', 'elo_rating', 'life_exp', 'num_play_dom', 'mv_play_int', 'num_play_int', 'int_perc')",0.69085846
"('power_rating', 'gdp_usd', 'mv_usd', 'elo_rating', 'life_exp', 'num_play_dom', 'mv_play_int', 'num_play_int', 'dom_perc', 'int_perc')",0.69085846
"('power_rating', 'gdp_usd', 'mv_usd', 'life_exp', 'qol', 'num_play_dom', 'mv_play_int', 'num_play_int', 'dom_perc')",0.69085543
"('power_rating', 'gdp_usd', 'mv_usd', 'life_exp', 'qol', 'num_play_dom', 'mv_play_int', 'num_play_int', 'int_perc')",0.69085543
"('power_rating', 'gdp_usd', 'mv_usd', 'life_exp', 'qol', 'num_play_dom', 'mv_play_int', 'num_play_int', 'dom_perc', 'int_perc')",0.69085543
"('power_rating', 'mv_usd', 'life_exp', 'qol', 'num_play_dom', 'mv_play_int', 'num_play_int', 'dom_perc')",0.690854825
"('power_rating', 'mv_usd', 'life_exp', 'qol', 'num_play_dom', 'mv_play_int', 'num_play_int', 'int_perc')",0.690854825
"('power_rating', 'mv_usd', 'life_exp', 'qol', 'num_play_dom', 'mv_play_int', 'num_play_int', 'dom_perc', 'int_perc')",0.690854825
"('mv_usd', 'bmi', 'life_exp', 'num_play_dom', 'num_play_int', 'dom_int_mv_ratio', 'dom_perc')",0.690774849
"('mv_usd', 'bmi', 'life_exp', 'num_play_dom', 'num_play_int', 'dom_int_mv_ratio', 'int_perc')",0.690774849
"('mv_usd', 'bmi', 'life_exp', 'num_play_dom', 'num_play_int', 'dom_int_mv_ratio', 'dom_perc', 'int_perc')",0.690774849
"('power_rating', 'gdp_usd', 'elo_rating', 'bmi', 'life_exp', 'num_play_dom', 'mv_play_int', 'num_play_int', 'dom_perc')",0.690763328
"('power_rating', 'gdp_usd', 'elo_rating', 'bmi', 'life_exp', 'num_play_dom', 'mv_play_int', 'num_play_int', 'int_perc')",0.690763328
"('power_rating', 'gdp_usd', 'elo_rating', 'bmi', 'life_exp', 'num_play_dom', 'mv_play_int', 'num_play_int', 'dom_perc', 'int_perc')",0.690763328
"('power_rating', 'elo_rating', 'bmi', 'life_exp', 'qol', 'num_play_dom', 'mv_play_int', 'num_play_int', 'int_perc')",0.690710318
"('power_rating', 'elo_rating', 'bmi', 'life_exp', 'qol', 'num_play_dom', 'mv_play_int', 'num_play_int', 'dom_perc', 'int_perc')",0.690710318
"('power_rating', 'elo_rating', 'bmi', 'life_exp', 'qol', 'num_play_dom', 'mv_play_int', 'num_play_int', 'dom_perc')",0.690710318
"('power_rating', 'life_exp', 'qol', 'mv_play_dom', 'num_play_dom', 'mv_play_int', 'num_play_int', 'dom_perc')",0.69059795
"('power_rating', 'life_exp', 'qol', 'mv_play_dom', 'num_play_dom', 'mv_play_int', 'num_play_int', 'int_perc')",0.69059795
"('power_rating', 'life_exp', 'qol', 'mv_play_dom', 'num_play_dom', 'mv_play_int', 'num_play_int', 'dom_perc', 'int_perc')",0.69059795
"('elo_rating', 'qol', 'mv_play_dom', 'mv_play_int', 'dom_perc')",0.690578093
"('elo_rating', 'qol', 'mv_play_dom', 'mv_play_int', 'int_perc')",0.690578093
"('elo_rating', 'qol', 'mv_play_dom', 'mv_play_int', 'dom_perc', 'int_perc')",0.690578093
"('elo_rating', 'bmi', 'mv_play_dom', 'num_play_dom', 'dom_int_mv_ratio', 'dom_perc')",0.690538362
"('elo_rating', 'bmi', 'mv_play_dom', 'num_play_dom', 'dom_int_mv_ratio', 'int_perc')",0.690538362
"('elo_rating', 'bmi', 'mv_play_dom', 'num_play_dom', 'dom_int_mv_ratio', 'dom_perc', 'int_perc')",0.690538362
"('power_rating', 'gdp_usd', 'bmi', 'life_exp', 'qol', 'num_play_dom', 'mv_play_int', 'num_play_int', 'dom_int_mv_ratio', 'dom_perc')",0.690535117
"('power_rating', 'gdp_usd', 'bmi', 'life_exp', 'qol', 'num_play_dom', 'mv_play_int', 'num_play_int', 'dom_int_mv_ratio', 'int_perc')",0.690535117
"('power_rating', 'gdp_usd', 'bmi', 'life_exp', 'qol', 'num_play_dom', 'mv_play_int', 'num_play_int', 'dom_int_mv_ratio', 'dom_perc', 'int_perc')",0.690535117
"('mv_usd', 'bmi', 'num_play_dom', 'mv_play_int', 'num_play_int', 'dom_int_mv_ratio')",0.690443699
"('mv_usd', 'elo_rating', 'bmi', 'life_exp', 'qol', 'num_play_dom', 'mv_play_int', 'dom_perc')",0.6903487
"('mv_usd', 'elo_rating', 'bmi', 'life_exp', 'qol', 'num_play_dom', 'mv_play_int', 'int_perc')",0.6903487
"('mv_usd', 'elo_rating', 'bmi', 'life_exp', 'qol', 'num_play_dom', 'mv_play_int', 'dom_perc', 'int_perc')",0.6903487
"('mv_usd', 'elo_rating', 'bmi', 'life_exp', 'qol', 'mv_play_int', 'dom_perc')",0.690340128
"('mv_usd', 'elo_rating', 'bmi', 'life_exp', 'qol', 'mv_play_int', 'int_perc')",0.690340128
"('mv_usd', 'elo_rating', 'bmi', 'life_exp', 'qol', 'mv_play_int', 'dom_perc', 'int_perc')",0.690340128
"('power_rating', 'gdp_usd', 'bmi', 'life_exp', 'num_play_dom', 'mv_play_int', 'num_play_int', 'dom_int_mv_ratio', 'dom_perc')",0.690063014
"('power_rating', 'gdp_usd', 'bmi', 'life_exp', 'num_play_dom', 'mv_play_int', 'num_play_int', 'dom_int_mv_ratio', 'int_perc')",0.690063014
"('power_rating', 'gdp_usd', 'bmi', 'life_exp', 'num_play_dom', 'mv_play_int', 'num_play_int', 'dom_int_mv_ratio', 'dom_perc', 'int_perc')",0.690063014
"('power_rating', 'mv_usd', 'elo_rating', 'life_exp', 'mv_play_dom', 'num_play_dom', 'mv_play_int', 'num_play_int', 'dom_perc')",0.689933198
"('power_rating', 'mv_usd', 'elo_rating', 'life_exp', 'mv_play_dom', 'num_play_dom', 'mv_play_int', 'num_play_int', 'int_perc')",0.689933198
"('power_rating', 'mv_usd', 'elo_rating', 'life_exp', 'mv_play_dom', 'num_play_dom', 'mv_play_int', 'num_play_int', 'dom_perc', 'int_perc')",0.689933198
"('elo_rating', 'bmi', 'mv_play_dom', 'num_play_dom', 'dom_perc')",0.689902137
"('elo_rating', 'bmi', 'mv_play_dom', 'num_play_dom', 'int_perc')",0.689902137
"('elo_rating', 'bmi', 'mv_play_dom', 'num_play_dom', 'dom_perc', 'int_perc')",0.689902137
"('elo_rating', 'life_exp', 'qol', 'mv_play_dom', 'num_play_dom', 'dom_perc')",0.689893442
"('elo_rating', 'life_exp', 'qol', 'mv_play_dom', 'num_play_dom', 'int_perc')",0.689893442
"('elo_rating', 'life_exp', 'qol', 'mv_play_dom', 'num_play_dom', 'dom_perc', 'int_perc')",0.689893442
"('power_rating', 'mv_usd', 'elo_rating', 'life_exp', 'num_play_dom', 'mv_play_int', 'num_play_int', 'dom_perc')",0.689892715
"('power_rating', 'mv_usd', 'elo_rating', 'life_exp', 'num_play_dom', 'mv_play_int', 'num_play_int', 'int_perc')",0.689892715
"('power_rating', 'mv_usd', 'elo_rating', 'life_exp', 'num_play_dom', 'mv_play_int', 'num_play_int', 'dom_perc', 'int_perc')",0.689892715
"('mv_usd', 'bmi', 'life_exp', 'qol', 'num_play_dom', 'dom_int_mv_ratio', 'dom_perc')",0.689794734
"('mv_usd', 'bmi', 'life_exp', 'qol', 'num_play_dom', 'dom_int_mv_ratio', 'int_perc')",0.689794734
"('mv_usd', 'bmi', 'life_exp', 'qol', 'num_play_dom', 'dom_int_mv_ratio', 'dom_perc', 'int_perc')",0.689794734
"('mv_usd', 'qol', 'num_play_dom', 'mv_play_int', 'num_play_int', 'dom_int_mv_ratio')",0.689725797
"('power_rating', 'bmi', 'life_exp', 'qol', 'num_play_dom', 'mv_play_int', 'num_play_int', 'dom_int_mv_ratio', 'dom_perc')",0.689598985
"('power_rating', 'bmi', 'life_exp', 'qol', 'num_play_dom', 'mv_play_int', 'num_play_int', 'dom_int_mv_ratio', 'int_perc')",0.689598985
"('power_rating', 'bmi', 'life_exp', 'qol', 'num_play_dom', 'mv_play_int', 'num_play_int', 'dom_int_mv_ratio', 'dom_perc', 'int_perc')",0.689598985
"('elo_rating', 'qol', 'mv_play_dom', 'mv_play_int')",0.689495231
"('power_rating', 'elo_rating', 'bmi', 'life_exp', 'num_play_dom', 'mv_play_int', 'num_play_int', 'dom_perc')",0.689476297
"('power_rating', 'elo_rating', 'bmi', 'life_exp', 'num_play_dom', 'mv_play_int', 'num_play_int', 'int_perc')",0.689476297
"('power_rating', 'elo_rating', 'bmi', 'life_exp', 'num_play_dom', 'mv_play_int', 'num_play_int', 'dom_perc', 'int_perc')",0.689476297
"('mv_usd', 'elo_rating', 'life_exp', 'qol', 'mv_play_int', 'num_play_int', 'dom_perc')",0.689383869
"('mv_usd', 'elo_rating', 'life_exp', 'qol', 'mv_play_int', 'num_play_int', 'int_perc')",0.689383869
"('mv_usd', 'elo_rating', 'life_exp', 'qol', 'mv_play_int', 'num_play_int', 'dom_perc', 'int_perc')",0.689383869
"('mv_usd', 'num_play_dom', 'mv_play_int', 'num_play_int', 'dom_int_mv_ratio')",0.689383216
"('num_play_dom', 'mv_play_int', 'dom_int_mv_ratio', 'dom_perc')",0.689379349
"('num_play_dom', 'mv_play_int', 'dom_int_mv_ratio', 'int_perc')",0.689379349
"('num_play_dom', 'mv_play_int', 'dom_int_mv_ratio', 'dom_perc', 'int_perc')",0.689379349
"('power_rating', 'elo_rating', 'life_exp', 'mv_play_dom', 'num_play_dom', 'mv_play_int', 'num_play_int', 'dom_perc')",0.689229176
"('power_rating', 'elo_rating', 'life_exp', 'mv_play_dom', 'num_play_dom', 'mv_play_int', 'num_play_int', 'int_perc')",0.689229176
"('power_rating', 'elo_rating', 'life_exp', 'mv_play_dom', 'num_play_dom', 'mv_play_int', 'num_play_int', 'dom_perc', 'int_perc')",0.689229176
"('power_rating', 'mv_usd', 'life_exp', 'mv_play_dom', 'num_play_dom', 'mv_play_int', 'num_play_int', 'dom_int_mv_ratio', 'dom_perc')",0.689219407
"('power_rating', 'mv_usd', 'life_exp', 'mv_play_dom', 'num_play_dom', 'mv_play_int', 'num_play_int', 'dom_int_mv_ratio', 'int_perc')",0.689219407
"('power_rating', 'mv_usd', 'life_exp', 'mv_play_dom', 'num_play_dom', 'mv_play_int', 'num_play_int', 'dom_int_mv_ratio', 'dom_perc', 'int_perc')",0.689219407
"('power_rating', 'life_exp', 'mv_play_dom', 'num_play_dom', 'mv_play_int', 'num_play_int', 'dom_int_mv_ratio', 'dom_perc')",0.689211758
"('power_rating', 'life_exp', 'mv_play_dom', 'num_play_dom', 'mv_play_int', 'num_play_int', 'dom_int_mv_ratio', 'int_perc')",0.689211758
"('power_rating', 'life_exp', 'mv_play_dom', 'num_play_dom', 'mv_play_int', 'num_play_int', 'dom_int_mv_ratio', 'dom_perc', 'int_perc')",0.689211758
"('power_rating', 'gdp_usd', 'mv_usd', 'life_exp', 'num_play_dom', 'mv_play_int', 'num_play_int', 'dom_int_mv_ratio', 'dom_perc')",0.689161374
"('power_rating', 'gdp_usd', 'mv_usd', 'life_exp', 'num_play_dom', 'mv_play_int', 'num_play_int', 'dom_int_mv_ratio', 'int_perc')",0.689161374
"('power_rating', 'gdp_usd', 'mv_usd', 'life_exp', 'num_play_dom', 'mv_play_int', 'num_play_int', 'dom_int_mv_ratio', 'dom_perc', 'int_perc')",0.689161374
"('power_rating', 'gdp_usd', 'mv_usd', 'life_exp', 'mv_play_dom', 'num_play_dom', 'mv_play_int', 'num_play_int', 'dom_perc')",0.688893757
"('power_rating', 'gdp_usd', 'mv_usd', 'life_exp', 'mv_play_dom', 'num_play_dom', 'mv_play_int', 'num_play_int', 'int_perc')",0.688893757
"('power_rating', 'gdp_usd', 'mv_usd', 'life_exp', 'mv_play_dom', 'num_play_dom', 'mv_play_int', 'num_play_int', 'dom_perc', 'int_perc')",0.688893757
"('power_rating', 'gdp_usd', 'life_exp', 'mv_play_dom', 'num_play_dom', 'mv_play_int', 'num_play_int', 'dom_perc')",0.688882946
"('power_rating', 'gdp_usd', 'life_exp', 'mv_play_dom', 'num_play_dom', 'mv_play_int', 'num_play_int', 'int_perc')",0.688882946
"('power_rating', 'gdp_usd', 'life_exp', 'mv_play_dom', 'num_play_dom', 'mv_play_int', 'num_play_int', 'dom_perc', 'int_perc')",0.688882946
"('mv_usd', 'bmi', 'life_exp', 'num_play_dom', 'dom_int_mv_ratio', 'dom_perc')",0.688864643
"('mv_usd', 'bmi', 'life_exp', 'num_play_dom', 'dom_int_mv_ratio', 'int_perc')",0.688864643
"('mv_usd', 'bmi', 'life_exp', 'num_play_dom', 'dom_int_mv_ratio', 'dom_perc', 'int_perc')",0.688864643
"('elo_rating', 'qol', 'mv_play_dom', 'num_play_dom', 'dom_int_mv_ratio', 'dom_perc')",0.688802401
"('elo_rating', 'qol', 'mv_play_dom', 'num_play_dom', 'dom_int_mv_ratio', 'int_perc')",0.688802401
"('elo_rating', 'qol', 'mv_play_dom', 'num_play_dom', 'dom_int_mv_ratio', 'dom_perc', 'int_perc')",0.688802401
"('num_play_dom', 'dom_int_mv_ratio', 'dom_perc')",0.688729978
"('num_play_dom', 'dom_int_mv_ratio', 'int_perc')",0.688729978
"('num_play_dom', 'dom_int_mv_ratio', 'dom_perc', 'int_perc')",0.688729978
"('mv_usd', 'bmi', 'num_play_dom', 'num_play_int', 'dom_int_mv_ratio', 'dom_perc')",0.688690381
"('mv_usd', 'bmi', 'num_play_dom', 'num_play_int', 'dom_int_mv_ratio', 'int_perc')",0.688690381
"('mv_usd', 'bmi', 'num_play_dom', 'num_play_int', 'dom_int_mv_ratio', 'dom_perc', 'int_perc')",0.688690381
"('power_rating', 'gdp_usd', 'elo_rating', 'life_exp', 'qol', 'num_play_dom', 'mv_play_int', 'num_play_int', 'dom_perc')",0.688593475
"('power_rating', 'gdp_usd', 'elo_rating', 'life_exp', 'qol', 'num_play_dom', 'mv_play_int', 'num_play_int', 'int_perc')",0.688593475
"('power_rating', 'gdp_usd', 'elo_rating', 'life_exp', 'qol', 'num_play_dom', 'mv_play_int', 'num_play_int', 'dom_perc', 'int_perc')",0.688593475
"('mv_usd', 'bmi', 'qol', 'num_play_dom', 'dom_int_mv_ratio', 'dom_perc')",0.688565761
"('mv_usd', 'bmi', 'qol', 'num_play_dom', 'dom_int_mv_ratio', 'int_perc')",0.688565761
"('mv_usd', 'bmi', 'qol', 'num_play_dom', 'dom_int_mv_ratio', 'dom_perc', 'int_perc')",0.688565761
"('power_rating', 'elo_rating', 'life_exp', 'qol', 'num_play_dom', 'mv_play_int', 'num_play_int', 'dom_perc')",0.688219743
"('power_rating', 'elo_rating', 'life_exp', 'qol', 'num_play_dom', 'mv_play_int', 'num_play_int', 'int_perc')",0.688219743
"('power_rating', 'elo_rating', 'life_exp', 'qol', 'num_play_dom', 'mv_play_int', 'num_play_int', 'dom_perc', 'int_perc')",0.688219743
"('power_rating', 'bmi', 'life_exp', 'num_play_dom', 'mv_play_int', 'num_play_int', 'dom_int_mv_ratio', 'dom_perc')",0.688068843
"('power_rating', 'bmi', 'life_exp', 'num_play_dom', 'mv_play_int', 'num_play_int', 'dom_int_mv_ratio', 'int_perc')",0.688068843
"('power_rating', 'bmi', 'life_exp', 'num_play_dom', 'mv_play_int', 'num_play_int', 'dom_int_mv_ratio', 'dom_perc', 'int_perc')",0.688068843
"('elo_rating', 'bmi', 'life_exp', 'mv_play_dom', 'mv_play_int', 'dom_int_mv_ratio', 'dom_perc')",0.687958662
"('elo_rating', 'bmi', 'life_exp', 'mv_play_dom', 'mv_play_int', 'dom_int_mv_ratio', 'int_perc')",0.687958662
"('elo_rating', 'bmi', 'life_exp', 'mv_play_dom', 'mv_play_int', 'dom_int_mv_ratio', 'dom_perc', 'int_perc')",0.687958662
"('power_rating', 'mv_usd', 'life_exp', 'num_play_dom', 'mv_play_int', 'num_play_int', 'dom_int_mv_ratio', 'dom_perc')",0.687771033
"('power_rating', 'mv_usd', 'life_exp', 'num_play_dom', 'mv_play_int', 'num_play_int', 'dom_int_mv_ratio', 'int_perc')",0.687771033
"('power_rating', 'mv_usd', 'life_exp', 'num_play_dom', 'mv_play_int', 'num_play_int', 'dom_int_mv_ratio', 'dom_perc', 'int_perc')",0.687771033
"('elo_rating', 'qol', 'mv_play_dom', 'num_play_dom', 'dom_perc')",0.687731009
"('elo_rating', 'qol', 'mv_play_dom', 'num_play_dom', 'int_perc')",0.687731009
"('elo_rating', 'qol', 'mv_play_dom', 'num_play_dom', 'dom_perc', 'int_perc')",0.687731009
"('power_rating', 'gdp_usd', 'life_exp', 'qol', 'num_play_dom', 'mv_play_int', 'num_play_int', 'dom_int_mv_ratio', 'dom_perc')",0.687728473
"('power_rating', 'gdp_usd', 'life_exp', 'qol', 'num_play_dom', 'mv_play_int', 'num_play_int', 'dom_int_mv_ratio', 'int_perc')",0.687728473
"('power_rating', 'gdp_usd', 'life_exp', 'qol', 'num_play_dom', 'mv_play_int', 'num_play_int', 'dom_int_mv_ratio', 'dom_perc', 'int_perc')",0.687728473
"('mv_usd', 'elo_rating', 'bmi', 'life_exp', 'num_play_dom', 'mv_play_int', 'dom_perc')",0.687662923
"('mv_usd', 'elo_rating', 'bmi', 'life_exp', 'num_play_dom', 'mv_play_int', 'int_perc')",0.687662923
"('mv_usd', 'elo_rating', 'bmi', 'life_exp', 'num_play_dom', 'mv_play_int', 'dom_perc', 'int_perc')",0.687662923
"('power_rating', 'gdp_usd', 'mv_usd', 'life_exp', 'num_play_dom', 'mv_play_int', 'num_play_int', 'dom_perc')",0.68734076
"('power_rating', 'gdp_usd', 'mv_usd', 'life_exp', 'num_play_dom', 'mv_play_int', 'num_play_int', 'int_perc')",0.68734076
"('power_rating', 'gdp_usd', 'mv_usd', 'life_exp', 'num_play_dom', 'mv_play_int', 'num_play_int', 'dom_perc', 'int_perc')",0.68734076
"('elo_rating', 'life_exp', 'mv_play_dom', 'mv_play_int', 'dom_int_mv_ratio', 'dom_perc')",0.68731267
"('elo_rating', 'life_exp', 'mv_play_dom', 'mv_play_int', 'dom_int_mv_ratio', 'int_perc')",0.68731267
"('elo_rating', 'life_exp', 'mv_play_dom', 'mv_play_int', 'dom_int_mv_ratio', 'dom_perc', 'int_perc')",0.68731267
"('power_rating', 'mv_usd', 'life_exp', 'mv_play_dom', 'num_play_dom', 'mv_play_int', 'num_play_int', 'dom_perc')",0.687209449
"('power_rating', 'mv_usd', 'life_exp', 'mv_play_dom', 'num_play_dom', 'mv_play_int', 'num_play_int', 'int_perc')",0.687209449
"('power_rating', 'mv_usd', 'life_exp', 'mv_play_dom', 'num_play_dom', 'mv_play_int', 'num_play_int', 'dom_perc', 'int_perc')",0.687209449
"('mv_usd', 'elo_rating', 'bmi', 'life_exp', 'mv_play_int', 'dom_perc')",0.687113554
"('mv_usd', 'elo_rating', 'bmi', 'life_exp', 'mv_play_int', 'int_perc')",0.687113554
"('mv_usd', 'elo_rating', 'bmi', 'life_exp', 'mv_play_int', 'dom_perc', 'int_perc')",0.687113554
"('elo_rating', 'bmi', 'mv_play_dom', 'mv_play_int', 'dom_int_mv_ratio', 'dom_perc')",0.687042619
"('elo_rating', 'bmi', 'mv_play_dom', 'mv_play_int', 'dom_int_mv_ratio', 'int_perc')",0.687042619
"('elo_rating', 'bmi', 'mv_play_dom', 'mv_play_int', 'dom_int_mv_ratio', 'dom_perc', 'int_perc')",0.687042619
"('power_rating', 'life_exp', 'qol', 'num_play_dom', 'mv_play_int', 'num_play_int', 'dom_int_mv_ratio', 'dom_perc')",0.686964517
"('power_rating', 'life_exp', 'qol', 'num_play_dom', 'mv_play_int', 'num_play_int', 'dom_int_mv_ratio', 'int_perc')",0.686964517
"('power_rating', 'life_exp', 'qol', 'num_play_dom', 'mv_play_int', 'num_play_int', 'dom_int_mv_ratio', 'dom_perc', 'int_perc')",0.686964517
"('mv_usd', 'elo_rating', 'life_exp', 'qol', 'num_play_dom', 'mv_play_int', 'dom_perc')",0.686947177
"('mv_usd', 'elo_rating', 'life_exp', 'qol', 'num_play_dom', 'mv_play_int', 'int_perc')",0.686947177
"('mv_usd', 'elo_rating', 'life_exp', 'qol', 'num_play_dom', 'mv_play_int', 'dom_perc', 'int_perc')",0.686947177
"('elo_rating', 'mv_play_dom', 'mv_play_int', 'dom_int_mv_ratio', 'dom_perc')",0.68692144
"('elo_rating', 'mv_play_dom', 'mv_play_int', 'dom_int_mv_ratio', 'int_perc')",0.68692144
"('elo_rating', 'mv_play_dom', 'mv_play_int', 'dom_int_mv_ratio', 'dom_perc', 'int_perc')",0.68692144
"('power_rating', 'life_exp', 'mv_play_dom', 'num_play_dom', 'mv_play_int', 'num_play_int', 'dom_perc')",0.68691087
"('power_rating', 'life_exp', 'mv_play_dom', 'num_play_dom', 'mv_play_int', 'num_play_int', 'int_perc')",0.68691087
"('power_rating', 'life_exp', 'mv_play_dom', 'num_play_dom', 'mv_play_int', 'num_play_int', 'dom_perc', 'int_perc')",0.68691087
"('power_rating', 'gdp_usd', 'elo_rating', 'life_exp', 'num_play_dom', 'mv_play_int', 'num_play_int', 'dom_perc')",0.686744656
"('power_rating', 'gdp_usd', 'elo_rating', 'life_exp', 'num_play_dom', 'mv_play_int', 'num_play_int', 'int_perc')",0.686744656
"('power_rating', 'gdp_usd', 'elo_rating', 'life_exp', 'num_play_dom', 'mv_play_int', 'num_play_int', 'dom_perc', 'int_perc')",0.686744656
"('elo_rating', 'mv_play_int', 'num_play_int')",0.686724692
"('mv_usd', 'elo_rating', 'life_exp', 'qol', 'mv_play_int', 'dom_perc')",0.686528058
"('mv_usd', 'elo_rating', 'life_exp', 'qol', 'mv_play_int', 'int_perc')",0.686528058
"('mv_usd', 'elo_rating', 'life_exp', 'qol', 'mv_play_int', 'dom_perc', 'int_perc')",0.686528058
"('power_rating', 'mv_usd', 'life_exp', 'num_play_dom', 'mv_play_int', 'num_play_int', 'dom_perc')",0.686324833
"('power_rating', 'mv_usd', 'life_exp', 'num_play_dom', 'mv_play_int', 'num_play_int', 'int_perc')",0.686324833
"('power_rating', 'mv_usd', 'life_exp', 'num_play_dom', 'mv_play_int', 'num_play_int', 'dom_perc', 'int_perc')",0.686324833
"('mv_usd', 'elo_rating', 'life_exp', 'mv_play_int', 'num_play_int', 'dom_perc')",0.686201264
"('mv_usd', 'elo_rating', 'life_exp', 'mv_play_int', 'num_play_int', 'int_perc')",0.686201264
"('mv_usd', 'elo_rating', 'life_exp', 'mv_play_int', 'num_play_int', 'dom_perc', 'int_perc')",0.686201264
"('power_rating', 'gdp_usd', 'life_exp', 'num_play_dom', 'mv_play_int', 'num_play_int', 'dom_int_mv_ratio', 'dom_perc')",0.685796948
"('power_rating', 'gdp_usd', 'life_exp', 'num_play_dom', 'mv_play_int', 'num_play_int', 'dom_int_mv_ratio', 'int_perc')",0.685796948
"('power_rating', 'gdp_usd', 'life_exp', 'num_play_dom', 'mv_play_int', 'num_play_int', 'dom_int_mv_ratio', 'dom_perc', 'int_perc')",0.685796948
"('mv_usd', 'life_exp', 'qol', 'num_play_dom', 'num_play_int', 'dom_int_mv_ratio', 'dom_perc')",0.68565549
"('mv_usd', 'life_exp', 'qol', 'num_play_dom', 'num_play_int', 'dom_int_mv_ratio', 'int_perc')",0.68565549
"('mv_usd', 'life_exp', 'qol', 'num_play_dom', 'num_play_int', 'dom_int_mv_ratio', 'dom_perc', 'int_perc')",0.68565549
"('mv_usd', 'qol', 'num_play_dom', 'num_play_int', 'dom_int_mv_ratio', 'dom_perc')",0.685655293
"('mv_usd', 'qol', 'num_play_dom', 'num_play_int', 'dom_int_mv_ratio', 'int_perc')",0.685655293
"('mv_usd', 'qol', 'num_play_dom', 'num_play_int', 'dom_int_mv_ratio', 'dom_perc', 'int_perc')",0.685655293
"('mv_usd', 'life_exp', 'num_play_dom', 'num_play_int', 'dom_int_mv_ratio', 'dom_perc')",0.685553397
"('mv_usd', 'life_exp', 'num_play_dom', 'num_play_int', 'dom_int_mv_ratio', 'int_perc')",0.685553397
"('mv_usd', 'life_exp', 'num_play_dom', 'num_play_int', 'dom_int_mv_ratio', 'dom_perc', 'int_perc')",0.685553397
"('mv_usd', 'num_play_dom', 'num_play_int', 'dom_int_mv_ratio', 'dom_perc')",0.685472252
"('mv_usd', 'num_play_dom', 'num_play_int', 'dom_int_mv_ratio', 'int_perc')",0.685472252
"('mv_usd', 'num_play_dom', 'num_play_int', 'dom_int_mv_ratio', 'dom_perc', 'int_perc')",0.685472252
"('mv_usd', 'bmi', 'num_play_dom', 'dom_int_mv_ratio', 'dom_perc')",0.685278816
"('mv_usd', 'bmi', 'num_play_dom', 'dom_int_mv_ratio', 'int_perc')",0.685278816
"('mv_usd', 'bmi', 'num_play_dom', 'dom_int_mv_ratio', 'dom_perc', 'int_perc')",0.685278816
"('elo_rating', 'bmi', 'life_exp', 'mv_play_dom', 'mv_play_int', 'dom_int_mv_ratio')",0.685189724
"('elo_rating', 'life_exp', 'mv_play_dom', 'mv_play_int', 'dom_int_mv_ratio')",0.685157268
"('power_rating', 'elo_rating', 'life_exp', 'num_play_dom', 'mv_play_int', 'num_play_int', 'dom_perc')",0.684849898
"('power_rating', 'elo_rating', 'life_exp', 'num_play_dom', 'mv_play_int', 'num_play_int', 'int_perc')",0.684849898
"('power_rating', 'elo_rating', 'life_exp', 'num_play_dom', 'mv_play_int', 'num_play_int', 'dom_perc', 'int_perc')",0.684849898
"('elo_rating', 'bmi', 'mv_play_dom', 'mv_play_int', 'dom_int_mv_ratio')",0.684682488
"('elo_rating', 'mv_play_dom', 'mv_play_int', 'dom_int_mv_ratio')",0.684633538
"('mv_usd', 'bmi', 'life_exp', 'qol', 'num_play_int', 'dom_int_mv_ratio', 'dom_perc')",0.684606442
"('mv_usd', 'bmi', 'life_exp', 'qol', 'num_play_int', 'dom_int_mv_ratio', 'int_perc')",0.684606442
"('mv_usd', 'bmi', 'life_exp', 'qol', 'num_play_int', 'dom_int_mv_ratio', 'dom_perc', 'int_perc')",0.684606442
"('mv_usd', 'elo_rating', 'bmi', 'qol', 'mv_play_int', 'num_play_int', 'dom_perc')",0.684433999
"('mv_usd', 'elo_rating', 'bmi', 'qol', 'mv_play_int', 'num_play_int', 'int_perc')",0.684433999
"('mv_usd', 'elo_rating', 'bmi', 'qol', 'mv_play_int', 'num_play_int', 'dom_perc', 'int_perc')",0.684433999
"('mv_usd', 'life_exp', 'qol', 'num_play_dom', 'dom_int_mv_ratio', 'dom_perc')",0.6836616
"('mv_usd', 'life_exp', 'qol', 'num_play_dom', 'dom_int_mv_ratio', 'int_perc')",0.6836616
"('mv_usd', 'life_exp', 'qol', 'num_play_dom', 'dom_int_mv_ratio', 'dom_perc', 'int_perc')",0.6836616
"('mv_usd', 'life_exp', 'num_play_dom', 'dom_int_mv_ratio', 'dom_perc')",0.683658652
"('mv_usd', 'life_exp', 'num_play_dom', 'dom_int_mv_ratio', 'int_perc')",0.683658652
"('mv_usd', 'life_exp', 'num_play_dom', 'dom_int_mv_ratio', 'dom_perc', 'int_perc')",0.683658652
"('mv_usd', 'qol', 'num_play_dom', 'dom_int_mv_ratio', 'dom_perc')",0.683381569
"('mv_usd', 'qol', 'num_play_dom', 'dom_int_mv_ratio', 'int_perc')",0.683381569
"('mv_usd', 'qol', 'num_play_dom', 'dom_int_mv_ratio', 'dom_perc', 'int_perc')",0.683381569
"('mv_usd', 'bmi', 'qol', 'num_play_int', 'dom_int_mv_ratio', 'dom_perc')",0.683073788
"('mv_usd', 'bmi', 'qol', 'num_play_int', 'dom_int_mv_ratio', 'int_perc')",0.683073788
"('mv_usd', 'bmi', 'qol', 'num_play_int', 'dom_int_mv_ratio', 'dom_perc', 'int_perc')",0.683073788
"('mv_usd', 'num_play_dom', 'dom_int_mv_ratio', 'dom_perc')",0.683064974
"('mv_usd', 'num_play_dom', 'dom_int_mv_ratio', 'int_perc')",0.683064974
"('mv_usd', 'num_play_dom', 'dom_int_mv_ratio', 'dom_perc', 'int_perc')",0.683064974
"('power_rating', 'life_exp', 'num_play_dom', 'mv_play_int', 'num_play_int', 'dom_int_mv_ratio', 'dom_perc')",0.682982021
"('power_rating', 'life_exp', 'num_play_dom', 'mv_play_int', 'num_play_int', 'dom_int_mv_ratio', 'int_perc')",0.682982021
"('power_rating', 'life_exp', 'num_play_dom', 'mv_play_int', 'num_play_int', 'dom_int_mv_ratio', 'dom_perc', 'int_perc')",0.682982021
"('power_rating', 'gdp_usd', 'bmi', 'life_exp', 'qol', 'num_play_dom', 'mv_play_int', 'num_play_int', 'dom_perc')",0.682854337
"('power_rating', 'gdp_usd', 'bmi', 'life_exp', 'qol', 'num_play_dom', 'mv_play_int', 'num_play_int', 'int_perc')",0.682854337
"('power_rating', 'gdp_usd', 'bmi', 'life_exp', 'qol', 'num_play_dom', 'mv_play_int', 'num_play_int', 'dom_perc', 'int_perc')",0.682854337
"('elo_rating', 'bmi', 'life_exp', 'qol', 'mv_play_dom', 'num_play_dom', 'dom_int_mv_ratio')",0.682747207
"('power_rating', 'gdp_usd', 'bmi', 'life_exp', 'num_play_dom', 'mv_play_int', 'num_play_int', 'dom_perc')",0.682722294
"('power_rating', 'gdp_usd', 'bmi', 'life_exp', 'num_play_dom', 'mv_play_int', 'num_play_int', 'int_perc')",0.682722294
"('power_rating', 'gdp_usd', 'bmi', 'life_exp', 'num_play_dom', 'mv_play_int', 'num_play_int', 'dom_perc', 'int_perc')",0.682722294
"('mv_usd', 'bmi', 'life_exp', 'num_play_int', 'dom_int_mv_ratio', 'dom_perc')",0.682678004
"('mv_usd', 'bmi', 'life_exp', 'num_play_int', 'dom_int_mv_ratio', 'int_perc')",0.682678004
"('mv_usd', 'bmi', 'life_exp', 'num_play_int', 'dom_int_mv_ratio', 'dom_perc', 'int_perc')",0.682678004
"('elo_rating', 'bmi', 'life_exp', 'qol', 'mv_play_dom', 'num_play_dom')",0.682543843
"('mv_usd', 'bmi', 'life_exp', 'qol', 'dom_int_mv_ratio', 'dom_perc')",0.68224103
"('mv_usd', 'bmi', 'life_exp', 'qol', 'dom_int_mv_ratio', 'int_perc')",0.68224103
"('mv_usd', 'bmi', 'life_exp', 'qol', 'dom_int_mv_ratio', 'dom_perc', 'int_perc')",0.68224103
"('elo_rating', 'life_exp', 'mv_play_dom', 'num_play_dom', 'dom_int_mv_ratio', 'dom_perc')",0.682201661
"('elo_rating', 'life_exp', 'mv_play_dom', 'num_play_dom', 'dom_int_mv_ratio', 'int_perc')",0.682201661
"('elo_rating', 'life_exp', 'mv_play_dom', 'num_play_dom', 'dom_int_mv_ratio', 'dom_perc', 'int_perc')",0.682201661
"('mv_usd', 'elo_rating', 'bmi', 'life_exp', 'qol', 'num_play_dom', 'num_play_int', 'dom_perc')",0.681971833
"('mv_usd', 'elo_rating', 'bmi', 'life_exp', 'qol', 'num_play_dom', 'num_play_int', 'int_perc')",0.681971833
"('mv_usd', 'elo_rating', 'bmi', 'life_exp', 'qol', 'num_play_dom', 'num_play_int', 'dom_perc', 'int_perc')",0.681971833
"('mv_usd', 'elo_rating', 'bmi', 'life_exp', 'num_play_dom', 'num_play_int', 'dom_perc')",0.681961528
"('mv_usd', 'elo_rating', 'bmi', 'life_exp', 'num_play_dom', 'num_play_int', 'int_perc')",0.681961528
"('mv_usd', 'elo_rating', 'bmi', 'life_exp', 'num_play_dom', 'num_play_int', 'dom_perc', 'int_perc')",0.681961528
"('elo_rating', 'mv_play_dom', 'num_play_dom', 'dom_int_mv_ratio', 'dom_perc')",0.681882064
"('elo_rating', 'mv_play_dom', 'num_play_dom', 'dom_int_mv_ratio', 'int_perc')",0.681882064
"('elo_rating', 'mv_play_dom', 'num_play_dom', 'dom_int_mv_ratio', 'dom_perc', 'int_perc')",0.681882064
"('power_rating', 'bmi', 'life_exp', 'qol', 'num_play_dom', 'mv_play_int', 'num_play_int', 'dom_perc')",0.681650595
"('power_rating', 'bmi', 'life_exp', 'qol', 'num_play_dom', 'mv_play_int', 'num_play_int', 'int_perc')",0.681650595
"('power_rating', 'bmi', 'life_exp', 'qol', 'num_play_dom', 'mv_play_int', 'num_play_int', 'dom_perc', 'int_perc')",0.681650595
"('num_play_dom', 'mv_play_int', 'int_perc')",0.681479619
"('num_play_dom', 'mv_play_int', 'dom_perc', 'int_perc')",0.681479619
"('num_play_dom', 'mv_play_int', 'dom_perc')",0.681479619
"('mv_usd', 'elo_rating', 'bmi', 'mv_play_int', 'num_play_int', 'dom_perc')",0.681466645
"('mv_usd', 'elo_rating', 'bmi', 'mv_play_int', 'num_play_int', 'int_perc')",0.681466645
"('mv_usd', 'elo_rating', 'bmi', 'mv_play_int', 'num_play_int', 'dom_perc', 'int_perc')",0.681466645
"('mv_usd', 'bmi', 'qol', 'dom_int_mv_ratio', 'dom_perc')",0.681452223
"('mv_usd', 'bmi', 'qol', 'dom_int_mv_ratio', 'int_perc')",0.681452223
"('mv_usd', 'bmi', 'qol', 'dom_int_mv_ratio', 'dom_perc', 'int_perc')",0.681452223
"('elo_rating', 'bmi', 'life_exp', 'mv_play_dom', 'mv_play_int', 'dom_perc')",0.681444876
"('elo_rating', 'bmi', 'life_exp', 'mv_play_dom', 'mv_play_int', 'int_perc')",0.681444876
"('elo_rating', 'bmi', 'life_exp', 'mv_play_dom', 'mv_play_int', 'dom_perc', 'int_perc')",0.681444876
"('elo_rating', 'bmi', 'mv_play_dom', 'mv_play_int', 'dom_perc')",0.681099743
"('elo_rating', 'bmi', 'mv_play_dom', 'mv_play_int', 'int_perc')",0.681099743
"('elo_rating', 'bmi', 'mv_play_dom', 'mv_play_int', 'dom_perc', 'int_perc')",0.681099743
"('power_rating', 'bmi', 'life_exp', 'num_play_dom', 'mv_play_int', 'num_play_int', 'dom_perc')",0.680773277
"('power_rating', 'bmi', 'life_exp', 'num_play_dom', 'mv_play_int', 'num_play_int', 'int_perc')",0.680773277
"('power_rating', 'bmi', 'life_exp', 'num_play_dom', 'mv_play_int', 'num_play_int', 'dom_perc', 'int_perc')",0.680773277
"('mv_usd', 'elo_rating', 'life_exp', 'num_play_dom', 'mv_play_int', 'dom_perc')",0.680755123
"('mv_usd', 'elo_rating', 'life_exp', 'num_play_dom', 'mv_play_int', 'int_perc')",0.680755123
"('mv_usd', 'elo_rating', 'life_exp', 'num_play_dom', 'mv_play_int', 'dom_perc', 'int_perc')",0.680755123
"('mv_usd', 'elo_rating', 'life_exp', 'mv_play_int', 'dom_perc')",0.680755062
"('mv_usd', 'elo_rating', 'life_exp', 'mv_play_int', 'int_perc')",0.680755062
"('mv_usd', 'elo_rating', 'life_exp', 'mv_play_int', 'dom_perc', 'int_perc')",0.680755062
"('elo_rating', 'life_exp', 'mv_play_dom', 'mv_play_int', 'dom_perc')",0.680398377
"('elo_rating', 'life_exp', 'mv_play_dom', 'mv_play_int', 'int_perc')",0.680398377
"('elo_rating', 'life_exp', 'mv_play_dom', 'mv_play_int', 'dom_perc', 'int_perc')",0.680398377
"('elo_rating', 'mv_play_dom', 'mv_play_int', 'dom_perc')",0.68039764
"('elo_rating', 'mv_play_dom', 'mv_play_int', 'int_perc')",0.68039764
"('elo_rating', 'mv_play_dom', 'mv_play_int', 'dom_perc', 'int_perc')",0.68039764
"('elo_rating', 'life_exp', 'mv_play_dom', 'num_play_dom', 'dom_perc')",0.680266923
"('elo_rating', 'life_exp', 'mv_play_dom', 'num_play_dom', 'int_perc')",0.680266923
"('elo_rating', 'life_exp', 'mv_play_dom', 'num_play_dom', 'dom_perc', 'int_perc')",0.680266923
"('num_play_dom', 'dom_perc')",0.679956953
"('num_play_dom', 'int_perc')",0.679956953
"('num_play_dom', 'dom_perc', 'int_perc')",0.679956953
"('mv_usd', 'elo_rating', 'qol', 'mv_play_int', 'num_play_int', 'dom_perc')",0.67990786
"('mv_usd', 'elo_rating', 'qol', 'mv_play_int', 'num_play_int', 'int_perc')",0.67990786
"('mv_usd', 'elo_rating', 'qol', 'mv_play_int', 'num_play_int', 'dom_perc', 'int_perc')",0.67990786
"('mv_usd', 'elo_rating', 'mv_play_int', 'num_play_int', 'dom_perc')",0.67957641
"('mv_usd', 'elo_rating', 'mv_play_int', 'num_play_int', 'int_perc')",0.67957641
"('mv_usd', 'elo_rating', 'mv_play_int', 'num_play_int', 'dom_perc', 'int_perc')",0.67957641
"('elo_rating', 'mv_play_dom', 'num_play_dom', 'dom_perc')",0.679370728
"('elo_rating', 'mv_play_dom', 'num_play_dom', 'int_perc')",0.679370728
"('elo_rating', 'mv_play_dom', 'num_play_dom', 'dom_perc', 'int_perc')",0.679370728
"('power_rating', 'gdp_usd', 'mv_usd', 'elo_rating', 'bmi', 'qol', 'mv_play_dom', 'num_play_dom', 'mv_play_int', 'num_play_int', 'dom_int_mv_ratio', 'dom_perc')",0.679259081
"('power_rating', 'gdp_usd', 'mv_usd', 'elo_rating', 'bmi', 'qol', 'mv_play_dom', 'num_play_dom', 'mv_play_int', 'num_play_int', 'dom_int_mv_ratio', 'int_perc')",0.679259081
"('power_rating', 'gdp_usd', 'mv_usd', 'elo_rating', 'bmi', 'qol', 'mv_play_dom', 'num_play_dom', 'mv_play_int', 'num_play_int', 'dom_int_mv_ratio', 'dom_perc', 'int_perc')",0.679259081
"('power_rating', 'gdp_usd', 'life_exp', 'qol', 'num_play_dom', 'mv_play_int', 'num_play_int', 'dom_perc')",0.679209856
"('power_rating', 'gdp_usd', 'life_exp', 'qol', 'num_play_dom', 'mv_play_int', 'num_play_int', 'int_perc')",0.679209856
"('power_rating', 'gdp_usd', 'life_exp', 'qol', 'num_play_dom', 'mv_play_int', 'num_play_int', 'dom_perc', 'int_perc')",0.679209856
"('elo_rating', 'bmi', 'life_exp', 'mv_play_dom', 'mv_play_int')",0.678901868
"('elo_rating', 'life_exp', 'qol', 'mv_play_dom', 'num_play_dom', 'dom_int_mv_ratio')",0.678825477
"('mv_usd', 'elo_rating', 'bmi', 'life_exp', 'qol', 'num_play_int', 'dom_perc')",0.67878707
"('mv_usd', 'elo_rating', 'bmi', 'life_exp', 'qol', 'num_play_int', 'int_perc')",0.67878707
"('mv_usd', 'elo_rating', 'bmi', 'life_exp', 'qol', 'num_play_int', 'dom_perc', 'int_perc')",0.67878707
"('mv_usd', 'elo_rating', 'bmi', 'life_exp', 'num_play_int', 'dom_perc')",0.678786021
"('mv_usd', 'elo_rating', 'bmi', 'life_exp', 'num_play_int', 'int_perc')",0.678786021
"('mv_usd', 'elo_rating', 'bmi', 'life_exp', 'num_play_int', 'dom_perc', 'int_perc')",0.678786021
"('elo_rating', 'bmi', 'mv_play_dom', 'mv_play_int')",0.678777569
"('elo_rating', 'life_exp', 'mv_play_dom', 'mv_play_int')",0.678707932
"('elo_rating', 'mv_play_dom', 'mv_play_int')",0.678689575
"('elo_rating', 'life_exp', 'qol', 'mv_play_dom', 'num_play_dom')",0.678286996
"('power_rating', 'life_exp', 'qol', 'num_play_dom', 'mv_play_int', 'num_play_int', 'dom_perc')",0.678215395
"('power_rating', 'life_exp', 'qol', 'num_play_dom', 'mv_play_int', 'num_play_int', 'int_perc')",0.678215395
"('power_rating', 'life_exp', 'qol', 'num_play_dom', 'mv_play_int', 'num_play_int', 'dom_perc', 'int_perc')",0.678215395
"('power_rating', 'gdp_usd', 'mv_usd', 'elo_rating', 'bmi', 'qol', 'num_play_dom', 'mv_play_int', 'num_play_int', 'dom_int_mv_ratio', 'dom_perc')",0.678167535
"('power_rating', 'gdp_usd', 'mv_usd', 'elo_rating', 'bmi', 'qol', 'num_play_dom', 'mv_play_int', 'num_play_int', 'dom_int_mv_ratio', 'int_perc')",0.678167535
"('power_rating', 'gdp_usd', 'mv_usd', 'elo_rating', 'bmi', 'qol', 'num_play_dom', 'mv_play_int', 'num_play_int', 'dom_int_mv_ratio', 'dom_perc', 'int_perc')",0.678167535
"('power_rating', 'gdp_usd', 'life_exp', 'num_play_dom', 'mv_play_int', 'num_play_int', 'dom_perc')",0.677959031
"('power_rating', 'gdp_usd', 'life_exp', 'num_play_dom', 'mv_play_int', 'num_play_int', 'int_perc')",0.677959031
"('power_rating', 'gdp_usd', 'life_exp', 'num_play_dom', 'mv_play_int', 'num_play_int', 'dom_perc', 'int_perc')",0.677959031
"('mv_play_dom', 'num_play_dom', 'num_play_int', 'dom_int_mv_ratio', 'dom_perc')",0.677208145
"('mv_play_dom', 'num_play_dom', 'num_play_int', 'dom_int_mv_ratio', 'int_perc')",0.677208145
"('mv_play_dom', 'num_play_dom', 'num_play_int', 'dom_int_mv_ratio', 'dom_perc', 'int_perc')",0.677208145
"('elo_rating', 'bmi', 'qol', 'mv_play_dom', 'num_play_dom', 'dom_int_mv_ratio')",0.676860122
"('elo_rating', 'bmi', 'qol', 'mv_play_dom', 'num_play_dom')",0.676847704
"('power_rating', 'mv_usd', 'elo_rating', 'bmi', 'qol', 'mv_play_dom', 'num_play_dom', 'mv_play_int', 'num_play_int', 'dom_int_mv_ratio', 'dom_perc')",0.676833755
"('power_rating', 'mv_usd', 'elo_rating', 'bmi', 'qol', 'mv_play_dom', 'num_play_dom', 'mv_play_int', 'num_play_int', 'dom_int_mv_ratio', 'int_perc')",0.676833755
"('power_rating', 'mv_usd', 'elo_rating', 'bmi', 'qol', 'mv_play_dom', 'num_play_dom', 'mv_play_int', 'num_play_int', 'dom_int_mv_ratio', 'dom_perc', 'int_perc')",0.676833755
"('mv_usd', 'bmi', 'life_exp', 'dom_int_mv_ratio', 'dom_perc')",0.676545227
"('mv_usd', 'bmi', 'life_exp', 'dom_int_mv_ratio', 'int_perc')",0.676545227
"('mv_usd', 'bmi', 'life_exp', 'dom_int_mv_ratio', 'dom_perc', 'int_perc')",0.676545227
"('power_rating', 'mv_usd', 'elo_rating', 'bmi', 'qol', 'num_play_dom', 'mv_play_int', 'num_play_int', 'dom_int_mv_ratio', 'dom_perc')",0.676543904
"('power_rating', 'mv_usd', 'elo_rating', 'bmi', 'qol', 'num_play_dom', 'mv_play_int', 'num_play_int', 'dom_int_mv_ratio', 'int_perc')",0.676543904
"('power_rating', 'mv_usd', 'elo_rating', 'bmi', 'qol', 'num_play_dom', 'mv_play_int', 'num_play_int', 'dom_int_mv_ratio', 'dom_perc', 'int_perc')",0.676543904
"('power_rating', 'gdp_usd', 'mv_usd', 'elo_rating', 'bmi', 'qol', 'mv_play_dom', 'num_play_dom', 'mv_play_int', 'num_play_int', 'dom_perc')",0.676509238
"('power_rating', 'gdp_usd', 'mv_usd', 'elo_rating', 'bmi', 'qol', 'mv_play_dom', 'num_play_dom', 'mv_play_int', 'num_play_int', 'int_perc')",0.676509238
"('power_rating', 'gdp_usd', 'mv_usd', 'elo_rating', 'bmi', 'qol', 'mv_play_dom', 'num_play_dom', 'mv_play_int', 'num_play_int', 'dom_perc', 'int_perc')",0.676509238
"('mv_usd', 'bmi', 'num_play_int', 'dom_int_mv_ratio', 'dom_perc')",0.676381452
"('mv_usd', 'bmi', 'num_play_int', 'dom_int_mv_ratio', 'int_perc')",0.676381452
"('mv_usd', 'bmi', 'num_play_int', 'dom_int_mv_ratio', 'dom_perc', 'int_perc')",0.676381452
"('power_rating', 'gdp_usd', 'elo_rating', 'bmi', 'qol', 'mv_play_dom', 'num_play_dom', 'mv_play_int', 'num_play_int', 'dom_int_mv_ratio', 'dom_perc')",0.675968561
"('power_rating', 'gdp_usd', 'elo_rating', 'bmi', 'qol', 'mv_play_dom', 'num_play_dom', 'mv_play_int', 'num_play_int', 'dom_int_mv_ratio', 'int_perc')",0.675968561
"('power_rating', 'gdp_usd', 'elo_rating', 'bmi', 'qol', 'mv_play_dom', 'num_play_dom', 'mv_play_int', 'num_play_int', 'dom_int_mv_ratio', 'dom_perc', 'int_perc')",0.675968561
"('mv_usd', 'elo_rating', 'life_exp', 'qol', 'num_play_dom', 'num_play_int', 'dom_perc')",0.675701044
"('mv_usd', 'elo_rating', 'life_exp', 'qol', 'num_play_dom', 'num_play_int', 'int_perc')",0.675701044
"('mv_usd', 'elo_rating', 'life_exp', 'qol', 'num_play_dom', 'num_play_int', 'dom_perc', 'int_perc')",0.675701044
"('mv_usd', 'life_exp', 'qol', 'num_play_int', 'dom_int_mv_ratio', 'dom_perc')",0.675384446
"('mv_usd', 'life_exp', 'qol', 'num_play_int', 'dom_int_mv_ratio', 'int_perc')",0.675384446
"('mv_usd', 'life_exp', 'qol', 'num_play_int', 'dom_int_mv_ratio', 'dom_perc', 'int_perc')",0.675384446
"('mv_usd', 'life_exp', 'num_play_int', 'dom_int_mv_ratio', 'dom_perc')",0.675311074
"('mv_usd', 'life_exp', 'num_play_int', 'dom_int_mv_ratio', 'int_perc')",0.675311074
"('mv_usd', 'life_exp', 'num_play_int', 'dom_int_mv_ratio', 'dom_perc', 'int_perc')",0.675311074
"('power_rating', 'elo_rating', 'bmi', 'qol', 'mv_play_dom', 'num_play_dom', 'mv_play_int', 'num_play_int', 'dom_int_mv_ratio', 'dom_perc')",0.675203326
"('power_rating', 'elo_rating', 'bmi', 'qol', 'mv_play_dom', 'num_play_dom', 'mv_play_int', 'num_play_int', 'dom_int_mv_ratio', 'int_perc')",0.675203326
"('power_rating', 'elo_rating', 'bmi', 'qol', 'mv_play_dom', 'num_play_dom', 'mv_play_int', 'num_play_int', 'dom_int_mv_ratio', 'dom_perc', 'int_perc')",0.675203326
"('power_rating', 'life_exp', 'num_play_dom', 'mv_play_int', 'num_play_int', 'dom_perc')",0.675151123
"('power_rating', 'life_exp', 'num_play_dom', 'mv_play_int', 'num_play_int', 'int_perc')",0.675151123
"('power_rating', 'life_exp', 'num_play_dom', 'mv_play_int', 'num_play_int', 'dom_perc', 'int_perc')",0.675151123
"('mv_usd', 'elo_rating', 'bmi', 'qol', 'num_play_dom', 'num_play_int', 'dom_perc')",0.674926066
"('mv_usd', 'elo_rating', 'bmi', 'qol', 'num_play_dom', 'num_play_int', 'int_perc')",0.674926066
"('mv_usd', 'elo_rating', 'bmi', 'qol', 'num_play_dom', 'num_play_int', 'dom_perc', 'int_perc')",0.674926066
"('mv_usd', 'qol', 'num_play_int', 'dom_int_mv_ratio', 'dom_perc')",0.674847022
"('mv_usd', 'qol', 'num_play_int', 'dom_int_mv_ratio', 'int_perc')",0.674847022
"('mv_usd', 'qol', 'num_play_int', 'dom_int_mv_ratio', 'dom_perc', 'int_perc')",0.674847022
"('elo_rating', 'qol', 'mv_play_dom', 'num_play_dom', 'dom_int_mv_ratio')",0.674807314
"('power_rating', 'gdp_usd', 'elo_rating', 'bmi', 'qol', 'num_play_dom', 'mv_play_int', 'num_play_int', 'dom_int_mv_ratio', 'dom_perc')",0.67478362
"('power_rating', 'gdp_usd', 'elo_rating', 'bmi', 'qol', 'num_play_dom', 'mv_play_int', 'num_play_int', 'dom_int_mv_ratio', 'int_perc')",0.67478362
"('power_rating', 'gdp_usd', 'elo_rating', 'bmi', 'qol', 'num_play_dom', 'mv_play_int', 'num_play_int', 'dom_int_mv_ratio', 'dom_perc', 'int_perc')",0.67478362
"('elo_rating', 'bmi', 'life_exp', 'mv_play_dom', 'num_play_dom', 'dom_int_mv_ratio')",0.674717886
"('elo_rating', 'qol', 'mv_play_dom', 'num_play_dom')",0.674665688
"('power_rating', 'gdp_usd', 'mv_usd', 'elo_rating', 'bmi', 'qol', 'num_play_dom', 'mv_play_int', 'num_play_int', 'dom_perc')",0.674632776
"('power_rating', 'gdp_usd', 'mv_usd', 'elo_rating', 'bmi', 'qol', 'num_play_dom', 'mv_play_int', 'num_play_int', 'int_perc')",0.674632776
"('power_rating', 'gdp_usd', 'mv_usd', 'elo_rating', 'bmi', 'qol', 'num_play_dom', 'mv_play_int', 'num_play_int', 'dom_perc', 'int_perc')",0.674632776
"('elo_rating', 'bmi', 'life_exp', 'mv_play_dom', 'num_play_dom')",0.674626292
"('mv_usd', 'elo_rating', 'life_exp', 'num_play_dom', 'num_play_int', 'dom_perc')",0.6744774
"('mv_usd', 'elo_rating', 'life_exp', 'num_play_dom', 'num_play_int', 'int_perc')",0.6744774
"('mv_usd', 'elo_rating', 'life_exp', 'num_play_dom', 'num_play_int', 'dom_perc', 'int_perc')",0.6744774
"('power_rating', 'gdp_usd', 'mv_usd', 'bmi', 'qol', 'mv_play_dom', 'num_play_dom', 'mv_play_int', 'num_play_int', 'dom_int_mv_ratio', 'dom_perc')",0.674299043
"('power_rating', 'gdp_usd', 'mv_usd', 'bmi', 'qol', 'mv_play_dom', 'num_play_dom', 'mv_play_int', 'num_play_int', 'dom_int_mv_ratio', 'int_perc')",0.674299043
"('power_rating', 'gdp_usd', 'mv_usd', 'bmi', 'qol', 'mv_play_dom', 'num_play_dom', 'mv_play_int', 'num_play_int', 'dom_int_mv_ratio', 'dom_perc', 'int_perc')",0.674299043
"('power_rating', 'gdp_usd', 'mv_usd', 'bmi', 'qol', 'num_play_dom', 'mv_play_int', 'num_play_int', 'dom_int_mv_ratio', 'dom_perc')",0.674259543
"('power_rating', 'gdp_usd', 'mv_usd', 'bmi', 'qol', 'num_play_dom', 'mv_play_int', 'num_play_int', 'dom_int_mv_ratio', 'int_perc')",0.674259543
"('power_rating', 'gdp_usd', 'mv_usd', 'bmi', 'qol', 'num_play_dom', 'mv_play_int', 'num_play_int', 'dom_int_mv_ratio', 'dom_perc', 'int_perc')",0.674259543
"('power_rating', 'elo_rating', 'bmi', 'qol', 'num_play_dom', 'mv_play_int', 'num_play_int', 'dom_int_mv_ratio', 'dom_perc')",0.674100718
"('power_rating', 'elo_rating', 'bmi', 'qol', 'num_play_dom', 'mv_play_int', 'num_play_int', 'dom_int_mv_ratio', 'int_perc')",0.674100718
"('power_rating', 'elo_rating', 'bmi', 'qol', 'num_play_dom', 'mv_play_int', 'num_play_int', 'dom_int_mv_ratio', 'dom_perc', 'int_perc')",0.674100718
"('power_rating', 'gdp_usd', 'mv_usd', 'elo_rating', 'qol', 'mv_play_dom', 'num_play_dom', 'mv_play_int', 'num_play_int', 'dom_int_mv_ratio', 'dom_perc')",0.674071629
"('power_rating', 'gdp_usd', 'mv_usd', 'elo_rating', 'qol', 'mv_play_dom', 'num_play_dom', 'mv_play_int', 'num_play_int', 'dom_int_mv_ratio', 'int_perc')",0.674071629
"('power_rating', 'gdp_usd', 'mv_usd', 'elo_rating', 'qol', 'mv_play_dom', 'num_play_dom', 'mv_play_int', 'num_play_int', 'dom_int_mv_ratio', 'dom_perc', 'int_perc')",0.674071629
"('mv_play_dom', 'num_play_dom', 'dom_int_mv_ratio', 'dom_perc')",0.673736078
"('mv_play_dom', 'num_play_dom', 'dom_int_mv_ratio', 'int_perc')",0.673736078
"('mv_play_dom', 'num_play_dom', 'dom_int_mv_ratio', 'dom_perc', 'int_perc')",0.673736078
"('mv_usd', 'num_play_int', 'dom_int_mv_ratio', 'dom_perc')",0.673615782
"('mv_usd', 'num_play_int', 'dom_int_mv_ratio', 'int_perc')",0.673615782
"('mv_usd', 'num_play_int', 'dom_int_mv_ratio', 'dom_perc', 'int_perc')",0.673615782
"('elo_rating', 'bmi', 'mv_play_dom', 'num_play_dom', 'dom_int_mv_ratio')",0.673457272
"('elo_rating', 'bmi', 'mv_play_dom', 'num_play_dom')",0.673433168
"('power_rating', 'mv_usd', 'elo_rating', 'bmi', 'qol', 'mv_play_dom', 'num_play_dom', 'mv_play_int', 'num_play_int', 'dom_perc')",0.672622756
"('power_rating', 'mv_usd', 'elo_rating', 'bmi', 'qol', 'mv_play_dom', 'num_play_dom', 'mv_play_int', 'num_play_int', 'int_perc')",0.672622756
"('power_rating', 'mv_usd', 'elo_rating', 'bmi', 'qol', 'mv_play_dom', 'num_play_dom', 'mv_play_int', 'num_play_int', 'dom_perc', 'int_perc')",0.672622756
"('power_rating', 'gdp_usd', 'mv_usd', 'bmi', 'qol', 'mv_play_dom', 'num_play_dom', 'mv_play_int', 'num_play_int', 'dom_perc')",0.672605463
"('power_rating', 'gdp_usd', 'mv_usd', 'bmi', 'qol', 'mv_play_dom', 'num_play_dom', 'mv_play_int', 'num_play_int', 'int_perc')",0.672605463
"('power_rating', 'gdp_usd', 'mv_usd', 'bmi', 'qol', 'mv_play_dom', 'num_play_dom', 'mv_play_int', 'num_play_int', 'dom_perc', 'int_perc')",0.672605463
"('power_rating', 'mv_usd', 'bmi', 'qol', 'mv_play_dom', 'num_play_dom', 'mv_play_int', 'num_play_int', 'dom_int_mv_ratio', 'dom_perc')",0.672525992
"('power_rating', 'mv_usd', 'bmi', 'qol', 'mv_play_dom', 'num_play_dom', 'mv_play_int', 'num_play_int', 'dom_int_mv_ratio', 'int_perc')",0.672525992
"('power_rating', 'mv_usd', 'bmi', 'qol', 'mv_play_dom', 'num_play_dom', 'mv_play_int', 'num_play_int', 'dom_int_mv_ratio', 'dom_perc', 'int_perc')",0.672525992
"('power_rating', 'mv_usd', 'bmi', 'qol', 'num_play_dom', 'mv_play_int', 'num_play_int', 'dom_int_mv_ratio', 'dom_perc')",0.672458054
"('power_rating', 'mv_usd', 'bmi', 'qol', 'num_play_dom', 'mv_play_int', 'num_play_int', 'dom_int_mv_ratio', 'int_perc')",0.672458054
"('power_rating', 'mv_usd', 'bmi', 'qol', 'num_play_dom', 'mv_play_int', 'num_play_int', 'dom_int_mv_ratio', 'dom_perc', 'int_perc')",0.672458054
"('power_rating', 'gdp_usd', 'mv_usd', 'bmi', 'qol', 'num_play_dom', 'mv_play_int', 'num_play_int', 'dom_perc')",0.672275188
"('power_rating', 'gdp_usd', 'mv_usd', 'bmi', 'qol', 'num_play_dom', 'mv_play_int', 'num_play_int', 'int_perc')",0.672275188
"('power_rating', 'gdp_usd', 'mv_usd', 'bmi', 'qol', 'num_play_dom', 'mv_play_int', 'num_play_int', 'dom_perc', 'int_perc')",0.672275188
"('mv_usd', 'elo_rating', 'bmi', 'num_play_dom', 'num_play_int', 'dom_perc')",0.672225326
"('mv_usd', 'elo_rating', 'bmi', 'num_play_dom', 'num_play_int', 'int_perc')",0.672225326
"('mv_usd', 'elo_rating', 'bmi', 'num_play_dom', 'num_play_int', 'dom_perc', 'int_perc')",0.672225326
"('mv_usd', 'elo_rating', 'bmi', 'qol', 'num_play_dom', 'mv_play_int', 'dom_perc')",0.672186482
"('mv_usd', 'elo_rating', 'bmi', 'qol', 'num_play_dom', 'mv_play_int', 'int_perc')",0.672186482
"('mv_usd', 'elo_rating', 'bmi', 'qol', 'num_play_dom', 'mv_play_int', 'dom_perc', 'int_perc')",0.672186482
"('mv_usd', 'elo_rating', 'bmi', 'qol', 'mv_play_int', 'dom_perc')",0.672093288
"('mv_usd', 'elo_rating', 'bmi', 'qol', 'mv_play_int', 'int_perc')",0.672093288
"('mv_usd', 'elo_rating', 'bmi', 'qol', 'mv_play_int', 'dom_perc', 'int_perc')",0.672093288
"('power_rating', 'mv_usd', 'elo_rating', 'bmi', 'qol', 'num_play_dom', 'mv_play_int', 'num_play_int', 'dom_perc')",0.672012953
"('power_rating', 'mv_usd', 'elo_rating', 'bmi', 'qol', 'num_play_dom', 'mv_play_int', 'num_play_int', 'int_perc')",0.672012953
"('power_rating', 'mv_usd', 'elo_rating', 'bmi', 'qol', 'num_play_dom', 'mv_play_int', 'num_play_int', 'dom_perc', 'int_perc')",0.672012953
"('power_rating', 'gdp_usd', 'mv_usd', 'elo_rating', 'qol', 'num_play_dom', 'mv_play_int', 'num_play_int', 'dom_int_mv_ratio', 'dom_perc')",0.671882266
"('power_rating', 'gdp_usd', 'mv_usd', 'elo_rating', 'qol', 'num_play_dom', 'mv_play_int', 'num_play_int', 'dom_int_mv_ratio', 'int_perc')",0.671882266
"('power_rating', 'gdp_usd', 'mv_usd', 'elo_rating', 'qol', 'num_play_dom', 'mv_play_int', 'num_play_int', 'dom_int_mv_ratio', 'dom_perc', 'int_perc')",0.671882266
"('power_rating', 'gdp_usd', 'bmi', 'qol', 'mv_play_dom', 'num_play_dom', 'mv_play_int', 'num_play_int', 'dom_int_mv_ratio', 'dom_perc')",0.671860507
"('power_rating', 'gdp_usd', 'bmi', 'qol', 'mv_play_dom', 'num_play_dom', 'mv_play_int', 'num_play_int', 'dom_int_mv_ratio', 'int_perc')",0.671860507
"('power_rating', 'gdp_usd', 'bmi', 'qol', 'mv_play_dom', 'num_play_dom', 'mv_play_int', 'num_play_int', 'dom_int_mv_ratio', 'dom_perc', 'int_perc')",0.671860507
"('mv_usd', 'elo_rating', 'bmi', 'num_play_dom', 'mv_play_int', 'dom_perc')",0.671670736
"('mv_usd', 'elo_rating', 'bmi', 'num_play_dom', 'mv_play_int', 'int_perc')",0.671670736
"('mv_usd', 'elo_rating', 'bmi', 'num_play_dom', 'mv_play_int', 'dom_perc', 'int_perc')",0.671670736
"('mv_usd', 'elo_rating', 'bmi', 'mv_play_int', 'dom_perc')",0.671670313
"('mv_usd', 'elo_rating', 'bmi', 'mv_play_int', 'int_perc')",0.671670313
"('mv_usd', 'elo_rating', 'bmi', 'mv_play_int', 'dom_perc', 'int_perc')",0.671670313
"('mv_usd', 'elo_rating', 'qol', 'num_play_dom', 'mv_play_int', 'dom_perc')",0.671556937
"('mv_usd', 'elo_rating', 'qol', 'num_play_dom', 'mv_play_int', 'int_perc')",0.671556937
"('mv_usd', 'elo_rating', 'qol', 'num_play_dom', 'mv_play_int', 'dom_perc', 'int_perc')",0.671556937
"('mv_usd', 'elo_rating', 'qol', 'mv_play_int', 'dom_perc')",0.671556723
"('mv_usd', 'elo_rating', 'qol', 'mv_play_int', 'int_perc')",0.671556723
"('mv_usd', 'elo_rating', 'qol', 'mv_play_int', 'dom_perc', 'int_perc')",0.671556723
"('mv_usd', 'elo_rating', 'num_play_dom', 'mv_play_int', 'dom_perc')",0.671468906
"('mv_usd', 'elo_rating', 'num_play_dom', 'mv_play_int', 'int_perc')",0.671468906
"('mv_usd', 'elo_rating', 'num_play_dom', 'mv_play_int', 'dom_perc', 'int_perc')",0.671468906
"('mv_usd', 'elo_rating', 'mv_play_int', 'dom_perc')",0.671462585
"('mv_usd', 'elo_rating', 'mv_play_int', 'int_perc')",0.671462585
"('mv_usd', 'elo_rating', 'mv_play_int', 'dom_perc', 'int_perc')",0.671462585
"('power_rating', 'bmi', 'qol', 'mv_play_dom', 'num_play_dom', 'mv_play_int', 'num_play_int', 'dom_int_mv_ratio', 'dom_perc')",0.671293947
"('power_rating', 'bmi', 'qol', 'mv_play_dom', 'num_play_dom', 'mv_play_int', 'num_play_int', 'dom_int_mv_ratio', 'int_perc')",0.671293947
"('power_rating', 'bmi', 'qol', 'mv_play_dom', 'num_play_dom', 'mv_play_int', 'num_play_int', 'dom_int_mv_ratio', 'dom_perc', 'int_perc')",0.671293947
"('mv_usd', 'elo_rating', 'bmi', 'life_exp', 'qol', 'num_play_dom', 'mv_play_int', 'num_play_int')",0.671141446
"('power_rating', 'gdp_usd', 'mv_usd', 'elo_rating', 'bmi', 'life_exp', 'qol', 'mv_play_dom', 'num_play_dom', 'num_play_int', 'dom_int_mv_ratio', 'dom_perc')",0.671028795
"('power_rating', 'gdp_usd', 'mv_usd', 'elo_rating', 'bmi', 'life_exp', 'qol', 'mv_play_dom', 'num_play_dom', 'num_play_int', 'dom_int_mv_ratio', 'int_perc')",0.671028795
"('power_rating', 'gdp_usd', 'mv_usd', 'elo_rating', 'bmi', 'life_exp', 'qol', 'mv_play_dom', 'num_play_dom', 'num_play_int', 'dom_int_mv_ratio', 'dom_perc', 'int_perc')",0.671028795
"('power_rating', 'mv_usd', 'elo_rating', 'bmi', 'life_exp', 'qol', 'mv_play_dom', 'num_play_dom', 'num_play_int', 'dom_int_mv_ratio', 'int_perc')",0.670979152
"('power_rating', 'mv_usd', 'elo_rating', 'bmi', 'life_exp', 'qol', 'mv_play_dom', 'num_play_dom', 'num_play_int', 'dom_int_mv_ratio', 'dom_perc', 'int_perc')",0.670979152
"('power_rating', 'mv_usd', 'elo_rating', 'bmi', 'life_exp', 'qol', 'mv_play_dom', 'num_play_dom', 'num_play_int', 'dom_int_mv_ratio', 'dom_perc')",0.670979152
"('mv_usd', 'elo_rating', 'qol', 'num_play_dom', 'num_play_int', 'dom_perc')",0.670966384
"('mv_usd', 'elo_rating', 'qol', 'num_play_dom', 'num_play_int', 'int_perc')",0.670966384
"('mv_usd', 'elo_rating', 'qol', 'num_play_dom', 'num_play_int', 'dom_perc', 'int_perc')",0.670966384
"('mv_usd', 'elo_rating', 'life_exp', 'qol', 'num_play_int', 'dom_perc')",0.670926417
"('mv_usd', 'elo_rating', 'life_exp', 'qol', 'num_play_int', 'int_perc')",0.670926417
"('mv_usd', 'elo_rating', 'life_exp', 'qol', 'num_play_int', 'dom_perc', 'int_perc')",0.670926417
"('mv_usd', 'bmi', 'life_exp', 'qol', 'num_play_dom', 'num_play_int', 'dom_int_mv_ratio')",0.670889484
"('mv_usd', 'elo_rating', 'num_play_dom', 'num_play_int', 'dom_perc')",0.670645487
"('mv_usd', 'elo_rating', 'num_play_dom', 'num_play_int', 'int_perc')",0.670645487
"('mv_usd', 'elo_rating', 'num_play_dom', 'num_play_int', 'dom_perc', 'int_perc')",0.670645487
"('power_rating', 'mv_usd', 'elo_rating', 'qol', 'mv_play_dom', 'num_play_dom', 'mv_play_int', 'num_play_int', 'dom_int_mv_ratio', 'dom_perc')",0.670613759
"('power_rating', 'mv_usd', 'elo_rating', 'qol', 'mv_play_dom', 'num_play_dom', 'mv_play_int', 'num_play_int', 'dom_int_mv_ratio', 'int_perc')",0.670613759
"('power_rating', 'mv_usd', 'elo_rating', 'qol', 'mv_play_dom', 'num_play_dom', 'mv_play_int', 'num_play_int', 'dom_int_mv_ratio', 'dom_perc', 'int_perc')",0.670613759
"('mv_usd', 'elo_rating', 'bmi', 'life_exp', 'num_play_dom', 'mv_play_int', 'num_play_int')",0.670274652
"('power_rating', 'gdp_usd', 'mv_usd', 'elo_rating', 'bmi', 'life_exp', 'qol', 'num_play_dom', 'num_play_int', 'dom_int_mv_ratio', 'dom_perc')",0.670172801
"('power_rating', 'gdp_usd', 'mv_usd', 'elo_rating', 'bmi', 'life_exp', 'qol', 'num_play_dom', 'num_play_int', 'dom_int_mv_ratio', 'int_perc')",0.670172801
"('power_rating', 'gdp_usd', 'mv_usd', 'elo_rating', 'bmi', 'life_exp', 'qol', 'num_play_dom', 'num_play_int', 'dom_int_mv_ratio', 'dom_perc', 'int_perc')",0.670172801
"('power_rating', 'gdp_usd', 'elo_rating', 'qol', 'mv_play_dom', 'num_play_dom', 'mv_play_int', 'num_play_int', 'dom_int_mv_ratio', 'dom_perc')",0.670141239
"('power_rating', 'gdp_usd', 'elo_rating', 'qol', 'mv_play_dom', 'num_play_dom', 'mv_play_int', 'num_play_int', 'dom_int_mv_ratio', 'int_perc')",0.670141239
"('power_rating', 'gdp_usd', 'elo_rating', 'qol', 'mv_play_dom', 'num_play_dom', 'mv_play_int', 'num_play_int', 'dom_int_mv_ratio', 'dom_perc', 'int_perc')",0.670141239
"('power_rating', 'mv_usd', 'elo_rating', 'bmi', 'life_exp', 'qol', 'num_play_dom', 'num_play_int', 'dom_int_mv_ratio', 'dom_perc')",0.670141237
"('power_rating', 'mv_usd', 'elo_rating', 'bmi', 'life_exp', 'qol', 'num_play_dom', 'num_play_int', 'dom_int_mv_ratio', 'int_perc')",0.670141237
"('power_rating', 'mv_usd', 'elo_rating', 'bmi', 'life_exp', 'qol', 'num_play_dom', 'num_play_int', 'dom_int_mv_ratio', 'dom_perc', 'int_perc')",0.670141237
"('mv_usd', 'bmi', 'life_exp', 'num_play_dom', 'num_play_int', 'dom_int_mv_ratio')",0.670000041
"('power_rating', 'gdp_usd', 'mv_usd', 'elo_rating', 'life_exp', 'qol', 'mv_play_dom', 'num_play_dom', 'num_play_int', 'dom_int_mv_ratio', 'dom_perc')",0.66992222
"('power_rating', 'gdp_usd', 'mv_usd', 'elo_rating', 'life_exp', 'qol', 'mv_play_dom', 'num_play_dom', 'num_play_int', 'dom_int_mv_ratio', 'int_perc')",0.66992222
"('power_rating', 'gdp_usd', 'mv_usd', 'elo_rating', 'life_exp', 'qol', 'mv_play_dom', 'num_play_dom', 'num_play_int', 'dom_int_mv_ratio', 'dom_perc', 'int_perc')",0.66992222
"('power_rating', 'gdp_usd', 'mv_usd', 'elo_rating', 'qol', 'mv_play_dom', 'num_play_dom', 'mv_play_int', 'num_play_int', 'dom_perc')",0.669883435
"('power_rating', 'gdp_usd', 'mv_usd', 'elo_rating', 'qol', 'mv_play_dom', 'num_play_dom', 'mv_play_int', 'num_play_int', 'int_perc')",0.669883435
"('power_rating', 'gdp_usd', 'mv_usd', 'elo_rating', 'qol', 'mv_play_dom', 'num_play_dom', 'mv_play_int', 'num_play_int', 'dom_perc', 'int_perc')",0.669883435
"('power_rating', 'gdp_usd', 'elo_rating', 'qol', 'num_play_dom', 'mv_play_int', 'num_play_int', 'dom_int_mv_ratio', 'dom_perc')",0.669866862
"('power_rating', 'gdp_usd', 'elo_rating', 'qol', 'num_play_dom', 'mv_play_int', 'num_play_int', 'dom_int_mv_ratio', 'int_perc')",0.669866862
"('power_rating', 'gdp_usd', 'elo_rating', 'qol', 'num_play_dom', 'mv_play_int', 'num_play_int', 'dom_int_mv_ratio', 'dom_perc', 'int_perc')",0.669866862
"('power_rating', 'mv_usd', 'elo_rating', 'life_exp', 'qol', 'mv_play_dom', 'num_play_dom', 'num_play_int', 'dom_int_mv_ratio', 'dom_perc')",0.669846303
"('power_rating', 'mv_usd', 'elo_rating', 'life_exp', 'qol', 'mv_play_dom', 'num_play_dom', 'num_play_int', 'dom_int_mv_ratio', 'int_perc')",0.669846303
"('power_rating', 'mv_usd', 'elo_rating', 'life_exp', 'qol', 'mv_play_dom', 'num_play_dom', 'num_play_int', 'dom_int_mv_ratio', 'dom_perc', 'int_perc')",0.669846303
"('power_rating', 'mv_usd', 'elo_rating', 'qol', 'num_play_dom', 'mv_play_int', 'num_play_int', 'dom_int_mv_ratio', 'dom_perc')",0.669777802
"('power_rating', 'mv_usd', 'elo_rating', 'qol', 'num_play_dom', 'mv_play_int', 'num_play_int', 'dom_int_mv_ratio', 'int_perc')",0.669777802
"('power_rating', 'mv_usd', 'elo_rating', 'qol', 'num_play_dom', 'mv_play_int', 'num_play_int', 'dom_int_mv_ratio', 'dom_perc', 'int_perc')",0.669777802
"('mv_usd', 'bmi', 'dom_int_mv_ratio', 'dom_perc')",0.669772007
"('mv_usd', 'bmi', 'dom_int_mv_ratio', 'int_perc')",0.669772007
"('mv_usd', 'bmi', 'dom_int_mv_ratio', 'dom_perc', 'int_perc')",0.669772007
"('power_rating', 'mv_usd', 'bmi', 'qol', 'mv_play_dom', 'num_play_dom', 'mv_play_int', 'num_play_int', 'dom_perc')",0.66972049
"('power_rating', 'mv_usd', 'bmi', 'qol', 'mv_play_dom', 'num_play_dom', 'mv_play_int', 'num_play_int', 'int_perc')",0.66972049
"('power_rating', 'mv_usd', 'bmi', 'qol', 'mv_play_dom', 'num_play_dom', 'mv_play_int', 'num_play_int', 'dom_perc', 'int_perc')",0.66972049
"('power_rating', 'mv_usd', 'bmi', 'qol', 'num_play_dom', 'mv_play_int', 'num_play_int', 'dom_perc')",0.669712122
"('power_rating', 'mv_usd', 'bmi', 'qol', 'num_play_dom', 'mv_play_int', 'num_play_int', 'int_perc')",0.669712122
"('power_rating', 'mv_usd', 'bmi', 'qol', 'num_play_dom', 'mv_play_int', 'num_play_int', 'dom_perc', 'int_perc')",0.669712122
"('mv_usd', 'elo_rating', 'life_exp', 'num_play_int', 'dom_perc')",0.669612572
"('mv_usd', 'elo_rating', 'life_exp', 'num_play_int', 'int_perc')",0.669612572
"('mv_usd', 'elo_rating', 'life_exp', 'num_play_int', 'dom_perc', 'int_perc')",0.669612572
"('mv_usd', 'elo_rating', 'bmi', 'life_exp', 'qol', 'num_play_dom', 'mv_play_int')",0.668975271
"('power_rating', 'gdp_usd', 'elo_rating', 'bmi', 'life_exp', 'qol', 'mv_play_dom', 'num_play_dom', 'num_play_int', 'dom_int_mv_ratio', 'dom_perc')",0.668934818
"('power_rating', 'gdp_usd', 'elo_rating', 'bmi', 'life_exp', 'qol', 'mv_play_dom', 'num_play_dom', 'num_play_int', 'dom_int_mv_ratio', 'int_perc')",0.668934818
"('power_rating', 'gdp_usd', 'elo_rating', 'bmi', 'life_exp', 'qol', 'mv_play_dom', 'num_play_dom', 'num_play_int', 'dom_int_mv_ratio', 'dom_perc', 'int_perc')",0.668934818
"('power_rating', 'elo_rating', 'qol', 'mv_play_dom', 'num_play_dom', 'mv_play_int', 'num_play_int', 'dom_int_mv_ratio', 'dom_perc')",0.668848046
"('power_rating', 'elo_rating', 'qol', 'mv_play_dom', 'num_play_dom', 'mv_play_int', 'num_play_int', 'dom_int_mv_ratio', 'int_perc')",0.668848046
"('power_rating', 'elo_rating', 'qol', 'mv_play_dom', 'num_play_dom', 'mv_play_int', 'num_play_int', 'dom_int_mv_ratio', 'dom_perc', 'int_perc')",0.668848046
"('power_rating', 'gdp_usd', 'mv_usd', 'elo_rating', 'life_exp', 'qol', 'num_play_dom', 'num_play_int', 'dom_int_mv_ratio', 'dom_perc', 'int_perc')",0.668842366
"('power_rating', 'gdp_usd', 'mv_usd', 'elo_rating', 'life_exp', 'qol', 'num_play_dom', 'num_play_int', 'dom_int_mv_ratio', 'dom_perc')",0.668842366
"('power_rating', 'gdp_usd', 'mv_usd', 'elo_rating', 'life_exp', 'qol', 'num_play_dom', 'num_play_int', 'dom_int_mv_ratio', 'int_perc')",0.668842366
"('power_rating', 'mv_usd', 'elo_rating', 'life_exp', 'qol', 'num_play_dom', 'num_play_int', 'dom_int_mv_ratio', 'dom_perc')",0.668813878
"('power_rating', 'mv_usd', 'elo_rating', 'life_exp', 'qol', 'num_play_dom', 'num_play_int', 'dom_int_mv_ratio', 'dom_perc', 'int_perc')",0.668813878
"('power_rating', 'mv_usd', 'elo_rating', 'life_exp', 'qol', 'num_play_dom', 'num_play_int', 'dom_int_mv_ratio', 'int_perc')",0.668813878
"('mv_usd', 'elo_rating', 'bmi', 'life_exp', 'num_play_dom', 'mv_play_int')",0.668708807
"('power_rating', 'elo_rating', 'qol', 'num_play_dom', 'mv_play_int', 'num_play_int', 'dom_int_mv_ratio', 'dom_perc')",0.668652969
"('power_rating', 'elo_rating', 'qol', 'num_play_dom', 'mv_play_int', 'num_play_int', 'dom_int_mv_ratio', 'int_perc')",0.668652969
"('power_rating', 'elo_rating', 'qol', 'num_play_dom', 'mv_play_int', 'num_play_int', 'dom_int_mv_ratio', 'dom_perc', 'int_perc')",0.668652969
"('mv_usd', 'elo_rating', 'bmi', 'qol', 'num_play_int', 'dom_perc')",0.668637601
"('mv_usd', 'elo_rating', 'bmi', 'qol', 'num_play_int', 'int_perc')",0.668637601
"('mv_usd', 'elo_rating', 'bmi', 'qol', 'num_play_int', 'dom_perc', 'int_perc')",0.668637601
"('power_rating', 'elo_rating', 'bmi', 'life_exp', 'qol', 'mv_play_dom', 'num_play_dom', 'num_play_int', 'dom_int_mv_ratio', 'dom_perc')",0.668627413
"('power_rating', 'elo_rating', 'bmi', 'life_exp', 'qol', 'mv_play_dom', 'num_play_dom', 'num_play_int', 'dom_int_mv_ratio', 'int_perc')",0.668627413
"('power_rating', 'elo_rating', 'bmi', 'life_exp', 'qol', 'mv_play_dom', 'num_play_dom', 'num_play_int', 'dom_int_mv_ratio', 'dom_perc', 'int_perc')",0.668627413
"('power_rating', 'gdp_usd', 'elo_rating', 'bmi', 'life_exp', 'qol', 'num_play_dom', 'num_play_int', 'dom_int_mv_ratio', 'dom_perc')",0.668417105
"('power_rating', 'gdp_usd', 'elo_rating', 'bmi', 'life_exp', 'qol', 'num_play_dom', 'num_play_int', 'dom_int_mv_ratio', 'int_perc')",0.668417105
"('power_rating', 'gdp_usd', 'elo_rating', 'bmi', 'life_exp', 'qol', 'num_play_dom', 'num_play_int', 'dom_int_mv_ratio', 'dom_perc', 'int_perc')",0.668417105
"('power_rating', 'gdp_usd', 'elo_rating', 'bmi', 'qol', 'mv_play_dom', 'num_play_dom', 'mv_play_int', 'num_play_int', 'dom_perc')",0.66822812
"('power_rating', 'gdp_usd', 'elo_rating', 'bmi', 'qol', 'mv_play_dom', 'num_play_dom', 'mv_play_int', 'num_play_int', 'int_perc')",0.66822812
"('power_rating', 'gdp_usd', 'elo_rating', 'bmi', 'qol', 'mv_play_dom', 'num_play_dom', 'mv_play_int', 'num_play_int', 'dom_perc', 'int_perc')",0.66822812
"('mv_play_dom', 'num_play_dom', 'mv_play_int', 'num_play_int', 'dom_perc')",0.668088279
"('mv_play_dom', 'num_play_dom', 'mv_play_int', 'num_play_int', 'int_perc')",0.668088279
"('mv_play_dom', 'num_play_dom', 'mv_play_int', 'num_play_int', 'dom_perc', 'int_perc')",0.668088279
"('power_rating', 'elo_rating', 'bmi', 'life_exp', 'qol', 'num_play_dom', 'num_play_int', 'dom_int_mv_ratio', 'dom_perc')",0.668083861
"('power_rating', 'elo_rating', 'bmi', 'life_exp', 'qol', 'num_play_dom', 'num_play_int', 'dom_int_mv_ratio', 'int_perc')",0.668083861
"('power_rating', 'elo_rating', 'bmi', 'life_exp', 'qol', 'num_play_dom', 'num_play_int', 'dom_int_mv_ratio', 'dom_perc', 'int_perc')",0.668083861
"('power_rating', 'gdp_usd', 'elo_rating', 'life_exp', 'qol', 'mv_play_dom', 'num_play_dom', 'num_play_int', 'dom_int_mv_ratio', 'dom_perc')",0.667839832
"('power_rating', 'gdp_usd', 'elo_rating', 'life_exp', 'qol', 'mv_play_dom', 'num_play_dom', 'num_play_int', 'dom_int_mv_ratio', 'int_perc')",0.667839832
"('power_rating', 'gdp_usd', 'elo_rating', 'life_exp', 'qol', 'mv_play_dom', 'num_play_dom', 'num_play_int', 'dom_int_mv_ratio', 'dom_perc', 'int_perc')",0.667839832
"('power_rating', 'elo_rating', 'life_exp', 'qol', 'mv_play_dom', 'num_play_dom', 'num_play_int', 'dom_int_mv_ratio', 'dom_perc')",0.667596427
"('power_rating', 'elo_rating', 'life_exp', 'qol', 'mv_play_dom', 'num_play_dom', 'num_play_int', 'dom_int_mv_ratio', 'int_perc')",0.667596427
"('power_rating', 'elo_rating', 'life_exp', 'qol', 'mv_play_dom', 'num_play_dom', 'num_play_int', 'dom_int_mv_ratio', 'dom_perc', 'int_perc')",0.667596427
"('power_rating', 'gdp_usd', 'elo_rating', 'life_exp', 'qol', 'num_play_dom', 'num_play_int', 'dom_int_mv_ratio', 'dom_perc')",0.667590207
"('power_rating', 'gdp_usd', 'elo_rating', 'life_exp', 'qol', 'num_play_dom', 'num_play_int', 'dom_int_mv_ratio', 'int_perc')",0.667590207
"('power_rating', 'gdp_usd', 'elo_rating', 'life_exp', 'qol', 'num_play_dom', 'num_play_int', 'dom_int_mv_ratio', 'dom_perc', 'int_perc')",0.667590207
"('mv_usd', 'bmi', 'qol', 'num_play_dom', 'num_play_int', 'dom_int_mv_ratio')",0.66749301
"('power_rating', 'elo_rating', 'life_exp', 'qol', 'num_play_dom', 'num_play_int', 'dom_int_mv_ratio', 'dom_perc')",0.667323192
"('power_rating', 'elo_rating', 'life_exp', 'qol', 'num_play_dom', 'num_play_int', 'dom_int_mv_ratio', 'int_perc')",0.667323192
"('power_rating', 'elo_rating', 'life_exp', 'qol', 'num_play_dom', 'num_play_int', 'dom_int_mv_ratio', 'dom_perc', 'int_perc')",0.667323192
"('power_rating', 'elo_rating', 'bmi', 'qol', 'mv_play_dom', 'num_play_dom', 'mv_play_int', 'num_play_int', 'dom_perc')",0.667272785
"('power_rating', 'elo_rating', 'bmi', 'qol', 'mv_play_dom', 'num_play_dom', 'mv_play_int', 'num_play_int', 'int_perc')",0.667272785
"('power_rating', 'elo_rating', 'bmi', 'qol', 'mv_play_dom', 'num_play_dom', 'mv_play_int', 'num_play_int', 'dom_perc', 'int_perc')",0.667272785
"('power_rating', 'gdp_usd', 'bmi', 'qol', 'mv_play_dom', 'num_play_dom', 'mv_play_int', 'num_play_int', 'dom_perc')",0.66634456
"('power_rating', 'gdp_usd', 'bmi', 'qol', 'mv_play_dom', 'num_play_dom', 'mv_play_int', 'num_play_int', 'int_perc')",0.66634456
"('power_rating', 'gdp_usd', 'bmi', 'qol', 'mv_play_dom', 'num_play_dom', 'mv_play_int', 'num_play_int', 'dom_perc', 'int_perc')",0.66634456
"('mv_usd', 'life_exp', 'qol', 'dom_int_mv_ratio', 'dom_perc')",0.666231426
"('mv_usd', 'life_exp', 'qol', 'dom_int_mv_ratio', 'int_perc')",0.666231426
"('mv_usd', 'life_exp', 'qol', 'dom_int_mv_ratio', 'dom_perc', 'int_perc')",0.666231426
"('mv_usd', 'elo_rating', 'life_exp', 'qol', 'num_play_dom', 'mv_play_int', 'num_play_int')",0.666131822
"('mv_usd', 'qol', 'dom_int_mv_ratio', 'dom_perc')",0.666114704
"('mv_usd', 'qol', 'dom_int_mv_ratio', 'int_perc')",0.666114704
"('mv_usd', 'qol', 'dom_int_mv_ratio', 'dom_perc', 'int_perc')",0.666114704
"('power_rating', 'gdp_usd', 'mv_usd', 'qol', 'mv_play_dom', 'num_play_dom', 'mv_play_int', 'num_play_int', 'dom_int_mv_ratio', 'dom_perc')",0.666026278
"('power_rating', 'gdp_usd', 'mv_usd', 'qol', 'mv_play_dom', 'num_play_dom', 'mv_play_int', 'num_play_int', 'dom_int_mv_ratio', 'int_perc')",0.666026278
"('power_rating', 'gdp_usd', 'mv_usd', 'qol', 'mv_play_dom', 'num_play_dom', 'mv_play_int', 'num_play_int', 'dom_int_mv_ratio', 'dom_perc', 'int_perc')",0.666026278
"('power_rating', 'gdp_usd', 'mv_usd', 'elo_rating', 'qol', 'num_play_dom', 'mv_play_int', 'num_play_int', 'dom_perc')",0.665998269
"('power_rating', 'gdp_usd', 'mv_usd', 'elo_rating', 'qol', 'num_play_dom', 'mv_play_int', 'num_play_int', 'int_perc')",0.665998269
"('power_rating', 'gdp_usd', 'mv_usd', 'elo_rating', 'qol', 'num_play_dom', 'mv_play_int', 'num_play_int', 'dom_perc', 'int_perc')",0.665998269
"('power_rating', 'gdp_usd', 'mv_usd', 'qol', 'num_play_dom', 'mv_play_int', 'num_play_int', 'dom_int_mv_ratio', 'dom_perc')",0.665786002
"('power_rating', 'gdp_usd', 'mv_usd', 'qol', 'num_play_dom', 'mv_play_int', 'num_play_int', 'dom_int_mv_ratio', 'int_perc')",0.665786002
"('power_rating', 'gdp_usd', 'mv_usd', 'qol', 'num_play_dom', 'mv_play_int', 'num_play_int', 'dom_int_mv_ratio', 'dom_perc', 'int_perc')",0.665786002
"('power_rating', 'gdp_usd', 'mv_usd', 'elo_rating', 'bmi', 'life_exp', 'mv_play_dom', 'num_play_dom', 'num_play_int', 'dom_int_mv_ratio', 'dom_perc')",0.665739462
"('power_rating', 'gdp_usd', 'mv_usd', 'elo_rating', 'bmi', 'life_exp', 'mv_play_dom', 'num_play_dom', 'num_play_int', 'dom_int_mv_ratio', 'int_perc')",0.665739462
"('power_rating', 'gdp_usd', 'mv_usd', 'elo_rating', 'bmi', 'life_exp', 'mv_play_dom', 'num_play_dom', 'num_play_int', 'dom_int_mv_ratio', 'dom_perc', 'int_perc')",0.665739462
"('power_rating', 'gdp_usd', 'mv_usd', 'elo_rating', 'bmi', 'life_exp', 'num_play_dom', 'num_play_int', 'dom_int_mv_ratio', 'dom_perc')",0.665683375
"('power_rating', 'gdp_usd', 'mv_usd', 'elo_rating', 'bmi', 'life_exp', 'num_play_dom', 'num_play_int', 'dom_int_mv_ratio', 'int_perc')",0.665683375
"('power_rating', 'gdp_usd', 'mv_usd', 'elo_rating', 'bmi', 'life_exp', 'num_play_dom', 'num_play_int', 'dom_int_mv_ratio', 'dom_perc', 'int_perc')",0.665683375
"('power_rating', 'bmi', 'qol', 'mv_play_dom', 'num_play_dom', 'mv_play_int', 'num_play_int', 'dom_perc')",0.66556973
"('power_rating', 'bmi', 'qol', 'mv_play_dom', 'num_play_dom', 'mv_play_int', 'num_play_int', 'int_perc')",0.66556973
"('power_rating', 'bmi', 'qol', 'mv_play_dom', 'num_play_dom', 'mv_play_int', 'num_play_int', 'dom_perc', 'int_perc')",0.66556973
"('mv_usd', 'elo_rating', 'bmi', 'life_exp', 'qol', 'num_play_dom', 'dom_perc')",0.665354087
"('mv_usd', 'elo_rating', 'bmi', 'life_exp', 'qol', 'num_play_dom', 'int_perc')",0.665354087
"('mv_usd', 'elo_rating', 'bmi', 'life_exp', 'qol', 'num_play_dom', 'dom_perc', 'int_perc')",0.665354087
"('power_rating', 'gdp_usd', 'mv_usd', 'elo_rating', 'bmi', 'life_exp', 'qol', 'mv_play_dom', 'mv_play_int', 'num_play_int', 'dom_int_mv_ratio', 'dom_perc')",0.665270375
"('power_rating', 'gdp_usd', 'mv_usd', 'elo_rating', 'bmi', 'life_exp', 'qol', 'mv_play_dom', 'mv_play_int', 'num_play_int', 'dom_int_mv_ratio', 'int_perc')",0.665270375
"('power_rating', 'gdp_usd', 'mv_usd', 'elo_rating', 'bmi', 'life_exp', 'qol', 'mv_play_dom', 'mv_play_int', 'num_play_int', 'dom_int_mv_ratio', 'dom_perc', 'int_perc')",0.665270375
"('power_rating', 'gdp_usd', 'elo_rating', 'bmi', 'life_exp', 'mv_play_dom', 'num_play_dom', 'num_play_int', 'dom_int_mv_ratio', 'dom_perc')",0.665181546
"('power_rating', 'gdp_usd', 'elo_rating', 'bmi', 'life_exp', 'mv_play_dom', 'num_play_dom', 'num_play_int', 'dom_int_mv_ratio', 'int_perc')",0.665181546
"('power_rating', 'gdp_usd', 'elo_rating', 'bmi', 'life_exp', 'mv_play_dom', 'num_play_dom', 'num_play_int', 'dom_int_mv_ratio', 'dom_perc', 'int_perc')",0.665181546
"('power_rating', 'gdp_usd', 'mv_usd', 'elo_rating', 'bmi', 'life_exp', 'mv_play_dom', 'mv_play_int', 'num_play_int', 'dom_int_mv_ratio', 'dom_perc')",0.665087421
"('power_rating', 'gdp_usd', 'mv_usd', 'elo_rating', 'bmi', 'life_exp', 'mv_play_dom', 'mv_play_int', 'num_play_int', 'dom_int_mv_ratio', 'int_perc')",0.665087421
"('power_rating', 'gdp_usd', 'mv_usd', 'elo_rating', 'bmi', 'life_exp', 'mv_play_dom', 'mv_play_int', 'num_play_int', 'dom_int_mv_ratio', 'dom_perc', 'int_perc')",0.665087421
"('mv_usd', 'elo_rating', 'bmi', 'life_exp', 'num_play_dom', 'dom_perc')",0.664680004
"('mv_usd', 'elo_rating', 'bmi', 'life_exp', 'num_play_dom', 'int_perc')",0.664680004
"('mv_usd', 'elo_rating', 'bmi', 'life_exp', 'num_play_dom', 'dom_perc', 'int_perc')",0.664680004
"('mv_usd', 'life_exp', 'qol', 'num_play_dom', 'num_play_int', 'dom_int_mv_ratio')",0.664552736
"('mv_usd', 'life_exp', 'num_play_dom', 'num_play_int', 'dom_int_mv_ratio')",0.664552721
"('power_rating', 'gdp_usd', 'mv_usd', 'bmi', 'life_exp', 'qol', 'mv_play_dom', 'mv_play_int', 'num_play_int', 'dom_int_mv_ratio', 'dom_perc')",0.664523439
"('power_rating', 'gdp_usd', 'mv_usd', 'bmi', 'life_exp', 'qol', 'mv_play_dom', 'mv_play_int', 'num_play_int', 'dom_int_mv_ratio', 'int_perc')",0.664523439
"('power_rating', 'gdp_usd', 'mv_usd', 'bmi', 'life_exp', 'qol', 'mv_play_dom', 'mv_play_int', 'num_play_int', 'dom_int_mv_ratio', 'dom_perc', 'int_perc')",0.664523439
"('power_rating', 'gdp_usd', 'elo_rating', 'bmi', 'life_exp', 'num_play_dom', 'num_play_int', 'dom_int_mv_ratio', 'dom_perc')",0.664519282
"('power_rating', 'gdp_usd', 'elo_rating', 'bmi', 'life_exp', 'num_play_dom', 'num_play_int', 'dom_int_mv_ratio', 'int_perc')",0.664519282
"('power_rating', 'gdp_usd', 'elo_rating', 'bmi', 'life_exp', 'num_play_dom', 'num_play_int', 'dom_int_mv_ratio', 'dom_perc', 'int_perc')",0.664519282
"('power_rating', 'gdp_usd', 'elo_rating', 'bmi', 'life_exp', 'qol', 'mv_play_dom', 'mv_play_int', 'num_play_int', 'dom_int_mv_ratio', 'dom_perc')",0.664448695
"('power_rating', 'gdp_usd', 'elo_rating', 'bmi', 'life_exp', 'qol', 'mv_play_dom', 'mv_play_int', 'num_play_int', 'dom_int_mv_ratio', 'int_perc')",0.664448695
"('power_rating', 'gdp_usd', 'elo_rating', 'bmi', 'life_exp', 'qol', 'mv_play_dom', 'mv_play_int', 'num_play_int', 'dom_int_mv_ratio', 'dom_perc', 'int_perc')",0.664448695
"('power_rating', 'gdp_usd', 'elo_rating', 'bmi', 'life_exp', 'mv_play_dom', 'mv_play_int', 'num_play_int', 'dom_int_mv_ratio', 'dom_perc')",0.664431338
"('power_rating', 'gdp_usd', 'elo_rating', 'bmi', 'life_exp', 'mv_play_dom', 'mv_play_int', 'num_play_int', 'dom_int_mv_ratio', 'int_perc')",0.664431338
"('power_rating', 'gdp_usd', 'elo_rating', 'bmi', 'life_exp', 'mv_play_dom', 'mv_play_int', 'num_play_int', 'dom_int_mv_ratio', 'dom_perc', 'int_perc')",0.664431338
"('power_rating', 'gdp_usd', 'mv_usd', 'elo_rating', 'bmi', 'life_exp', 'qol', 'mv_play_int', 'num_play_int', 'dom_int_mv_ratio', 'dom_perc')",0.664419466
"('power_rating', 'gdp_usd', 'mv_usd', 'elo_rating', 'bmi', 'life_exp', 'qol', 'mv_play_int', 'num_play_int', 'dom_int_mv_ratio', 'int_perc')",0.664419466
"('power_rating', 'gdp_usd', 'mv_usd', 'elo_rating', 'bmi', 'life_exp', 'qol', 'mv_play_int', 'num_play_int', 'dom_int_mv_ratio', 'dom_perc', 'int_perc')",0.664419466
"('power_rating', 'gdp_usd', 'mv_usd', 'elo_rating', 'bmi', 'life_exp', 'mv_play_int', 'num_play_int', 'dom_int_mv_ratio', 'dom_perc')",0.664404803
"('power_rating', 'gdp_usd', 'mv_usd', 'elo_rating', 'bmi', 'life_exp', 'mv_play_int', 'num_play_int', 'dom_int_mv_ratio', 'int_perc')",0.664404803
"('power_rating', 'gdp_usd', 'mv_usd', 'elo_rating', 'bmi', 'life_exp', 'mv_play_int', 'num_play_int', 'dom_int_mv_ratio', 'dom_perc', 'int_perc')",0.664404803
"('power_rating', 'gdp_usd', 'elo_rating', 'bmi', 'life_exp', 'qol', 'mv_play_int', 'num_play_int', 'dom_int_mv_ratio', 'dom_perc')",0.664383264
"('power_rating', 'gdp_usd', 'elo_rating', 'bmi', 'life_exp', 'qol', 'mv_play_int', 'num_play_int', 'dom_int_mv_ratio', 'int_perc')",0.664383264
"('power_rating', 'gdp_usd', 'elo_rating', 'bmi', 'life_exp', 'qol', 'mv_play_int', 'num_play_int', 'dom_int_mv_ratio', 'dom_perc', 'int_perc')",0.664383264
"('power_rating', 'gdp_usd', 'elo_rating', 'bmi', 'life_exp', 'mv_play_int', 'num_play_int', 'dom_int_mv_ratio', 'dom_perc')",0.664371825
"('power_rating', 'gdp_usd', 'elo_rating', 'bmi', 'life_exp', 'mv_play_int', 'num_play_int', 'dom_int_mv_ratio', 'int_perc')",0.664371825
"('power_rating', 'gdp_usd', 'elo_rating', 'bmi', 'life_exp', 'mv_play_int', 'num_play_int', 'dom_int_mv_ratio', 'dom_perc', 'int_perc')",0.664371825
"('power_rating', 'mv_usd', 'elo_rating', 'bmi', 'life_exp', 'mv_play_dom', 'num_play_dom', 'num_play_int', 'dom_int_mv_ratio', 'dom_perc')",0.664366936
"('power_rating', 'mv_usd', 'elo_rating', 'bmi', 'life_exp', 'mv_play_dom', 'num_play_dom', 'num_play_int', 'dom_int_mv_ratio', 'int_perc')",0.664366936
"('power_rating', 'mv_usd', 'elo_rating', 'bmi', 'life_exp', 'mv_play_dom', 'num_play_dom', 'num_play_int', 'dom_int_mv_ratio', 'dom_perc', 'int_perc')",0.664366936
"('power_rating', 'gdp_usd', 'mv_usd', 'bmi', 'life_exp', 'mv_play_dom', 'mv_play_int', 'num_play_int', 'dom_int_mv_ratio', 'dom_perc')",0.664204896
"('power_rating', 'gdp_usd', 'mv_usd', 'bmi', 'life_exp', 'mv_play_dom', 'mv_play_int', 'num_play_int', 'dom_int_mv_ratio', 'int_perc')",0.664204896
"('power_rating', 'gdp_usd', 'mv_usd', 'bmi', 'life_exp', 'mv_play_dom', 'mv_play_int', 'num_play_int', 'dom_int_mv_ratio', 'dom_perc', 'int_perc')",0.664204896
"('power_rating', 'gdp_usd', 'bmi', 'qol', 'num_play_dom', 'mv_play_int', 'num_play_int', 'dom_int_mv_ratio', 'dom_perc')",0.664091736
"('power_rating', 'gdp_usd', 'bmi', 'qol', 'num_play_dom', 'mv_play_int', 'num_play_int', 'dom_int_mv_ratio', 'int_perc')",0.664091736
"('power_rating', 'gdp_usd', 'bmi', 'qol', 'num_play_dom', 'mv_play_int', 'num_play_int', 'dom_int_mv_ratio', 'dom_perc', 'int_perc')",0.664091736
"('power_rating', 'mv_usd', 'elo_rating', 'bmi', 'life_exp', 'num_play_dom', 'num_play_int', 'dom_int_mv_ratio', 'dom_perc')",0.663959642
"('power_rating', 'mv_usd', 'elo_rating', 'bmi', 'life_exp', 'num_play_dom', 'num_play_int', 'dom_int_mv_ratio', 'int_perc')",0.663959642
"('power_rating', 'mv_usd', 'elo_rating', 'bmi', 'life_exp', 'num_play_dom', 'num_play_int', 'dom_int_mv_ratio', 'dom_perc', 'int_perc')",0.663959642
"('mv_usd', 'life_exp', 'dom_int_mv_ratio', 'int_perc')",0.663951271
"('mv_usd', 'life_exp', 'dom_int_mv_ratio', 'dom_perc', 'int_perc')",0.663951271
"('mv_usd', 'life_exp', 'dom_int_mv_ratio', 'dom_perc')",0.663951271
"('power_rating', 'mv_usd', 'elo_rating', 'qol', 'mv_play_dom', 'num_play_dom', 'mv_play_int', 'num_play_int', 'dom_perc')",0.663945783
"('power_rating', 'mv_usd', 'elo_rating', 'qol', 'mv_play_dom', 'num_play_dom', 'mv_play_int', 'num_play_int', 'int_perc')",0.663945783
"('power_rating', 'mv_usd', 'elo_rating', 'qol', 'mv_play_dom', 'num_play_dom', 'mv_play_int', 'num_play_int', 'dom_perc', 'int_perc')",0.663945783
"('elo_rating', 'life_exp', 'mv_play_dom', 'num_play_dom', 'dom_int_mv_ratio')",0.663937611
"('power_rating', 'bmi', 'qol', 'num_play_dom', 'mv_play_int', 'num_play_int', 'dom_int_mv_ratio', 'dom_perc')",0.663863107
"('power_rating', 'bmi', 'qol', 'num_play_dom', 'mv_play_int', 'num_play_int', 'dom_int_mv_ratio', 'int_perc')",0.663863107
"('power_rating', 'bmi', 'qol', 'num_play_dom', 'mv_play_int', 'num_play_int', 'dom_int_mv_ratio', 'dom_perc', 'int_perc')",0.663863107
"('mv_usd', 'elo_rating', 'bmi', 'num_play_int', 'dom_perc')",0.663640084
"('mv_usd', 'elo_rating', 'bmi', 'num_play_int', 'int_perc')",0.663640084
"('mv_usd', 'elo_rating', 'bmi', 'num_play_int', 'dom_perc', 'int_perc')",0.663640084
"('mv_play_dom', 'num_play_int', 'dom_int_mv_ratio', 'dom_perc')",0.663626076
"('mv_play_dom', 'num_play_int', 'dom_int_mv_ratio', 'int_perc')",0.663626076
"('mv_play_dom', 'num_play_int', 'dom_int_mv_ratio', 'dom_perc', 'int_perc')",0.663626076
"('mv_usd', 'elo_rating', 'qol', 'num_play_int', 'dom_perc')",0.663515172
"('mv_usd', 'elo_rating', 'qol', 'num_play_int', 'int_perc')",0.663515172
"('mv_usd', 'elo_rating', 'qol', 'num_play_int', 'dom_perc', 'int_perc')",0.663515172
"('power_rating', 'gdp_usd', 'bmi', 'life_exp', 'qol', 'mv_play_dom', 'mv_play_int', 'num_play_int', 'dom_int_mv_ratio', 'dom_perc')",0.663443545
"('power_rating', 'gdp_usd', 'bmi', 'life_exp', 'qol', 'mv_play_dom', 'mv_play_int', 'num_play_int', 'dom_int_mv_ratio', 'int_perc')",0.663443545
"('power_rating', 'gdp_usd', 'bmi', 'life_exp', 'qol', 'mv_play_dom', 'mv_play_int', 'num_play_int', 'dom_int_mv_ratio', 'dom_perc', 'int_perc')",0.663443545
"('elo_rating', 'life_exp', 'mv_play_dom', 'num_play_dom')",0.663400692
"('power_rating', 'gdp_usd', 'bmi', 'life_exp', 'mv_play_dom', 'mv_play_int', 'num_play_int', 'dom_int_mv_ratio', 'dom_perc')",0.663383876
"('power_rating', 'gdp_usd', 'bmi', 'life_exp', 'mv_play_dom', 'mv_play_int', 'num_play_int', 'dom_int_mv_ratio', 'int_perc')",0.663383876
"('power_rating', 'gdp_usd', 'bmi', 'life_exp', 'mv_play_dom', 'mv_play_int', 'num_play_int', 'dom_int_mv_ratio', 'dom_perc', 'int_perc')",0.663383876
"('power_rating', 'mv_usd', 'qol', 'mv_play_dom', 'num_play_dom', 'mv_play_int', 'num_play_int', 'dom_int_mv_ratio', 'dom_perc')",0.663325865
"('power_rating', 'mv_usd', 'qol', 'mv_play_dom', 'num_play_dom', 'mv_play_int', 'num_play_int', 'dom_int_mv_ratio', 'int_perc')",0.663325865
"('power_rating', 'mv_usd', 'qol', 'mv_play_dom', 'num_play_dom', 'mv_play_int', 'num_play_int', 'dom_int_mv_ratio', 'dom_perc', 'int_perc')",0.663325865
"('power_rating', 'mv_usd', 'qol', 'num_play_dom', 'mv_play_int', 'num_play_int', 'dom_int_mv_ratio', 'int_perc')",0.663323431
"('power_rating', 'mv_usd', 'qol', 'num_play_dom', 'mv_play_int', 'num_play_int', 'dom_int_mv_ratio', 'dom_perc', 'int_perc')",0.663323431
"('power_rating', 'mv_usd', 'qol', 'num_play_dom', 'mv_play_int', 'num_play_int', 'dom_int_mv_ratio', 'dom_perc')",0.663323431
"('elo_rating', 'mv_play_dom', 'num_play_dom', 'dom_int_mv_ratio')",0.663258172
"('power_rating', 'gdp_usd', 'mv_usd', 'qol', 'mv_play_dom', 'num_play_dom', 'mv_play_int', 'num_play_int', 'dom_perc')",0.663225031
"('power_rating', 'gdp_usd', 'mv_usd', 'qol', 'mv_play_dom', 'num_play_dom', 'mv_play_int', 'num_play_int', 'int_perc')",0.663225031
"('power_rating', 'gdp_usd', 'mv_usd', 'qol', 'mv_play_dom', 'num_play_dom', 'mv_play_int', 'num_play_int', 'dom_perc', 'int_perc')",0.663225031
"('mv_usd', 'dom_int_mv_ratio', 'dom_perc')",0.66318743
"('mv_usd', 'dom_int_mv_ratio', 'int_perc')",0.66318743
"('mv_usd', 'dom_int_mv_ratio', 'dom_perc', 'int_perc')",0.66318743
"('power_rating', 'gdp_usd', 'qol', 'mv_play_dom', 'num_play_dom', 'mv_play_int', 'num_play_int', 'dom_int_mv_ratio', 'dom_perc')",0.663153394
"('power_rating', 'gdp_usd', 'qol', 'mv_play_dom', 'num_play_dom', 'mv_play_int', 'num_play_int', 'dom_int_mv_ratio', 'int_perc')",0.663153394
"('power_rating', 'gdp_usd', 'qol', 'mv_play_dom', 'num_play_dom', 'mv_play_int', 'num_play_int', 'dom_int_mv_ratio', 'dom_perc', 'int_perc')",0.663153394
"('mv_usd', 'qol', 'num_play_dom', 'num_play_int', 'dom_int_mv_ratio')",0.662757171
"('mv_usd', 'elo_rating', 'life_exp', 'qol', 'num_play_dom', 'mv_play_int')",0.662672474
"('mv_usd', 'elo_rating', 'bmi', 'life_exp', 'qol', 'num_play_dom', 'num_play_int')",0.662654166
"('power_rating', 'elo_rating', 'bmi', 'life_exp', 'mv_play_dom', 'num_play_dom', 'num_play_int', 'dom_int_mv_ratio', 'dom_perc')",0.662628296
"('power_rating', 'elo_rating', 'bmi', 'life_exp', 'mv_play_dom', 'num_play_dom', 'num_play_int', 'dom_int_mv_ratio', 'int_perc')",0.662628296
"('power_rating', 'elo_rating', 'bmi', 'life_exp', 'mv_play_dom', 'num_play_dom', 'num_play_int', 'dom_int_mv_ratio', 'dom_perc', 'int_perc')",0.662628296
"('power_rating', 'gdp_usd', 'mv_usd', 'bmi', 'life_exp', 'qol', 'mv_play_int', 'num_play_int', 'dom_int_mv_ratio', 'dom_perc')",0.662592241
"('power_rating', 'gdp_usd', 'mv_usd', 'bmi', 'life_exp', 'qol', 'mv_play_int', 'num_play_int', 'dom_int_mv_ratio', 'int_perc')",0.662592241
"('power_rating', 'gdp_usd', 'mv_usd', 'bmi', 'life_exp', 'qol', 'mv_play_int', 'num_play_int', 'dom_int_mv_ratio', 'dom_perc', 'int_perc')",0.662592241
"('power_rating', 'gdp_usd', 'mv_usd', 'bmi', 'life_exp', 'mv_play_int', 'num_play_int', 'dom_int_mv_ratio', 'dom_perc')",0.662572076
"('power_rating', 'gdp_usd', 'mv_usd', 'bmi', 'life_exp', 'mv_play_int', 'num_play_int', 'dom_int_mv_ratio', 'int_perc')",0.662572076
"('power_rating', 'gdp_usd', 'mv_usd', 'bmi', 'life_exp', 'mv_play_int', 'num_play_int', 'dom_int_mv_ratio', 'dom_perc', 'int_perc')",0.662572076
"('mv_usd', 'elo_rating', 'bmi', 'life_exp', 'qol', 'num_play_dom')",0.662519961
"('mv_usd', 'elo_rating', 'life_exp', 'num_play_dom', 'mv_play_int', 'num_play_int')",0.66248929
"('mv_usd', 'elo_rating', 'bmi', 'life_exp', 'num_play_dom', 'num_play_int')",0.66248171
"('elo_rating', 'mv_play_dom', 'num_play_dom')",0.662326121
"('mv_usd', 'elo_rating', 'num_play_int', 'dom_perc')",0.662281089
"('mv_usd', 'elo_rating', 'num_play_int', 'int_perc')",0.662281089
"('mv_usd', 'elo_rating', 'num_play_int', 'dom_perc', 'int_perc')",0.662281089
"('mv_usd', 'elo_rating', 'bmi', 'life_exp', 'num_play_dom')",0.662250426
"('power_rating', 'gdp_usd', 'bmi', 'life_exp', 'qol', 'mv_play_int', 'num_play_int', 'dom_int_mv_ratio', 'dom_perc')",0.66224389
"('power_rating', 'gdp_usd', 'bmi', 'life_exp', 'qol', 'mv_play_int', 'num_play_int', 'dom_int_mv_ratio', 'int_perc')",0.66224389
"('power_rating', 'gdp_usd', 'bmi', 'life_exp', 'qol', 'mv_play_int', 'num_play_int', 'dom_int_mv_ratio', 'dom_perc', 'int_perc')",0.66224389
"('power_rating', 'mv_usd', 'elo_rating', 'qol', 'num_play_dom', 'mv_play_int', 'num_play_int', 'int_perc')",0.662224794
"('power_rating', 'mv_usd', 'elo_rating', 'qol', 'num_play_dom', 'mv_play_int', 'num_play_int', 'dom_perc', 'int_perc')",0.662224794
"('power_rating', 'mv_usd', 'elo_rating', 'qol', 'num_play_dom', 'mv_play_int', 'num_play_int', 'dom_perc')",0.662224794
"('power_rating', 'gdp_usd', 'bmi', 'life_exp', 'mv_play_int', 'num_play_int', 'dom_int_mv_ratio', 'dom_perc')",0.662203593
"('power_rating', 'gdp_usd', 'bmi', 'life_exp', 'mv_play_int', 'num_play_int', 'dom_int_mv_ratio', 'int_perc')",0.662203593
"('power_rating', 'gdp_usd', 'bmi', 'life_exp', 'mv_play_int', 'num_play_int', 'dom_int_mv_ratio', 'dom_perc', 'int_perc')",0.662203593
"('power_rating', 'gdp_usd', 'mv_usd', 'qol', 'num_play_dom', 'mv_play_int', 'num_play_int', 'dom_perc')",0.662192421
"('power_rating', 'gdp_usd', 'mv_usd', 'qol', 'num_play_dom', 'mv_play_int', 'num_play_int', 'int_perc')",0.662192421
"('power_rating', 'gdp_usd', 'mv_usd', 'qol', 'num_play_dom', 'mv_play_int', 'num_play_int', 'dom_perc', 'int_perc')",0.662192421
"('power_rating', 'qol', 'mv_play_dom', 'num_play_dom', 'mv_play_int', 'num_play_int', 'dom_int_mv_ratio', 'dom_perc')",0.662077348
"('power_rating', 'qol', 'mv_play_dom', 'num_play_dom', 'mv_play_int', 'num_play_int', 'dom_int_mv_ratio', 'int_perc')",0.662077348
"('power_rating', 'qol', 'mv_play_dom', 'num_play_dom', 'mv_play_int', 'num_play_int', 'dom_int_mv_ratio', 'dom_perc', 'int_perc')",0.662077348
"('mv_usd', 'bmi', 'num_play_dom', 'num_play_int', 'dom_int_mv_ratio')",0.661925169
"('power_rating', 'gdp_usd', 'mv_usd', 'elo_rating', 'life_exp', 'mv_play_dom', 'num_play_dom', 'num_play_int', 'dom_int_mv_ratio', 'dom_perc')",0.661921362
"('power_rating', 'gdp_usd', 'mv_usd', 'elo_rating', 'life_exp', 'mv_play_dom', 'num_play_dom', 'num_play_int', 'dom_int_mv_ratio', 'int_perc')",0.661921362
"('power_rating', 'gdp_usd', 'mv_usd', 'elo_rating', 'life_exp', 'mv_play_dom', 'num_play_dom', 'num_play_int', 'dom_int_mv_ratio', 'dom_perc', 'int_perc')",0.661921362
"('power_rating', 'gdp_usd', 'mv_usd', 'elo_rating', 'life_exp', 'num_play_dom', 'num_play_int', 'dom_int_mv_ratio', 'dom_perc')",0.661866025
"('power_rating', 'gdp_usd', 'mv_usd', 'elo_rating', 'life_exp', 'num_play_dom', 'num_play_int', 'dom_int_mv_ratio', 'int_perc')",0.661866025
"('power_rating', 'gdp_usd', 'mv_usd', 'elo_rating', 'life_exp', 'num_play_dom', 'num_play_int', 'dom_int_mv_ratio', 'dom_perc', 'int_perc')",0.661866025
"('power_rating', 'elo_rating', 'bmi', 'life_exp', 'num_play_dom', 'num_play_int', 'dom_int_mv_ratio', 'dom_perc')",0.66179944
"('power_rating', 'elo_rating', 'bmi', 'life_exp', 'num_play_dom', 'num_play_int', 'dom_int_mv_ratio', 'int_perc')",0.66179944
"('power_rating', 'elo_rating', 'bmi', 'life_exp', 'num_play_dom', 'num_play_int', 'dom_int_mv_ratio', 'dom_perc', 'int_perc')",0.66179944
"('power_rating', 'gdp_usd', 'elo_rating', 'life_exp', 'mv_play_dom', 'num_play_dom', 'num_play_int', 'dom_int_mv_ratio', 'dom_perc')",0.661669701
"('power_rating', 'gdp_usd', 'elo_rating', 'life_exp', 'mv_play_dom', 'num_play_dom', 'num_play_int', 'dom_int_mv_ratio', 'int_perc')",0.661669701
"('power_rating', 'gdp_usd', 'elo_rating', 'life_exp', 'mv_play_dom', 'num_play_dom', 'num_play_int', 'dom_int_mv_ratio', 'dom_perc', 'int_perc')",0.661669701
"('power_rating', 'gdp_usd', 'elo_rating', 'life_exp', 'num_play_dom', 'num_play_int', 'dom_int_mv_ratio', 'dom_perc')",0.661499917
"('power_rating', 'gdp_usd', 'elo_rating', 'life_exp', 'num_play_dom', 'num_play_int', 'dom_int_mv_ratio', 'int_perc')",0.661499917
"('power_rating', 'gdp_usd', 'elo_rating', 'life_exp', 'num_play_dom', 'num_play_int', 'dom_int_mv_ratio', 'dom_perc', 'int_perc')",0.661499917
"('power_rating', 'gdp_usd', 'mv_usd', 'elo_rating', 'bmi', 'life_exp', 'qol', 'mv_play_dom', 'num_play_dom', 'num_play_int', 'dom_perc')",0.661197763
"('power_rating', 'gdp_usd', 'mv_usd', 'elo_rating', 'bmi', 'life_exp', 'qol', 'mv_play_dom', 'num_play_dom', 'num_play_int', 'int_perc')",0.661197763
"('power_rating', 'gdp_usd', 'mv_usd', 'elo_rating', 'bmi', 'life_exp', 'qol', 'mv_play_dom', 'num_play_dom', 'num_play_int', 'dom_perc', 'int_perc')",0.661197763
"('power_rating', 'gdp_usd', 'mv_usd', 'elo_rating', 'bmi', 'life_exp', 'qol', 'mv_play_dom', 'mv_play_int', 'num_play_int', 'dom_perc')",0.661166776
"('power_rating', 'gdp_usd', 'mv_usd', 'elo_rating', 'bmi', 'life_exp', 'qol', 'mv_play_dom', 'mv_play_int', 'num_play_int', 'int_perc')",0.661166776
"('power_rating', 'gdp_usd', 'mv_usd', 'elo_rating', 'bmi', 'life_exp', 'qol', 'mv_play_dom', 'mv_play_int', 'num_play_int', 'dom_perc', 'int_perc')",0.661166776
"('power_rating', 'gdp_usd', 'elo_rating', 'bmi', 'life_exp', 'qol', 'mv_play_dom', 'mv_play_int', 'num_play_int', 'dom_perc')",0.661159301
"('power_rating', 'gdp_usd', 'elo_rating', 'bmi', 'life_exp', 'qol', 'mv_play_dom', 'mv_play_int', 'num_play_int', 'int_perc')",0.661159301
"('power_rating', 'gdp_usd', 'elo_rating', 'bmi', 'life_exp', 'qol', 'mv_play_dom', 'mv_play_int', 'num_play_int', 'dom_perc', 'int_perc')",0.661159301
"('mv_usd', 'num_play_dom', 'num_play_int', 'dom_int_mv_ratio')",0.661047198
"('power_rating', 'gdp_usd', 'mv_usd', 'elo_rating', 'bmi', 'life_exp', 'mv_play_dom', 'mv_play_int', 'num_play_int', 'dom_perc')",0.661016443
"('power_rating', 'gdp_usd', 'mv_usd', 'elo_rating', 'bmi', 'life_exp', 'mv_play_dom', 'mv_play_int', 'num_play_int', 'int_perc')",0.661016443
"('power_rating', 'gdp_usd', 'mv_usd', 'elo_rating', 'bmi', 'life_exp', 'mv_play_dom', 'mv_play_int', 'num_play_int', 'dom_perc', 'int_perc')",0.661016443
"('power_rating', 'gdp_usd', 'elo_rating', 'bmi', 'life_exp', 'mv_play_dom', 'mv_play_int', 'num_play_int', 'dom_perc')",0.661013292
"('power_rating', 'gdp_usd', 'elo_rating', 'bmi', 'life_exp', 'mv_play_dom', 'mv_play_int', 'num_play_int', 'int_perc')",0.661013292
"('power_rating', 'gdp_usd', 'elo_rating', 'bmi', 'life_exp', 'mv_play_dom', 'mv_play_int', 'num_play_int', 'dom_perc', 'int_perc')",0.661013292
"('elo_rating', 'bmi', 'life_exp', 'qol', 'mv_play_dom', 'num_play_int', 'dom_int_mv_ratio')",0.660915832
"('power_rating', 'gdp_usd', 'mv_usd', 'bmi', 'life_exp', 'qol', 'mv_play_dom', 'mv_play_int', 'num_play_int', 'dom_perc')",0.660914685
"('power_rating', 'gdp_usd', 'mv_usd', 'bmi', 'life_exp', 'qol', 'mv_play_dom', 'mv_play_int', 'num_play_int', 'int_perc')",0.660914685
"('power_rating', 'gdp_usd', 'mv_usd', 'bmi', 'life_exp', 'qol', 'mv_play_dom', 'mv_play_int', 'num_play_int', 'dom_perc', 'int_perc')",0.660914685
"('power_rating', 'gdp_usd', 'bmi', 'life_exp', 'qol', 'mv_play_dom', 'mv_play_int', 'num_play_int', 'dom_perc')",0.660869005
"('power_rating', 'gdp_usd', 'bmi', 'life_exp', 'qol', 'mv_play_dom', 'mv_play_int', 'num_play_int', 'int_perc')",0.660869005
"('power_rating', 'gdp_usd', 'bmi', 'life_exp', 'qol', 'mv_play_dom', 'mv_play_int', 'num_play_int', 'dom_perc', 'int_perc')",0.660869005
"('power_rating', 'gdp_usd', 'mv_usd', 'elo_rating', 'bmi', 'life_exp', 'qol', 'mv_play_int', 'num_play_int', 'dom_perc')",0.660793083
"('power_rating', 'gdp_usd', 'mv_usd', 'elo_rating', 'bmi', 'life_exp', 'qol', 'mv_play_int', 'num_play_int', 'int_perc')",0.660793083
"('power_rating', 'gdp_usd', 'mv_usd', 'elo_rating', 'bmi', 'life_exp', 'qol', 'mv_play_int', 'num_play_int', 'dom_perc', 'int_perc')",0.660793083
"('power_rating', 'gdp_usd', 'mv_usd', 'elo_rating', 'bmi', 'life_exp', 'mv_play_int', 'num_play_int', 'dom_perc')",0.660756816
"('power_rating', 'gdp_usd', 'mv_usd', 'elo_rating', 'bmi', 'life_exp', 'mv_play_int', 'num_play_int', 'int_perc')",0.660756816
"('power_rating', 'gdp_usd', 'mv_usd', 'elo_rating', 'bmi', 'life_exp', 'mv_play_int', 'num_play_int', 'dom_perc', 'int_perc')",0.660756816
"('power_rating', 'gdp_usd', 'mv_usd', 'bmi', 'life_exp', 'mv_play_dom', 'mv_play_int', 'num_play_int', 'dom_perc')",0.660691524
"('power_rating', 'gdp_usd', 'mv_usd', 'bmi', 'life_exp', 'mv_play_dom', 'mv_play_int', 'num_play_int', 'int_perc')",0.660691524
"('power_rating', 'gdp_usd', 'mv_usd', 'bmi', 'life_exp', 'mv_play_dom', 'mv_play_int', 'num_play_int', 'dom_perc', 'int_perc')",0.660691524
"('power_rating', 'gdp_usd', 'bmi', 'life_exp', 'mv_play_dom', 'mv_play_int', 'num_play_int', 'dom_perc')",0.660688011
"('power_rating', 'gdp_usd', 'bmi', 'life_exp', 'mv_play_dom', 'mv_play_int', 'num_play_int', 'int_perc')",0.660688011
"('power_rating', 'gdp_usd', 'bmi', 'life_exp', 'mv_play_dom', 'mv_play_int', 'num_play_int', 'dom_perc', 'int_perc')",0.660688011
"('mv_usd', 'elo_rating', 'life_exp', 'qol', 'num_play_dom', 'dom_perc')",0.660666371
"('mv_usd', 'elo_rating', 'life_exp', 'qol', 'num_play_dom', 'int_perc')",0.660666371
"('mv_usd', 'elo_rating', 'life_exp', 'qol', 'num_play_dom', 'dom_perc', 'int_perc')",0.660666371
"('mv_usd', 'elo_rating', 'life_exp', 'num_play_dom', 'mv_play_int')",0.660490112
"('power_rating', 'gdp_usd', 'elo_rating', 'bmi', 'qol', 'num_play_dom', 'mv_play_int', 'num_play_int', 'dom_perc')",0.660462784
"('power_rating', 'gdp_usd', 'elo_rating', 'bmi', 'qol', 'num_play_dom', 'mv_play_int', 'num_play_int', 'int_perc')",0.660462784
"('power_rating', 'gdp_usd', 'elo_rating', 'bmi', 'qol', 'num_play_dom', 'mv_play_int', 'num_play_int', 'dom_perc', 'int_perc')",0.660462784
"('power_rating', 'mv_usd', 'elo_rating', 'bmi', 'life_exp', 'qol', 'mv_play_dom', 'num_play_dom', 'num_play_int', 'dom_perc')",0.660241108
"('power_rating', 'mv_usd', 'elo_rating', 'bmi', 'life_exp', 'qol', 'mv_play_dom', 'num_play_dom', 'num_play_int', 'int_perc')",0.660241108
"('power_rating', 'mv_usd', 'elo_rating', 'bmi', 'life_exp', 'qol', 'mv_play_dom', 'num_play_dom', 'num_play_int', 'dom_perc', 'int_perc')",0.660241108
"('power_rating', 'mv_usd', 'elo_rating', 'bmi', 'life_exp', 'qol', 'mv_play_dom', 'mv_play_int', 'num_play_int', 'dom_int_mv_ratio', 'dom_perc')",0.660231106
"('power_rating', 'mv_usd', 'elo_rating', 'bmi', 'life_exp', 'qol', 'mv_play_dom', 'mv_play_int', 'num_play_int', 'dom_int_mv_ratio', 'int_perc')",0.660231106
"('power_rating', 'mv_usd', 'elo_rating', 'bmi', 'life_exp', 'qol', 'mv_play_dom', 'mv_play_int', 'num_play_int', 'dom_int_mv_ratio', 'dom_perc', 'int_perc')",0.660231106
"('power_rating', 'mv_usd', 'elo_rating', 'bmi', 'life_exp', 'qol', 'mv_play_int', 'num_play_int', 'dom_int_mv_ratio', 'dom_perc')",0.660229654
"('power_rating', 'mv_usd', 'elo_rating', 'bmi', 'life_exp', 'qol', 'mv_play_int', 'num_play_int', 'dom_int_mv_ratio', 'int_perc')",0.660229654
"('power_rating', 'mv_usd', 'elo_rating', 'bmi', 'life_exp', 'qol', 'mv_play_int', 'num_play_int', 'dom_int_mv_ratio', 'dom_perc', 'int_perc')",0.660229654
"('power_rating', 'elo_rating', 'bmi', 'life_exp', 'qol', 'mv_play_dom', 'mv_play_int', 'num_play_int', 'dom_int_mv_ratio', 'dom_perc')",0.660198258
"('power_rating', 'elo_rating', 'bmi', 'life_exp', 'qol', 'mv_play_dom', 'mv_play_int', 'num_play_int', 'dom_int_mv_ratio', 'int_perc')",0.660198258
"('power_rating', 'elo_rating', 'bmi', 'life_exp', 'qol', 'mv_play_dom', 'mv_play_int', 'num_play_int', 'dom_int_mv_ratio', 'dom_perc', 'int_perc')",0.660198258
"('power_rating', 'elo_rating', 'bmi', 'life_exp', 'qol', 'mv_play_int', 'num_play_int', 'dom_int_mv_ratio', 'dom_perc')",0.660144582
"('power_rating', 'elo_rating', 'bmi', 'life_exp', 'qol', 'mv_play_int', 'num_play_int', 'dom_int_mv_ratio', 'int_perc')",0.660144582
"('power_rating', 'elo_rating', 'bmi', 'life_exp', 'qol', 'mv_play_int', 'num_play_int', 'dom_int_mv_ratio', 'dom_perc', 'int_perc')",0.660144582
"('power_rating', 'gdp_usd', 'mv_usd', 'bmi', 'life_exp', 'qol', 'mv_play_int', 'num_play_int', 'dom_perc')",0.66004484
"('power_rating', 'gdp_usd', 'mv_usd', 'bmi', 'life_exp', 'qol', 'mv_play_int', 'num_play_int', 'int_perc')",0.66004484
"('power_rating', 'gdp_usd', 'mv_usd', 'bmi', 'life_exp', 'qol', 'mv_play_int', 'num_play_int', 'dom_perc', 'int_perc')",0.66004484
"('power_rating', 'gdp_usd', 'mv_usd', 'bmi', 'life_exp', 'mv_play_int', 'num_play_int', 'dom_perc')",0.660006648
"('power_rating', 'gdp_usd', 'mv_usd', 'bmi', 'life_exp', 'mv_play_int', 'num_play_int', 'int_perc')",0.660006648
"('power_rating', 'gdp_usd', 'mv_usd', 'bmi', 'life_exp', 'mv_play_int', 'num_play_int', 'dom_perc', 'int_perc')",0.660006648
"('elo_rating', 'bmi', 'qol', 'mv_play_dom', 'num_play_int', 'dom_int_mv_ratio')",0.659830679
"('power_rating', 'elo_rating', 'bmi', 'qol', 'num_play_dom', 'mv_play_int', 'num_play_int', 'dom_perc')",0.659670196
"('power_rating', 'elo_rating', 'bmi', 'qol', 'num_play_dom', 'mv_play_int', 'num_play_int', 'int_perc')",0.659670196
"('power_rating', 'elo_rating', 'bmi', 'qol', 'num_play_dom', 'mv_play_int', 'num_play_int', 'dom_perc', 'int_perc')",0.659670196
"('power_rating', 'mv_usd', 'elo_rating', 'life_exp', 'mv_play_dom', 'num_play_dom', 'num_play_int', 'dom_int_mv_ratio', 'dom_perc')",0.659634162
"('power_rating', 'mv_usd', 'elo_rating', 'life_exp', 'mv_play_dom', 'num_play_dom', 'num_play_int', 'dom_int_mv_ratio', 'int_perc')",0.659634162
"('power_rating', 'mv_usd', 'elo_rating', 'life_exp', 'mv_play_dom', 'num_play_dom', 'num_play_int', 'dom_int_mv_ratio', 'dom_perc', 'int_perc')",0.659634162
"('power_rating', 'mv_usd', 'elo_rating', 'bmi', 'life_exp', 'mv_play_dom', 'mv_play_int', 'num_play_int', 'dom_int_mv_ratio', 'dom_perc')",0.659549835
"('power_rating', 'mv_usd', 'elo_rating', 'bmi', 'life_exp', 'mv_play_dom', 'mv_play_int', 'num_play_int', 'dom_int_mv_ratio', 'int_perc')",0.659549835
"('power_rating', 'mv_usd', 'elo_rating', 'bmi', 'life_exp', 'mv_play_dom', 'mv_play_int', 'num_play_int', 'dom_int_mv_ratio', 'dom_perc', 'int_perc')",0.659549835
"('power_rating', 'elo_rating', 'bmi', 'life_exp', 'mv_play_dom', 'mv_play_int', 'num_play_int', 'dom_int_mv_ratio', 'dom_perc')",0.659543505
"('power_rating', 'elo_rating', 'bmi', 'life_exp', 'mv_play_dom', 'mv_play_int', 'num_play_int', 'dom_int_mv_ratio', 'int_perc')",0.659543505
"('power_rating', 'elo_rating', 'bmi', 'life_exp', 'mv_play_dom', 'mv_play_int', 'num_play_int', 'dom_int_mv_ratio', 'dom_perc', 'int_perc')",0.659543505
"('power_rating', 'mv_usd', 'elo_rating', 'bmi', 'life_exp', 'mv_play_int', 'num_play_int', 'dom_int_mv_ratio', 'dom_perc')",0.65954093
"('power_rating', 'mv_usd', 'elo_rating', 'bmi', 'life_exp', 'mv_play_int', 'num_play_int', 'dom_int_mv_ratio', 'int_perc')",0.65954093
"('power_rating', 'mv_usd', 'elo_rating', 'bmi', 'life_exp', 'mv_play_int', 'num_play_int', 'dom_int_mv_ratio', 'dom_perc', 'int_perc')",0.65954093
"('power_rating', 'gdp_usd', 'elo_rating', 'bmi', 'life_exp', 'qol', 'mv_play_int', 'num_play_int', 'dom_perc')",0.659446919
"('power_rating', 'gdp_usd', 'elo_rating', 'bmi', 'life_exp', 'qol', 'mv_play_int', 'num_play_int', 'int_perc')",0.659446919
"('power_rating', 'gdp_usd', 'elo_rating', 'bmi', 'life_exp', 'qol', 'mv_play_int', 'num_play_int', 'dom_perc', 'int_perc')",0.659446919
"('power_rating', 'elo_rating', 'bmi', 'life_exp', 'mv_play_int', 'num_play_int', 'dom_int_mv_ratio', 'dom_perc')",0.65944284
"('power_rating', 'elo_rating', 'bmi', 'life_exp', 'mv_play_int', 'num_play_int', 'dom_int_mv_ratio', 'int_perc')",0.65944284
"('power_rating', 'elo_rating', 'bmi', 'life_exp', 'mv_play_int', 'num_play_int', 'dom_int_mv_ratio', 'dom_perc', 'int_perc')",0.65944284
"('power_rating', 'gdp_usd', 'elo_rating', 'bmi', 'life_exp', 'mv_play_int', 'num_play_int', 'dom_perc')",0.659335942
"('power_rating', 'gdp_usd', 'elo_rating', 'bmi', 'life_exp', 'mv_play_int', 'num_play_int', 'int_perc')",0.659335942
"('power_rating', 'gdp_usd', 'elo_rating', 'bmi', 'life_exp', 'mv_play_int', 'num_play_int', 'dom_perc', 'int_perc')",0.659335942
"('power_rating', 'gdp_usd', 'mv_usd', 'elo_rating', 'life_exp', 'qol', 'mv_play_dom', 'mv_play_int', 'num_play_int', 'dom_int_mv_ratio', 'dom_perc')",0.659219356
"('power_rating', 'gdp_usd', 'mv_usd', 'elo_rating', 'life_exp', 'qol', 'mv_play_dom', 'mv_play_int', 'num_play_int', 'dom_int_mv_ratio', 'int_perc')",0.659219356
"('power_rating', 'gdp_usd', 'mv_usd', 'elo_rating', 'life_exp', 'qol', 'mv_play_dom', 'mv_play_int', 'num_play_int', 'dom_int_mv_ratio', 'dom_perc', 'int_perc')",0.659219356
"('power_rating', 'mv_usd', 'elo_rating', 'life_exp', 'num_play_dom', 'num_play_int', 'dom_int_mv_ratio', 'dom_perc')",0.65906055
"('power_rating', 'mv_usd', 'elo_rating', 'life_exp', 'num_play_dom', 'num_play_int', 'dom_int_mv_ratio', 'int_perc')",0.65906055
"('power_rating', 'mv_usd', 'elo_rating', 'life_exp', 'num_play_dom', 'num_play_int', 'dom_int_mv_ratio', 'dom_perc', 'int_perc')",0.65906055
"('power_rating', 'gdp_usd', 'mv_usd', 'elo_rating', 'life_exp', 'qol', 'mv_play_dom', 'num_play_dom', 'num_play_int', 'dom_perc')",0.659052054
"('power_rating', 'gdp_usd', 'mv_usd', 'elo_rating', 'life_exp', 'qol', 'mv_play_dom', 'num_play_dom', 'num_play_int', 'int_perc')",0.659052054
"('power_rating', 'gdp_usd', 'mv_usd', 'elo_rating', 'life_exp', 'qol', 'mv_play_dom', 'num_play_dom', 'num_play_int', 'dom_perc', 'int_perc')",0.659052054
"('power_rating', 'gdp_usd', 'mv_usd', 'elo_rating', 'life_exp', 'mv_play_dom', 'mv_play_int', 'num_play_int', 'dom_int_mv_ratio', 'dom_perc')",0.659033424
"('power_rating', 'gdp_usd', 'mv_usd', 'elo_rating', 'life_exp', 'mv_play_dom', 'mv_play_int', 'num_play_int', 'dom_int_mv_ratio', 'int_perc')",0.659033424
"('power_rating', 'gdp_usd', 'mv_usd', 'elo_rating', 'life_exp', 'mv_play_dom', 'mv_play_int', 'num_play_int', 'dom_int_mv_ratio', 'dom_perc', 'int_perc')",0.659033424
"('power_rating', 'mv_usd', 'bmi', 'life_exp', 'qol', 'mv_play_dom', 'mv_play_int', 'num_play_int', 'dom_int_mv_ratio', 'dom_perc')",0.658901411
"('power_rating', 'mv_usd', 'bmi', 'life_exp', 'qol', 'mv_play_dom', 'mv_play_int', 'num_play_int', 'dom_int_mv_ratio', 'int_perc')",0.658901411
"('power_rating', 'mv_usd', 'bmi', 'life_exp', 'qol', 'mv_play_dom', 'mv_play_int', 'num_play_int', 'dom_int_mv_ratio', 'dom_perc', 'int_perc')",0.658901411
"('power_rating', 'bmi', 'life_exp', 'qol', 'mv_play_dom', 'mv_play_int', 'num_play_int', 'dom_int_mv_ratio', 'dom_perc')",0.658896093
"('power_rating', 'bmi', 'life_exp', 'qol', 'mv_play_dom', 'mv_play_int', 'num_play_int', 'dom_int_mv_ratio', 'int_perc')",0.658896093
"('power_rating', 'bmi', 'life_exp', 'qol', 'mv_play_dom', 'mv_play_int', 'num_play_int', 'dom_int_mv_ratio', 'dom_perc', 'int_perc')",0.658896093
"('power_rating', 'gdp_usd', 'mv_usd', 'elo_rating', 'life_exp', 'qol', 'mv_play_int', 'num_play_int', 'dom_int_mv_ratio', 'dom_perc')",0.658817666
"('power_rating', 'gdp_usd', 'mv_usd', 'elo_rating', 'life_exp', 'qol', 'mv_play_int', 'num_play_int', 'dom_int_mv_ratio', 'int_perc')",0.658817666
"('power_rating', 'gdp_usd', 'mv_usd', 'elo_rating', 'life_exp', 'qol', 'mv_play_int', 'num_play_int', 'dom_int_mv_ratio', 'dom_perc', 'int_perc')",0.658817666
"('power_rating', 'gdp_usd', 'elo_rating', 'qol', 'mv_play_dom', 'num_play_dom', 'mv_play_int', 'num_play_int', 'dom_perc')",0.658706233
"('power_rating', 'gdp_usd', 'elo_rating', 'qol', 'mv_play_dom', 'num_play_dom', 'mv_play_int', 'num_play_int', 'int_perc')",0.658706233
"('power_rating', 'gdp_usd', 'elo_rating', 'qol', 'mv_play_dom', 'num_play_dom', 'mv_play_int', 'num_play_int', 'dom_perc', 'int_perc')",0.658706233
"('power_rating', 'mv_usd', 'bmi', 'life_exp', 'qol', 'mv_play_int', 'num_play_int', 'dom_int_mv_ratio', 'dom_perc')",0.65870079
"('power_rating', 'mv_usd', 'bmi', 'life_exp', 'qol', 'mv_play_int', 'num_play_int', 'dom_int_mv_ratio', 'int_perc')",0.65870079
"('power_rating', 'mv_usd', 'bmi', 'life_exp', 'qol', 'mv_play_int', 'num_play_int', 'dom_int_mv_ratio', 'dom_perc', 'int_perc')",0.65870079
"('power_rating', 'mv_usd', 'qol', 'mv_play_dom', 'num_play_dom', 'mv_play_int', 'num_play_int', 'dom_perc')",0.658596947
"('power_rating', 'mv_usd', 'qol', 'mv_play_dom', 'num_play_dom', 'mv_play_int', 'num_play_int', 'int_perc')",0.658596947
"('power_rating', 'mv_usd', 'qol', 'mv_play_dom', 'num_play_dom', 'mv_play_int', 'num_play_int', 'dom_perc', 'int_perc')",0.658596947
"('power_rating', 'mv_usd', 'qol', 'num_play_dom', 'mv_play_int', 'num_play_int', 'dom_perc')",0.658396927
"('power_rating', 'mv_usd', 'qol', 'num_play_dom', 'mv_play_int', 'num_play_int', 'int_perc')",0.658396927
"('power_rating', 'mv_usd', 'qol', 'num_play_dom', 'mv_play_int', 'num_play_int', 'dom_perc', 'int_perc')",0.658396927
"('power_rating', 'mv_usd', 'bmi', 'life_exp', 'mv_play_dom', 'mv_play_int', 'num_play_int', 'dom_int_mv_ratio', 'dom_perc')",0.658395576
"('power_rating', 'mv_usd', 'bmi', 'life_exp', 'mv_play_dom', 'mv_play_int', 'num_play_int', 'dom_int_mv_ratio', 'int_perc')",0.658395576
"('power_rating', 'mv_usd', 'bmi', 'life_exp', 'mv_play_dom', 'mv_play_int', 'num_play_int', 'dom_int_mv_ratio', 'dom_perc', 'int_perc')",0.658395576
"('power_rating', 'bmi', 'life_exp', 'mv_play_dom', 'mv_play_int', 'num_play_int', 'dom_int_mv_ratio', 'dom_perc')",0.658395491
"('power_rating', 'bmi', 'life_exp', 'mv_play_dom', 'mv_play_int', 'num_play_int', 'dom_int_mv_ratio', 'int_perc')",0.658395491
"('power_rating', 'bmi', 'life_exp', 'mv_play_dom', 'mv_play_int', 'num_play_int', 'dom_int_mv_ratio', 'dom_perc', 'int_perc')",0.658395491
"('power_rating', 'gdp_usd', 'elo_rating', 'life_exp', 'qol', 'mv_play_dom', 'mv_play_int', 'num_play_int', 'dom_int_mv_ratio', 'dom_perc')",0.658394939
"('power_rating', 'gdp_usd', 'elo_rating', 'life_exp', 'qol', 'mv_play_dom', 'mv_play_int', 'num_play_int', 'dom_int_mv_ratio', 'int_perc')",0.658394939
"('power_rating', 'gdp_usd', 'elo_rating', 'life_exp', 'qol', 'mv_play_dom', 'mv_play_int', 'num_play_int', 'dom_int_mv_ratio', 'dom_perc', 'int_perc')",0.658394939
"('power_rating', 'gdp_usd', 'mv_usd', 'elo_rating', 'life_exp', 'mv_play_int', 'num_play_int', 'dom_int_mv_ratio', 'dom_perc')",0.658368604
"('power_rating', 'gdp_usd', 'mv_usd', 'elo_rating', 'life_exp', 'mv_play_int', 'num_play_int', 'dom_int_mv_ratio', 'int_perc')",0.658368604
"('power_rating', 'gdp_usd', 'mv_usd', 'elo_rating', 'life_exp', 'mv_play_int', 'num_play_int', 'dom_int_mv_ratio', 'dom_perc', 'int_perc')",0.658368604
"('power_rating', 'elo_rating', 'life_exp', 'mv_play_dom', 'num_play_dom', 'num_play_int', 'dom_int_mv_ratio', 'dom_perc')",0.65826346
"('power_rating', 'elo_rating', 'life_exp', 'mv_play_dom', 'num_play_dom', 'num_play_int', 'dom_int_mv_ratio', 'int_perc')",0.65826346
"('power_rating', 'elo_rating', 'life_exp', 'mv_play_dom', 'num_play_dom', 'num_play_int', 'dom_int_mv_ratio', 'dom_perc', 'int_perc')",0.65826346
"('power_rating', 'gdp_usd', 'elo_rating', 'life_exp', 'qol', 'mv_play_int', 'num_play_int', 'dom_int_mv_ratio', 'dom_perc')",0.658236762
"('power_rating', 'gdp_usd', 'elo_rating', 'life_exp', 'qol', 'mv_play_int', 'num_play_int', 'dom_int_mv_ratio', 'int_perc')",0.658236762
"('power_rating', 'gdp_usd', 'elo_rating', 'life_exp', 'qol', 'mv_play_int', 'num_play_int', 'dom_int_mv_ratio', 'dom_perc', 'int_perc')",0.658236762
"('power_rating', 'mv_usd', 'bmi', 'life_exp', 'mv_play_int', 'num_play_int', 'dom_int_mv_ratio', 'dom_perc')",0.658098509
"('power_rating', 'mv_usd', 'bmi', 'life_exp', 'mv_play_int', 'num_play_int', 'dom_int_mv_ratio', 'int_perc')",0.658098509
"('power_rating', 'mv_usd', 'bmi', 'life_exp', 'mv_play_int', 'num_play_int', 'dom_int_mv_ratio', 'dom_perc', 'int_perc')",0.658098509
"('power_rating', 'gdp_usd', 'mv_usd', 'elo_rating', 'bmi', 'life_exp', 'qol', 'num_play_dom', 'num_play_int', 'dom_perc')",0.658078222
"('power_rating', 'gdp_usd', 'mv_usd', 'elo_rating', 'bmi', 'life_exp', 'qol', 'num_play_dom', 'num_play_int', 'int_perc')",0.658078222
"('power_rating', 'gdp_usd', 'mv_usd', 'elo_rating', 'bmi', 'life_exp', 'qol', 'num_play_dom', 'num_play_int', 'dom_perc', 'int_perc')",0.658078222
"('power_rating', 'elo_rating', 'life_exp', 'num_play_dom', 'num_play_int', 'dom_int_mv_ratio', 'dom_perc')",0.658039255
"('power_rating', 'elo_rating', 'life_exp', 'num_play_dom', 'num_play_int', 'dom_int_mv_ratio', 'int_perc')",0.658039255
"('power_rating', 'elo_rating', 'life_exp', 'num_play_dom', 'num_play_int', 'dom_int_mv_ratio', 'dom_perc', 'int_perc')",0.658039255
"('power_rating', 'mv_usd', 'elo_rating', 'bmi', 'life_exp', 'qol', 'num_play_dom', 'num_play_int', 'dom_perc')",0.657967496
"('power_rating', 'mv_usd', 'elo_rating', 'bmi', 'life_exp', 'qol', 'num_play_dom', 'num_play_int', 'int_perc')",0.657967496
"('power_rating', 'mv_usd', 'elo_rating', 'bmi', 'life_exp', 'qol', 'num_play_dom', 'num_play_int', 'dom_perc', 'int_perc')",0.657967496
"('power_rating', 'mv_usd', 'elo_rating', 'life_exp', 'qol', 'mv_play_dom', 'num_play_dom', 'num_play_int', 'dom_perc')",0.657836425
"('power_rating', 'mv_usd', 'elo_rating', 'life_exp', 'qol', 'mv_play_dom', 'num_play_dom', 'num_play_int', 'int_perc')",0.657836425
"('power_rating', 'mv_usd', 'elo_rating', 'life_exp', 'qol', 'mv_play_dom', 'num_play_dom', 'num_play_int', 'dom_perc', 'int_perc')",0.657836425
"('power_rating', 'gdp_usd', 'elo_rating', 'life_exp', 'mv_play_dom', 'mv_play_int', 'num_play_int', 'dom_int_mv_ratio', 'dom_perc')",0.657742751
"('power_rating', 'gdp_usd', 'elo_rating', 'life_exp', 'mv_play_dom', 'mv_play_int', 'num_play_int', 'dom_int_mv_ratio', 'int_perc')",0.657742751
"('power_rating', 'gdp_usd', 'elo_rating', 'life_exp', 'mv_play_dom', 'mv_play_int', 'num_play_int', 'dom_int_mv_ratio', 'dom_perc', 'int_perc')",0.657742751
"('mv_usd', 'elo_rating', 'life_exp', 'num_play_dom', 'dom_perc')",0.657703745
"('mv_usd', 'elo_rating', 'life_exp', 'num_play_dom', 'int_perc')",0.657703745
"('mv_usd', 'elo_rating', 'life_exp', 'num_play_dom', 'dom_perc', 'int_perc')",0.657703745
"('power_rating', 'gdp_usd', 'elo_rating', 'life_exp', 'mv_play_int', 'num_play_int', 'dom_int_mv_ratio', 'dom_perc')",0.657588414
"('power_rating', 'gdp_usd', 'elo_rating', 'life_exp', 'mv_play_int', 'num_play_int', 'dom_int_mv_ratio', 'int_perc')",0.657588414
"('power_rating', 'gdp_usd', 'elo_rating', 'life_exp', 'mv_play_int', 'num_play_int', 'dom_int_mv_ratio', 'dom_perc', 'int_perc')",0.657588414
"('power_rating', 'bmi', 'life_exp', 'qol', 'mv_play_int', 'num_play_int', 'dom_int_mv_ratio', 'dom_perc')",0.657519834
"('power_rating', 'bmi', 'life_exp', 'qol', 'mv_play_int', 'num_play_int', 'dom_int_mv_ratio', 'int_perc')",0.657519834
"('power_rating', 'bmi', 'life_exp', 'qol', 'mv_play_int', 'num_play_int', 'dom_int_mv_ratio', 'dom_perc', 'int_perc')",0.657519834
"('power_rating', 'mv_usd', 'elo_rating', 'bmi', 'life_exp', 'qol', 'mv_play_dom', 'mv_play_int', 'num_play_int', 'dom_perc')",0.657466402
"('power_rating', 'mv_usd', 'elo_rating', 'bmi', 'life_exp', 'qol', 'mv_play_dom', 'mv_play_int', 'num_play_int', 'int_perc')",0.657466402
"('power_rating', 'mv_usd', 'elo_rating', 'bmi', 'life_exp', 'qol', 'mv_play_dom', 'mv_play_int', 'num_play_int', 'dom_perc', 'int_perc')",0.657466402
"('power_rating', 'mv_usd', 'elo_rating', 'bmi', 'life_exp', 'qol', 'mv_play_int', 'num_play_int', 'dom_perc')",0.657428331
"('power_rating', 'mv_usd', 'elo_rating', 'bmi', 'life_exp', 'qol', 'mv_play_int', 'num_play_int', 'int_perc')",0.657428331
"('power_rating', 'mv_usd', 'elo_rating', 'bmi', 'life_exp', 'qol', 'mv_play_int', 'num_play_int', 'dom_perc', 'int_perc')",0.657428331
"('power_rating', 'gdp_usd', 'qol', 'num_play_dom', 'mv_play_int', 'num_play_int', 'dom_int_mv_ratio', 'dom_perc')",0.657363057
"('power_rating', 'gdp_usd', 'qol', 'num_play_dom', 'mv_play_int', 'num_play_int', 'dom_int_mv_ratio', 'int_perc')",0.657363057
"('power_rating', 'gdp_usd', 'qol', 'num_play_dom', 'mv_play_int', 'num_play_int', 'dom_int_mv_ratio', 'dom_perc', 'int_perc')",0.657363057
"('mv_usd', 'elo_rating', 'bmi', 'life_exp', 'qol', 'dom_perc')",0.657361802
"('mv_usd', 'elo_rating', 'bmi', 'life_exp', 'qol', 'int_perc')",0.657361802
"('mv_usd', 'elo_rating', 'bmi', 'life_exp', 'qol', 'dom_perc', 'int_perc')",0.657361802
"('power_rating', 'gdp_usd', 'mv_usd', 'life_exp', 'qol', 'mv_play_dom', 'mv_play_int', 'num_play_int', 'dom_int_mv_ratio', 'dom_perc')",0.657320509
"('power_rating', 'gdp_usd', 'mv_usd', 'life_exp', 'qol', 'mv_play_dom', 'mv_play_int', 'num_play_int', 'dom_int_mv_ratio', 'int_perc')",0.657320509
"('power_rating', 'gdp_usd', 'mv_usd', 'life_exp', 'qol', 'mv_play_dom', 'mv_play_int', 'num_play_int', 'dom_int_mv_ratio', 'dom_perc', 'int_perc')",0.657320509
"('power_rating', 'gdp_usd', 'mv_usd', 'life_exp', 'mv_play_dom', 'mv_play_int', 'num_play_int', 'dom_int_mv_ratio', 'dom_perc')",0.657225978
"('power_rating', 'gdp_usd', 'mv_usd', 'life_exp', 'mv_play_dom', 'mv_play_int', 'num_play_int', 'dom_int_mv_ratio', 'int_perc')",0.657225978
"('power_rating', 'gdp_usd', 'mv_usd', 'life_exp', 'mv_play_dom', 'mv_play_int', 'num_play_int', 'dom_int_mv_ratio', 'dom_perc', 'int_perc')",0.657225978
"('power_rating', 'gdp_usd', 'mv_usd', 'elo_rating', 'bmi', 'qol', 'mv_play_dom', 'num_play_dom', 'num_play_int', 'dom_int_mv_ratio', 'dom_perc')",0.657070767
"('power_rating', 'gdp_usd', 'mv_usd', 'elo_rating', 'bmi', 'qol', 'mv_play_dom', 'num_play_dom', 'num_play_int', 'dom_int_mv_ratio', 'int_perc')",0.657070767
"('power_rating', 'gdp_usd', 'mv_usd', 'elo_rating', 'bmi', 'qol', 'mv_play_dom', 'num_play_dom', 'num_play_int', 'dom_int_mv_ratio', 'dom_perc', 'int_perc')",0.657070767
"('power_rating', 'gdp_usd', 'bmi', 'life_exp', 'qol', 'mv_play_int', 'num_play_int', 'dom_perc')",0.656994069
"('power_rating', 'gdp_usd', 'bmi', 'life_exp', 'qol', 'mv_play_int', 'num_play_int', 'int_perc')",0.656994069
"('power_rating', 'gdp_usd', 'bmi', 'life_exp', 'qol', 'mv_play_int', 'num_play_int', 'dom_perc', 'int_perc')",0.656994069
"('power_rating', 'mv_usd', 'elo_rating', 'bmi', 'life_exp', 'mv_play_dom', 'mv_play_int', 'num_play_int', 'dom_perc')",0.656983979
"('power_rating', 'mv_usd', 'elo_rating', 'bmi', 'life_exp', 'mv_play_dom', 'mv_play_int', 'num_play_int', 'int_perc')",0.656983979
"('power_rating', 'mv_usd', 'elo_rating', 'bmi', 'life_exp', 'mv_play_dom', 'mv_play_int', 'num_play_int', 'dom_perc', 'int_perc')",0.656983979
"('power_rating', 'mv_usd', 'elo_rating', 'bmi', 'life_exp', 'mv_play_int', 'num_play_int', 'dom_perc')",0.65697763
"('power_rating', 'mv_usd', 'elo_rating', 'bmi', 'life_exp', 'mv_play_int', 'num_play_int', 'int_perc')",0.65697763
"('power_rating', 'mv_usd', 'elo_rating', 'bmi', 'life_exp', 'mv_play_int', 'num_play_int', 'dom_perc', 'int_perc')",0.65697763
"('power_rating', 'bmi', 'life_exp', 'mv_play_int', 'num_play_int', 'dom_int_mv_ratio', 'dom_perc')",0.656911609
"('power_rating', 'bmi', 'life_exp', 'mv_play_int', 'num_play_int', 'dom_int_mv_ratio', 'int_perc')",0.656911609
"('power_rating', 'bmi', 'life_exp', 'mv_play_int', 'num_play_int', 'dom_int_mv_ratio', 'dom_perc', 'int_perc')",0.656911609
"('power_rating', 'elo_rating', 'qol', 'mv_play_dom', 'num_play_dom', 'mv_play_int', 'num_play_int', 'dom_perc')",0.656892035
"('power_rating', 'elo_rating', 'qol', 'mv_play_dom', 'num_play_dom', 'mv_play_int', 'num_play_int', 'int_perc')",0.656892035
"('power_rating', 'elo_rating', 'qol', 'mv_play_dom', 'num_play_dom', 'mv_play_int', 'num_play_int', 'dom_perc', 'int_perc')",0.656892035
"('power_rating', 'gdp_usd', 'bmi', 'life_exp', 'mv_play_int', 'num_play_int', 'int_perc')",0.656798627
"('power_rating', 'gdp_usd', 'bmi', 'life_exp', 'mv_play_int', 'num_play_int', 'dom_perc', 'int_perc')",0.656798627
"('power_rating', 'gdp_usd', 'bmi', 'life_exp', 'mv_play_int', 'num_play_int', 'dom_perc')",0.656798627
"('power_rating', 'mv_usd', 'bmi', 'life_exp', 'qol', 'mv_play_dom', 'mv_play_int', 'num_play_int', 'dom_perc')",0.656788439
"('power_rating', 'mv_usd', 'bmi', 'life_exp', 'qol', 'mv_play_dom', 'mv_play_int', 'num_play_int', 'int_perc')",0.656788439
"('power_rating', 'mv_usd', 'bmi', 'life_exp', 'qol', 'mv_play_dom', 'mv_play_int', 'num_play_int', 'dom_perc', 'int_perc')",0.656788439
"('power_rating', 'qol', 'num_play_dom', 'mv_play_int', 'num_play_int', 'dom_int_mv_ratio', 'dom_perc')",0.656772871
"('power_rating', 'qol', 'num_play_dom', 'mv_play_int', 'num_play_int', 'dom_int_mv_ratio', 'int_perc')",0.656772871
"('power_rating', 'qol', 'num_play_dom', 'mv_play_int', 'num_play_int', 'dom_int_mv_ratio', 'dom_perc', 'int_perc')",0.656772871
"('power_rating', 'mv_usd', 'bmi', 'life_exp', 'qol', 'mv_play_int', 'num_play_int', 'dom_perc')",0.656760391
"('power_rating', 'mv_usd', 'bmi', 'life_exp', 'qol', 'mv_play_int', 'num_play_int', 'int_perc')",0.656760391
"('power_rating', 'mv_usd', 'bmi', 'life_exp', 'qol', 'mv_play_int', 'num_play_int', 'dom_perc', 'int_perc')",0.656760391
"('mv_usd', 'elo_rating', 'life_exp', 'qol', 'num_play_dom', 'num_play_int')",0.656732488
"('mv_usd', 'elo_rating', 'life_exp', 'qol', 'num_play_dom')",0.656732382
"('elo_rating', 'life_exp', 'qol', 'mv_play_dom', 'num_play_int', 'dom_int_mv_ratio')",0.656711927
"('power_rating', 'elo_rating', 'bmi', 'life_exp', 'qol', 'mv_play_dom', 'mv_play_int', 'num_play_int', 'dom_perc')",0.656706727
"('power_rating', 'elo_rating', 'bmi', 'life_exp', 'qol', 'mv_play_dom', 'mv_play_int', 'num_play_int', 'int_perc')",0.656706727
"('power_rating', 'elo_rating', 'bmi', 'life_exp', 'qol', 'mv_play_dom', 'mv_play_int', 'num_play_int', 'dom_perc', 'int_perc')",0.656706727
"('mv_play_dom', 'num_play_dom', 'mv_play_int', 'num_play_int', 'dom_int_mv_ratio')",0.656439738
"('power_rating', 'mv_usd', 'bmi', 'life_exp', 'mv_play_dom', 'mv_play_int', 'num_play_int', 'dom_perc')",0.656398122
"('power_rating', 'mv_usd', 'bmi', 'life_exp', 'mv_play_dom', 'mv_play_int', 'num_play_int', 'int_perc')",0.656398122
"('power_rating', 'mv_usd', 'bmi', 'life_exp', 'mv_play_dom', 'mv_play_int', 'num_play_int', 'dom_perc', 'int_perc')",0.656398122
"('power_rating', 'elo_rating', 'bmi', 'life_exp', 'mv_play_dom', 'mv_play_int', 'num_play_int', 'dom_perc')",0.656396534
"('power_rating', 'elo_rating', 'bmi', 'life_exp', 'mv_play_dom', 'mv_play_int', 'num_play_int', 'int_perc')",0.656396534
"('power_rating', 'elo_rating', 'bmi', 'life_exp', 'mv_play_dom', 'mv_play_int', 'num_play_int', 'dom_perc', 'int_perc')",0.656396534
"('power_rating', 'mv_usd', 'bmi', 'life_exp', 'mv_play_int', 'num_play_int', 'dom_perc')",0.656330143
"('power_rating', 'mv_usd', 'bmi', 'life_exp', 'mv_play_int', 'num_play_int', 'int_perc')",0.656330143
"('power_rating', 'mv_usd', 'bmi', 'life_exp', 'mv_play_int', 'num_play_int', 'dom_perc', 'int_perc')",0.656330143
"('power_rating', 'bmi', 'life_exp', 'qol', 'mv_play_dom', 'mv_play_int', 'num_play_int', 'dom_perc')",0.65625886
"('power_rating', 'bmi', 'life_exp', 'qol', 'mv_play_dom', 'mv_play_int', 'num_play_int', 'int_perc')",0.65625886
"('power_rating', 'bmi', 'life_exp', 'qol', 'mv_play_dom', 'mv_play_int', 'num_play_int', 'dom_perc', 'int_perc')",0.65625886
"('power_rating', 'gdp_usd', 'life_exp', 'qol', 'mv_play_dom', 'mv_play_int', 'num_play_int', 'dom_int_mv_ratio', 'dom_perc')",0.656068922
"('power_rating', 'gdp_usd', 'life_exp', 'qol', 'mv_play_dom', 'mv_play_int', 'num_play_int', 'dom_int_mv_ratio', 'int_perc')",0.656068922
"('power_rating', 'gdp_usd', 'life_exp', 'qol', 'mv_play_dom', 'mv_play_int', 'num_play_int', 'dom_int_mv_ratio', 'dom_perc', 'int_perc')",0.656068922
"('mv_usd', 'elo_rating', 'life_exp', 'qol', 'dom_perc')",0.656053014
"('mv_usd', 'elo_rating', 'life_exp', 'qol', 'int_perc')",0.656053014
"('mv_usd', 'elo_rating', 'life_exp', 'qol', 'dom_perc', 'int_perc')",0.656053014
"('power_rating', 'bmi', 'life_exp', 'mv_play_dom', 'mv_play_int', 'num_play_int', 'dom_perc')",0.655989291
"('power_rating', 'bmi', 'life_exp', 'mv_play_dom', 'mv_play_int', 'num_play_int', 'int_perc')",0.655989291
"('power_rating', 'bmi', 'life_exp', 'mv_play_dom', 'mv_play_int', 'num_play_int', 'dom_perc', 'int_perc')",0.655989291
"('power_rating', 'gdp_usd', 'mv_usd', 'life_exp', 'qol', 'mv_play_int', 'num_play_int', 'dom_int_mv_ratio', 'dom_perc')",0.655699484
"('power_rating', 'gdp_usd', 'mv_usd', 'life_exp', 'qol', 'mv_play_int', 'num_play_int', 'dom_int_mv_ratio', 'int_perc')",0.655699484
"('power_rating', 'gdp_usd', 'mv_usd', 'life_exp', 'qol', 'mv_play_int', 'num_play_int', 'dom_int_mv_ratio', 'dom_perc', 'int_perc')",0.655699484
"('power_rating', 'gdp_usd', 'life_exp', 'qol', 'mv_play_int', 'num_play_int', 'dom_int_mv_ratio', 'dom_perc')",0.655681824
"('power_rating', 'gdp_usd', 'life_exp', 'qol', 'mv_play_int', 'num_play_int', 'dom_int_mv_ratio', 'int_perc')",0.655681824
"('power_rating', 'gdp_usd', 'life_exp', 'qol', 'mv_play_int', 'num_play_int', 'dom_int_mv_ratio', 'dom_perc', 'int_perc')",0.655681824
"('power_rating', 'gdp_usd', 'life_exp', 'mv_play_dom', 'mv_play_int', 'num_play_int', 'dom_int_mv_ratio', 'dom_perc')",0.655516158
"('power_rating', 'gdp_usd', 'life_exp', 'mv_play_dom', 'mv_play_int', 'num_play_int', 'dom_int_mv_ratio', 'int_perc')",0.655516158
"('power_rating', 'gdp_usd', 'life_exp', 'mv_play_dom', 'mv_play_int', 'num_play_int', 'dom_int_mv_ratio', 'dom_perc', 'int_perc')",0.655516158
"('power_rating', 'gdp_usd', 'mv_usd', 'life_exp', 'mv_play_int', 'num_play_int', 'dom_int_mv_ratio', 'dom_perc')",0.655150494
"('power_rating', 'gdp_usd', 'mv_usd', 'life_exp', 'mv_play_int', 'num_play_int', 'dom_int_mv_ratio', 'int_perc')",0.655150494
"('power_rating', 'gdp_usd', 'mv_usd', 'life_exp', 'mv_play_int', 'num_play_int', 'dom_int_mv_ratio', 'dom_perc', 'int_perc')",0.655150494
"('power_rating', 'gdp_usd', 'life_exp', 'mv_play_int', 'num_play_int', 'dom_int_mv_ratio', 'dom_perc')",0.655150382
"('power_rating', 'gdp_usd', 'life_exp', 'mv_play_int', 'num_play_int', 'dom_int_mv_ratio', 'int_perc')",0.655150382
"('power_rating', 'gdp_usd', 'life_exp', 'mv_play_int', 'num_play_int', 'dom_int_mv_ratio', 'dom_perc', 'int_perc')",0.655150382
"('power_rating', 'gdp_usd', 'mv_usd', 'elo_rating', 'life_exp', 'qol', 'num_play_dom', 'num_play_int', 'dom_perc')",0.655083659
"('power_rating', 'gdp_usd', 'mv_usd', 'elo_rating', 'life_exp', 'qol', 'num_play_dom', 'num_play_int', 'int_perc')",0.655083659
"('power_rating', 'gdp_usd', 'mv_usd', 'elo_rating', 'life_exp', 'qol', 'num_play_dom', 'num_play_int', 'dom_perc', 'int_perc')",0.655083659
"('power_rating', 'elo_rating', 'bmi', 'life_exp', 'qol', 'mv_play_int', 'num_play_int', 'dom_perc')",0.654987055
"('power_rating', 'elo_rating', 'bmi', 'life_exp', 'qol', 'mv_play_int', 'num_play_int', 'int_perc')",0.654987055
"('power_rating', 'elo_rating', 'bmi', 'life_exp', 'qol', 'mv_play_int', 'num_play_int', 'dom_perc', 'int_perc')",0.654987055
"('power_rating', 'mv_usd', 'elo_rating', 'life_exp', 'qol', 'num_play_dom', 'num_play_int', 'dom_perc')",0.654933272
"('power_rating', 'mv_usd', 'elo_rating', 'life_exp', 'qol', 'num_play_dom', 'num_play_int', 'int_perc')",0.654933272
"('power_rating', 'mv_usd', 'elo_rating', 'life_exp', 'qol', 'num_play_dom', 'num_play_int', 'dom_perc', 'int_perc')",0.654933272
"('power_rating', 'gdp_usd', 'qol', 'mv_play_dom', 'num_play_dom', 'mv_play_int', 'num_play_int', 'dom_perc')",0.654826308
"('power_rating', 'gdp_usd', 'qol', 'mv_play_dom', 'num_play_dom', 'mv_play_int', 'num_play_int', 'int_perc')",0.654826308
"('power_rating', 'gdp_usd', 'qol', 'mv_play_dom', 'num_play_dom', 'mv_play_int', 'num_play_int', 'dom_perc', 'int_perc')",0.654826308
"('elo_rating', 'bmi', 'life_exp', 'qol', 'mv_play_dom', 'num_play_int')",0.654755032
"('mv_usd', 'elo_rating', 'life_exp', 'num_play_dom', 'num_play_int')",0.65472964
"('mv_usd', 'elo_rating', 'life_exp', 'num_play_dom')",0.654651412
"('power_rating', 'elo_rating', 'bmi', 'life_exp', 'mv_play_int', 'num_play_int', 'dom_perc')",0.654611708
"('power_rating', 'elo_rating', 'bmi', 'life_exp', 'mv_play_int', 'num_play_int', 'int_perc')",0.654611708
"('power_rating', 'elo_rating', 'bmi', 'life_exp', 'mv_play_int', 'num_play_int', 'dom_perc', 'int_perc')",0.654611708
"('mv_play_dom', 'dom_int_mv_ratio', 'dom_perc')",0.654509077
"('mv_play_dom', 'dom_int_mv_ratio', 'int_perc')",0.654509077
"('mv_play_dom', 'dom_int_mv_ratio', 'dom_perc', 'int_perc')",0.654509077
"('power_rating', 'mv_usd', 'elo_rating', 'life_exp', 'qol', 'mv_play_dom', 'mv_play_int', 'num_play_int', 'dom_int_mv_ratio', 'dom_perc')",0.654449044
"('power_rating', 'mv_usd', 'elo_rating', 'life_exp', 'qol', 'mv_play_dom', 'mv_play_int', 'num_play_int', 'dom_int_mv_ratio', 'int_perc')",0.654449044
"('power_rating', 'mv_usd', 'elo_rating', 'life_exp', 'qol', 'mv_play_dom', 'mv_play_int', 'num_play_int', 'dom_int_mv_ratio', 'dom_perc', 'int_perc')",0.654449044
"('power_rating', 'elo_rating', 'life_exp', 'qol', 'mv_play_dom', 'mv_play_int', 'num_play_int', 'dom_int_mv_ratio', 'dom_perc')",0.654427382
"('power_rating', 'elo_rating', 'life_exp', 'qol', 'mv_play_dom', 'mv_play_int', 'num_play_int', 'dom_int_mv_ratio', 'int_perc')",0.654427382
"('power_rating', 'elo_rating', 'life_exp', 'qol', 'mv_play_dom', 'mv_play_int', 'num_play_int', 'dom_int_mv_ratio', 'dom_perc', 'int_perc')",0.654427382
"('power_rating', 'gdp_usd', 'mv_usd', 'elo_rating', 'qol', 'mv_play_dom', 'num_play_dom', 'num_play_int', 'dom_int_mv_ratio', 'dom_perc')",0.654378458
"('power_rating', 'gdp_usd', 'mv_usd', 'elo_rating', 'qol', 'mv_play_dom', 'num_play_dom', 'num_play_int', 'dom_int_mv_ratio', 'int_perc')",0.654378458
"('power_rating', 'gdp_usd', 'mv_usd', 'elo_rating', 'qol', 'mv_play_dom', 'num_play_dom', 'num_play_int', 'dom_int_mv_ratio', 'dom_perc', 'int_perc')",0.654378458
"('power_rating', 'mv_usd', 'elo_rating', 'life_exp', 'qol', 'mv_play_int', 'num_play_int', 'dom_int_mv_ratio', 'dom_perc')",0.654340738
"('power_rating', 'mv_usd', 'elo_rating', 'life_exp', 'qol', 'mv_play_int', 'num_play_int', 'dom_int_mv_ratio', 'int_perc')",0.654340738
"('power_rating', 'mv_usd', 'elo_rating', 'life_exp', 'qol', 'mv_play_int', 'num_play_int', 'dom_int_mv_ratio', 'dom_perc', 'int_perc')",0.654340738
"('power_rating', 'elo_rating', 'life_exp', 'qol', 'mv_play_int', 'num_play_int', 'dom_int_mv_ratio', 'dom_perc')",0.654262161
"('power_rating', 'elo_rating', 'life_exp', 'qol', 'mv_play_int', 'num_play_int', 'dom_int_mv_ratio', 'int_perc')",0.654262161
"('power_rating', 'elo_rating', 'life_exp', 'qol', 'mv_play_int', 'num_play_int', 'dom_int_mv_ratio', 'dom_perc', 'int_perc')",0.654262161
"('elo_rating', 'bmi', 'qol', 'mv_play_dom', 'num_play_int')",0.654209273
"('mv_play_dom', 'num_play_dom', 'mv_play_int', 'dom_perc')",0.654131863
"('mv_play_dom', 'num_play_dom', 'mv_play_int', 'int_perc')",0.654131863
"('mv_play_dom', 'num_play_dom', 'mv_play_int', 'dom_perc', 'int_perc')",0.654131863
"('power_rating', 'gdp_usd', 'mv_usd', 'elo_rating', 'bmi', 'life_exp', 'mv_play_dom', 'num_play_dom', 'num_play_int', 'dom_perc')",0.654034644
"('power_rating', 'gdp_usd', 'mv_usd', 'elo_rating', 'bmi', 'life_exp', 'mv_play_dom', 'num_play_dom', 'num_play_int', 'int_perc')",0.654034644
"('power_rating', 'gdp_usd', 'mv_usd', 'elo_rating', 'bmi', 'life_exp', 'mv_play_dom', 'num_play_dom', 'num_play_int', 'dom_perc', 'int_perc')",0.654034644
"('elo_rating', 'qol', 'mv_play_dom', 'num_play_int', 'dom_int_mv_ratio')",0.654007359
"('mv_usd', 'elo_rating', 'bmi', 'life_exp', 'dom_perc')",0.653917134
"('mv_usd', 'elo_rating', 'bmi', 'life_exp', 'int_perc')",0.653917134
"('mv_usd', 'elo_rating', 'bmi', 'life_exp', 'dom_perc', 'int_perc')",0.653917134
"('power_rating', 'mv_usd', 'elo_rating', 'bmi', 'life_exp', 'mv_play_dom', 'num_play_dom', 'num_play_int', 'dom_perc')",0.65379984
"('power_rating', 'mv_usd', 'elo_rating', 'bmi', 'life_exp', 'mv_play_dom', 'num_play_dom', 'num_play_int', 'int_perc')",0.65379984
"('power_rating', 'mv_usd', 'elo_rating', 'bmi', 'life_exp', 'mv_play_dom', 'num_play_dom', 'num_play_int', 'dom_perc', 'int_perc')",0.65379984
"('power_rating', 'mv_usd', 'elo_rating', 'bmi', 'qol', 'mv_play_dom', 'num_play_dom', 'num_play_int', 'dom_int_mv_ratio', 'dom_perc')",0.653759217
"('power_rating', 'mv_usd', 'elo_rating', 'bmi', 'qol', 'mv_play_dom', 'num_play_dom', 'num_play_int', 'dom_int_mv_ratio', 'int_perc')",0.653759217
"('power_rating', 'mv_usd', 'elo_rating', 'bmi', 'qol', 'mv_play_dom', 'num_play_dom', 'num_play_int', 'dom_int_mv_ratio', 'dom_perc', 'int_perc')",0.653759217
"('power_rating', 'gdp_usd', 'elo_rating', 'qol', 'num_play_dom', 'mv_play_int', 'num_play_int', 'dom_perc')",0.653298958
"('power_rating', 'gdp_usd', 'elo_rating', 'qol', 'num_play_dom', 'mv_play_int', 'num_play_int', 'int_perc')",0.653298958
"('power_rating', 'gdp_usd', 'elo_rating', 'qol', 'num_play_dom', 'mv_play_int', 'num_play_int', 'dom_perc', 'int_perc')",0.653298958
"('power_rating', 'qol', 'mv_play_dom', 'num_play_dom', 'mv_play_int', 'num_play_int', 'dom_perc')",0.653275132
"('power_rating', 'qol', 'mv_play_dom', 'num_play_dom', 'mv_play_int', 'num_play_int', 'int_perc')",0.653275132
"('power_rating', 'qol', 'mv_play_dom', 'num_play_dom', 'mv_play_int', 'num_play_int', 'dom_perc', 'int_perc')",0.653275132
"('power_rating', 'gdp_usd', 'mv_usd', 'elo_rating', 'life_exp', 'qol', 'mv_play_dom', 'mv_play_int', 'num_play_int', 'dom_perc')",0.653115347
"('power_rating', 'gdp_usd', 'mv_usd', 'elo_rating', 'life_exp', 'qol', 'mv_play_dom', 'mv_play_int', 'num_play_int', 'int_perc')",0.653115347
"('power_rating', 'gdp_usd', 'mv_usd', 'elo_rating', 'life_exp', 'qol', 'mv_play_dom', 'mv_play_int', 'num_play_int', 'dom_perc', 'int_perc')",0.653115347
"('power_rating', 'gdp_usd', 'elo_rating', 'life_exp', 'qol', 'mv_play_dom', 'mv_play_int', 'num_play_int', 'dom_perc')",0.653099269
"('power_rating', 'gdp_usd', 'elo_rating', 'life_exp', 'qol', 'mv_play_dom', 'mv_play_int', 'num_play_int', 'int_perc')",0.653099269
"('power_rating', 'gdp_usd', 'elo_rating', 'life_exp', 'qol', 'mv_play_dom', 'mv_play_int', 'num_play_int', 'dom_perc', 'int_perc')",0.653099269
"('power_rating', 'gdp_usd', 'mv_usd', 'elo_rating', 'life_exp', 'qol', 'mv_play_int', 'num_play_int', 'dom_perc')",0.653079384
"('power_rating', 'gdp_usd', 'mv_usd', 'elo_rating', 'life_exp', 'qol', 'mv_play_int', 'num_play_int', 'int_perc')",0.653079384
"('power_rating', 'gdp_usd', 'mv_usd', 'elo_rating', 'life_exp', 'qol', 'mv_play_int', 'num_play_int', 'dom_perc', 'int_perc')",0.653079384
"('power_rating', 'gdp_usd', 'mv_usd', 'elo_rating', 'bmi', 'mv_play_dom', 'num_play_dom', 'mv_play_int', 'num_play_int', 'dom_int_mv_ratio', 'dom_perc')",0.653079273
"('power_rating', 'gdp_usd', 'mv_usd', 'elo_rating', 'bmi', 'mv_play_dom', 'num_play_dom', 'mv_play_int', 'num_play_int', 'dom_int_mv_ratio', 'int_perc')",0.653079273
"('power_rating', 'gdp_usd', 'mv_usd', 'elo_rating', 'bmi', 'mv_play_dom', 'num_play_dom', 'mv_play_int', 'num_play_int', 'dom_int_mv_ratio', 'dom_perc', 'int_perc')",0.653079273
"('power_rating', 'gdp_usd', 'mv_usd', 'elo_rating', 'bmi', 'num_play_dom', 'mv_play_int', 'num_play_int', 'dom_int_mv_ratio', 'dom_perc')",0.65307676
"('power_rating', 'gdp_usd', 'mv_usd', 'elo_rating', 'bmi', 'num_play_dom', 'mv_play_int', 'num_play_int', 'dom_int_mv_ratio', 'int_perc')",0.65307676
"('power_rating', 'gdp_usd', 'mv_usd', 'elo_rating', 'bmi', 'num_play_dom', 'mv_play_int', 'num_play_int', 'dom_int_mv_ratio', 'dom_perc', 'int_perc')",0.65307676
"('power_rating', 'gdp_usd', 'mv_usd', 'elo_rating', 'bmi', 'life_exp', 'num_play_dom', 'num_play_int', 'dom_perc')",0.652946352
"('power_rating', 'gdp_usd', 'mv_usd', 'elo_rating', 'bmi', 'life_exp', 'num_play_dom', 'num_play_int', 'int_perc')",0.652946352
"('power_rating', 'gdp_usd', 'mv_usd', 'elo_rating', 'bmi', 'life_exp', 'num_play_dom', 'num_play_int', 'dom_perc', 'int_perc')",0.652946352
"('power_rating', 'mv_usd', 'elo_rating', 'bmi', 'mv_play_dom', 'num_play_dom', 'mv_play_int', 'num_play_int', 'dom_int_mv_ratio', 'dom_perc')",0.652803492
"('power_rating', 'mv_usd', 'elo_rating', 'bmi', 'mv_play_dom', 'num_play_dom', 'mv_play_int', 'num_play_int', 'dom_int_mv_ratio', 'int_perc')",0.652803492
"('power_rating', 'mv_usd', 'elo_rating', 'bmi', 'mv_play_dom', 'num_play_dom', 'mv_play_int', 'num_play_int', 'dom_int_mv_ratio', 'dom_perc', 'int_perc')",0.652803492
"('power_rating', 'mv_usd', 'elo_rating', 'bmi', 'num_play_dom', 'mv_play_int', 'num_play_int', 'dom_int_mv_ratio', 'dom_perc')",0.652756348
"('power_rating', 'mv_usd', 'elo_rating', 'bmi', 'num_play_dom', 'mv_play_int', 'num_play_int', 'dom_int_mv_ratio', 'int_perc')",0.652756348
"('power_rating', 'mv_usd', 'elo_rating', 'bmi', 'num_play_dom', 'mv_play_int', 'num_play_int', 'dom_int_mv_ratio', 'dom_perc', 'int_perc')",0.652756348
"('power_rating', 'gdp_usd', 'mv_usd', 'elo_rating', 'life_exp', 'mv_play_dom', 'mv_play_int', 'num_play_int', 'dom_perc')",0.652710155
"('power_rating', 'gdp_usd', 'mv_usd', 'elo_rating', 'life_exp', 'mv_play_dom', 'mv_play_int', 'num_play_int', 'int_perc')",0.652710155
"('power_rating', 'gdp_usd', 'mv_usd', 'elo_rating', 'life_exp', 'mv_play_dom', 'mv_play_int', 'num_play_int', 'dom_perc', 'int_perc')",0.652710155
"('power_rating', 'gdp_usd', 'elo_rating', 'life_exp', 'mv_play_dom', 'mv_play_int', 'num_play_int', 'dom_perc')",0.652698882
"('power_rating', 'gdp_usd', 'elo_rating', 'life_exp', 'mv_play_dom', 'mv_play_int', 'num_play_int', 'int_perc')",0.652698882
"('power_rating', 'gdp_usd', 'elo_rating', 'life_exp', 'mv_play_dom', 'mv_play_int', 'num_play_int', 'dom_perc', 'int_perc')",0.652698882
"('power_rating', 'gdp_usd', 'mv_usd', 'elo_rating', 'bmi', 'qol', 'num_play_dom', 'num_play_int', 'dom_int_mv_ratio', 'dom_perc')",0.652662839
"('power_rating', 'gdp_usd', 'mv_usd', 'elo_rating', 'bmi', 'qol', 'num_play_dom', 'num_play_int', 'dom_int_mv_ratio', 'int_perc')",0.652662839
"('power_rating', 'gdp_usd', 'mv_usd', 'elo_rating', 'bmi', 'qol', 'num_play_dom', 'num_play_int', 'dom_int_mv_ratio', 'dom_perc', 'int_perc')",0.652662839
"('power_rating', 'gdp_usd', 'mv_usd', 'elo_rating', 'life_exp', 'mv_play_int', 'num_play_int', 'dom_perc')",0.652542952
"('power_rating', 'gdp_usd', 'mv_usd', 'elo_rating', 'life_exp', 'mv_play_int', 'num_play_int', 'int_perc')",0.652542952
"('power_rating', 'gdp_usd', 'mv_usd', 'elo_rating', 'life_exp', 'mv_play_int', 'num_play_int', 'dom_perc', 'int_perc')",0.652542952
"('power_rating', 'gdp_usd', 'elo_rating', 'life_exp', 'qol', 'mv_play_int', 'num_play_int', 'dom_perc')",0.652524413
"('power_rating', 'gdp_usd', 'elo_rating', 'life_exp', 'qol', 'mv_play_int', 'num_play_int', 'int_perc')",0.652524413
"('power_rating', 'gdp_usd', 'elo_rating', 'life_exp', 'qol', 'mv_play_int', 'num_play_int', 'dom_perc', 'int_perc')",0.652524413
"('power_rating', 'gdp_usd', 'elo_rating', 'bmi', 'mv_play_dom', 'num_play_dom', 'mv_play_int', 'num_play_int', 'dom_int_mv_ratio', 'dom_perc')",0.652392186
"('power_rating', 'gdp_usd', 'elo_rating', 'bmi', 'mv_play_dom', 'num_play_dom', 'mv_play_int', 'num_play_int', 'dom_int_mv_ratio', 'int_perc')",0.652392186
"('power_rating', 'gdp_usd', 'elo_rating', 'bmi', 'mv_play_dom', 'num_play_dom', 'mv_play_int', 'num_play_int', 'dom_int_mv_ratio', 'dom_perc', 'int_perc')",0.652392186
"('mv_usd', 'elo_rating', 'bmi', 'qol', 'num_play_dom', 'mv_play_int', 'num_play_int')",0.652390255
"('power_rating', 'mv_usd', 'elo_rating', 'bmi', 'life_exp', 'num_play_dom', 'num_play_int', 'dom_perc')",0.652288281
"('power_rating', 'mv_usd', 'elo_rating', 'bmi', 'life_exp', 'num_play_dom', 'num_play_int', 'int_perc')",0.652288281
"('power_rating', 'mv_usd', 'elo_rating', 'bmi', 'life_exp', 'num_play_dom', 'num_play_int', 'dom_perc', 'int_perc')",0.652288281
"('mv_usd', 'bmi', 'life_exp', 'qol', 'mv_play_int', 'num_play_int', 'dom_int_mv_ratio')",0.652221065
"('power_rating', 'gdp_usd', 'elo_rating', 'life_exp', 'mv_play_int', 'num_play_int', 'dom_perc')",0.65215518
"('power_rating', 'gdp_usd', 'elo_rating', 'life_exp', 'mv_play_int', 'num_play_int', 'int_perc')",0.65215518
"('power_rating', 'gdp_usd', 'elo_rating', 'life_exp', 'mv_play_int', 'num_play_int', 'dom_perc', 'int_perc')",0.65215518
"('mv_usd', 'elo_rating', 'bmi', 'qol', 'num_play_dom', 'mv_play_int')",0.652118882
"('power_rating', 'gdp_usd', 'mv_usd', 'life_exp', 'qol', 'mv_play_dom', 'mv_play_int', 'num_play_int', 'dom_perc')",0.652101699
"('power_rating', 'gdp_usd', 'mv_usd', 'life_exp', 'qol', 'mv_play_dom', 'mv_play_int', 'num_play_int', 'int_perc')",0.652101699
"('power_rating', 'gdp_usd', 'mv_usd', 'life_exp', 'qol', 'mv_play_dom', 'mv_play_int', 'num_play_int', 'dom_perc', 'int_perc')",0.652101699
"('power_rating', 'gdp_usd', 'life_exp', 'qol', 'mv_play_dom', 'mv_play_int', 'num_play_int', 'dom_perc')",0.652089619
"('power_rating', 'gdp_usd', 'life_exp', 'qol', 'mv_play_dom', 'mv_play_int', 'num_play_int', 'int_perc')",0.652089619
"('power_rating', 'gdp_usd', 'life_exp', 'qol', 'mv_play_dom', 'mv_play_int', 'num_play_int', 'dom_perc', 'int_perc')",0.652089619
"('power_rating', 'bmi', 'life_exp', 'qol', 'mv_play_int', 'num_play_int', 'dom_perc')",0.651992419
"('power_rating', 'bmi', 'life_exp', 'qol', 'mv_play_int', 'num_play_int', 'int_perc')",0.651992419
"('power_rating', 'bmi', 'life_exp', 'qol', 'mv_play_int', 'num_play_int', 'dom_perc', 'int_perc')",0.651992419
"('power_rating', 'gdp_usd', 'mv_usd', 'life_exp', 'mv_play_dom', 'mv_play_int', 'num_play_int', 'dom_perc')",0.651816881
"('power_rating', 'gdp_usd', 'mv_usd', 'life_exp', 'mv_play_dom', 'mv_play_int', 'num_play_int', 'int_perc')",0.651816881
"('power_rating', 'gdp_usd', 'mv_usd', 'life_exp', 'mv_play_dom', 'mv_play_int', 'num_play_int', 'dom_perc', 'int_perc')",0.651816881
"('power_rating', 'elo_rating', 'qol', 'num_play_dom', 'mv_play_int', 'num_play_int', 'dom_perc')",0.651786212
"('power_rating', 'elo_rating', 'qol', 'num_play_dom', 'mv_play_int', 'num_play_int', 'int_perc')",0.651786212
"('power_rating', 'elo_rating', 'qol', 'num_play_dom', 'mv_play_int', 'num_play_int', 'dom_perc', 'int_perc')",0.651786212
"('power_rating', 'gdp_usd', 'life_exp', 'mv_play_dom', 'mv_play_int', 'num_play_int', 'dom_perc')",0.65172008
"('power_rating', 'gdp_usd', 'life_exp', 'mv_play_dom', 'mv_play_int', 'num_play_int', 'int_perc')",0.65172008
"('power_rating', 'gdp_usd', 'life_exp', 'mv_play_dom', 'mv_play_int', 'num_play_int', 'dom_perc', 'int_perc')",0.65172008
"('power_rating', 'mv_usd', 'life_exp', 'qol', 'mv_play_dom', 'mv_play_int', 'num_play_int', 'dom_int_mv_ratio', 'dom_perc')",0.651702481
"('power_rating', 'mv_usd', 'life_exp', 'qol', 'mv_play_dom', 'mv_play_int', 'num_play_int', 'dom_int_mv_ratio', 'int_perc')",0.651702481
"('power_rating', 'mv_usd', 'life_exp', 'qol', 'mv_play_dom', 'mv_play_int', 'num_play_int', 'dom_int_mv_ratio', 'dom_perc', 'int_perc')",0.651702481
"('power_rating', 'life_exp', 'qol', 'mv_play_dom', 'mv_play_int', 'num_play_int', 'dom_int_mv_ratio', 'dom_perc')",0.651702197
"('power_rating', 'life_exp', 'qol', 'mv_play_dom', 'mv_play_int', 'num_play_int', 'dom_int_mv_ratio', 'int_perc')",0.651702197
"('power_rating', 'life_exp', 'qol', 'mv_play_dom', 'mv_play_int', 'num_play_int', 'dom_int_mv_ratio', 'dom_perc', 'int_perc')",0.651702197
"('power_rating', 'bmi', 'life_exp', 'mv_play_int', 'num_play_int', 'dom_perc')",0.651698568
"('power_rating', 'bmi', 'life_exp', 'mv_play_int', 'num_play_int', 'int_perc')",0.651698568
"('power_rating', 'bmi', 'life_exp', 'mv_play_int', 'num_play_int', 'dom_perc', 'int_perc')",0.651698568
"('power_rating', 'gdp_usd', 'mv_usd', 'life_exp', 'qol', 'mv_play_int', 'num_play_int', 'dom_perc')",0.651624234
"('power_rating', 'gdp_usd', 'mv_usd', 'life_exp', 'qol', 'mv_play_int', 'num_play_int', 'int_perc')",0.651624234
"('power_rating', 'gdp_usd', 'mv_usd', 'life_exp', 'qol', 'mv_play_int', 'num_play_int', 'dom_perc', 'int_perc')",0.651624234
"('power_rating', 'mv_usd', 'life_exp', 'qol', 'mv_play_int', 'num_play_int', 'dom_int_mv_ratio', 'dom_perc')",0.651600478
"('power_rating', 'mv_usd', 'life_exp', 'qol', 'mv_play_int', 'num_play_int', 'dom_int_mv_ratio', 'int_perc')",0.651600478
"('power_rating', 'mv_usd', 'life_exp', 'qol', 'mv_play_int', 'num_play_int', 'dom_int_mv_ratio', 'dom_perc', 'int_perc')",0.651600478
"('power_rating', 'elo_rating', 'bmi', 'mv_play_dom', 'num_play_dom', 'mv_play_int', 'num_play_int', 'dom_int_mv_ratio', 'dom_perc')",0.651563622
"('power_rating', 'elo_rating', 'bmi', 'mv_play_dom', 'num_play_dom', 'mv_play_int', 'num_play_int', 'dom_int_mv_ratio', 'int_perc')",0.651563622
"('power_rating', 'elo_rating', 'bmi', 'mv_play_dom', 'num_play_dom', 'mv_play_int', 'num_play_int', 'dom_int_mv_ratio', 'dom_perc', 'int_perc')",0.651563622
"('power_rating', 'mv_usd', 'elo_rating', 'bmi', 'qol', 'num_play_dom', 'num_play_int', 'dom_int_mv_ratio', 'dom_perc')",0.651293452
"('power_rating', 'mv_usd', 'elo_rating', 'bmi', 'qol', 'num_play_dom', 'num_play_int', 'dom_int_mv_ratio', 'dom_perc', 'int_perc')",0.651293452
"('power_rating', 'mv_usd', 'elo_rating', 'bmi', 'qol', 'num_play_dom', 'num_play_int', 'dom_int_mv_ratio', 'int_perc')",0.651293452
"('power_rating', 'life_exp', 'qol', 'mv_play_int', 'num_play_int', 'dom_int_mv_ratio', 'dom_perc')",0.651204482
"('power_rating', 'life_exp', 'qol', 'mv_play_int', 'num_play_int', 'dom_int_mv_ratio', 'int_perc')",0.651204482
"('power_rating', 'life_exp', 'qol', 'mv_play_int', 'num_play_int', 'dom_int_mv_ratio', 'dom_perc', 'int_perc')",0.651204482
"('power_rating', 'gdp_usd', 'mv_usd', 'life_exp', 'mv_play_int', 'num_play_int', 'dom_perc')",0.651024568
"('power_rating', 'gdp_usd', 'mv_usd', 'life_exp', 'mv_play_int', 'num_play_int', 'int_perc')",0.651024568
"('power_rating', 'gdp_usd', 'mv_usd', 'life_exp', 'mv_play_int', 'num_play_int', 'dom_perc', 'int_perc')",0.651024568
"('mv_usd', 'elo_rating', 'life_exp', 'dom_perc')",0.651018697
"('mv_usd', 'elo_rating', 'life_exp', 'int_perc')",0.651018697
"('mv_usd', 'elo_rating', 'life_exp', 'dom_perc', 'int_perc')",0.651018697
"('power_rating', 'mv_usd', 'elo_rating', 'life_exp', 'mv_play_dom', 'mv_play_int', 'num_play_int', 'dom_int_mv_ratio', 'dom_perc')",0.65093209
"('power_rating', 'mv_usd', 'elo_rating', 'life_exp', 'mv_play_dom', 'mv_play_int', 'num_play_int', 'dom_int_mv_ratio', 'int_perc')",0.65093209
"('power_rating', 'mv_usd', 'elo_rating', 'life_exp', 'mv_play_dom', 'mv_play_int', 'num_play_int', 'dom_int_mv_ratio', 'dom_perc', 'int_perc')",0.65093209
"('power_rating', 'mv_usd', 'elo_rating', 'life_exp', 'mv_play_int', 'num_play_int', 'dom_int_mv_ratio', 'dom_perc')",0.650922484
"('power_rating', 'mv_usd', 'elo_rating', 'life_exp', 'mv_play_int', 'num_play_int', 'dom_int_mv_ratio', 'int_perc')",0.650922484
"('power_rating', 'mv_usd', 'elo_rating', 'life_exp', 'mv_play_int', 'num_play_int', 'dom_int_mv_ratio', 'dom_perc', 'int_perc')",0.650922484
"('power_rating', 'elo_rating', 'life_exp', 'mv_play_dom', 'mv_play_int', 'num_play_int', 'dom_int_mv_ratio', 'dom_perc')",0.650918642
"('power_rating', 'elo_rating', 'life_exp', 'mv_play_dom', 'mv_play_int', 'num_play_int', 'dom_int_mv_ratio', 'int_perc')",0.650918642
"('power_rating', 'elo_rating', 'life_exp', 'mv_play_dom', 'mv_play_int', 'num_play_int', 'dom_int_mv_ratio', 'dom_perc', 'int_perc')",0.650918642
"('elo_rating', 'life_exp', 'qol', 'mv_play_dom', 'num_play_int')",0.65082261
"('power_rating', 'elo_rating', 'life_exp', 'mv_play_int', 'num_play_int', 'dom_int_mv_ratio', 'dom_perc')",0.650760286
"('power_rating', 'elo_rating', 'life_exp', 'mv_play_int', 'num_play_int', 'dom_int_mv_ratio', 'int_perc')",0.650760286
"('power_rating', 'elo_rating', 'life_exp', 'mv_play_int', 'num_play_int', 'dom_int_mv_ratio', 'dom_perc', 'int_perc')",0.650760286
"('power_rating', 'gdp_usd', 'elo_rating', 'bmi', 'num_play_dom', 'mv_play_int', 'num_play_int', 'dom_int_mv_ratio', 'dom_perc')",0.650612921
"('power_rating', 'gdp_usd', 'elo_rating', 'bmi', 'num_play_dom', 'mv_play_int', 'num_play_int', 'dom_int_mv_ratio', 'int_perc')",0.650612921
"('power_rating', 'gdp_usd', 'elo_rating', 'bmi', 'num_play_dom', 'mv_play_int', 'num_play_int', 'dom_int_mv_ratio', 'dom_perc', 'int_perc')",0.650612921
"('mv_usd', 'elo_rating', 'qol', 'num_play_dom', 'mv_play_int', 'num_play_int')",0.650587757
"('mv_usd', 'life_exp', 'qol', 'mv_play_int', 'num_play_int', 'dom_int_mv_ratio')",0.650515138
"('power_rating', 'mv_usd', 'elo_rating', 'qol', 'mv_play_dom', 'num_play_dom', 'num_play_int', 'dom_int_mv_ratio', 'dom_perc')",0.650253217
"('power_rating', 'mv_usd', 'elo_rating', 'qol', 'mv_play_dom', 'num_play_dom', 'num_play_int', 'dom_int_mv_ratio', 'int_perc')",0.650253217
"('power_rating', 'mv_usd', 'elo_rating', 'qol', 'mv_play_dom', 'num_play_dom', 'num_play_int', 'dom_int_mv_ratio', 'dom_perc', 'int_perc')",0.650253217
"('power_rating', 'gdp_usd', 'mv_usd', 'bmi', 'mv_play_dom', 'num_play_dom', 'mv_play_int', 'num_play_int', 'dom_int_mv_ratio', 'dom_perc')",0.650169569
"('power_rating', 'gdp_usd', 'mv_usd', 'bmi', 'mv_play_dom', 'num_play_dom', 'mv_play_int', 'num_play_int', 'dom_int_mv_ratio', 'int_perc')",0.650169569
"('power_rating', 'gdp_usd', 'mv_usd', 'bmi', 'mv_play_dom', 'num_play_dom', 'mv_play_int', 'num_play_int', 'dom_int_mv_ratio', 'dom_perc', 'int_perc')",0.650169569
"('power_rating', 'mv_usd', 'elo_rating', 'life_exp', 'qol', 'mv_play_dom', 'mv_play_int', 'num_play_int', 'dom_perc')",0.649985357
"('power_rating', 'mv_usd', 'elo_rating', 'life_exp', 'qol', 'mv_play_dom', 'mv_play_int', 'num_play_int', 'int_perc')",0.649985357
"('power_rating', 'mv_usd', 'elo_rating', 'life_exp', 'qol', 'mv_play_dom', 'mv_play_int', 'num_play_int', 'dom_perc', 'int_perc')",0.649985357
"('mv_usd', 'elo_rating', 'qol', 'num_play_dom', 'mv_play_int')",0.649886094
"('power_rating', 'gdp_usd', 'mv_usd', 'bmi', 'num_play_dom', 'mv_play_int', 'num_play_int', 'dom_int_mv_ratio', 'dom_perc')",0.649762942
"('power_rating', 'gdp_usd', 'mv_usd', 'bmi', 'num_play_dom', 'mv_play_int', 'num_play_int', 'dom_int_mv_ratio', 'int_perc')",0.649762942
"('power_rating', 'gdp_usd', 'mv_usd', 'bmi', 'num_play_dom', 'mv_play_int', 'num_play_int', 'dom_int_mv_ratio', 'dom_perc', 'int_perc')",0.649762942
"('power_rating', 'mv_usd', 'bmi', 'mv_play_dom', 'num_play_dom', 'mv_play_int', 'num_play_int', 'dom_int_mv_ratio', 'dom_perc')",0.649753342
"('power_rating', 'mv_usd', 'bmi', 'mv_play_dom', 'num_play_dom', 'mv_play_int', 'num_play_int', 'dom_int_mv_ratio', 'int_perc')",0.649753342
"('power_rating', 'mv_usd', 'bmi', 'mv_play_dom', 'num_play_dom', 'mv_play_int', 'num_play_int', 'dom_int_mv_ratio', 'dom_perc', 'int_perc')",0.649753342
"('power_rating', 'gdp_usd', 'bmi', 'mv_play_dom', 'num_play_dom', 'mv_play_int', 'num_play_int', 'dom_int_mv_ratio', 'dom_perc')",0.64973274
"('power_rating', 'gdp_usd', 'bmi', 'mv_play_dom', 'num_play_dom', 'mv_play_int', 'num_play_int', 'dom_int_mv_ratio', 'int_perc')",0.64973274
"('power_rating', 'gdp_usd', 'bmi', 'mv_play_dom', 'num_play_dom', 'mv_play_int', 'num_play_int', 'dom_int_mv_ratio', 'dom_perc', 'int_perc')",0.64973274
"('power_rating', 'mv_usd', 'elo_rating', 'life_exp', 'qol', 'mv_play_int', 'num_play_int', 'dom_perc')",0.649647644
"('power_rating', 'mv_usd', 'elo_rating', 'life_exp', 'qol', 'mv_play_int', 'num_play_int', 'int_perc')",0.649647644
"('power_rating', 'mv_usd', 'elo_rating', 'life_exp', 'qol', 'mv_play_int', 'num_play_int', 'dom_perc', 'int_perc')",0.649647644
"('power_rating', 'elo_rating', 'bmi', 'num_play_dom', 'mv_play_int', 'num_play_int', 'dom_int_mv_ratio', 'dom_perc')",0.649607579
"('power_rating', 'elo_rating', 'bmi', 'num_play_dom', 'mv_play_int', 'num_play_int', 'dom_int_mv_ratio', 'int_perc')",0.649607579
"('power_rating', 'elo_rating', 'bmi', 'num_play_dom', 'mv_play_int', 'num_play_int', 'dom_int_mv_ratio', 'dom_perc', 'int_perc')",0.649607579
"('power_rating', 'gdp_usd', 'life_exp', 'qol', 'mv_play_int', 'num_play_int', 'dom_perc')",0.649569504
"('power_rating', 'gdp_usd', 'life_exp', 'qol', 'mv_play_int', 'num_play_int', 'int_perc')",0.649569504
"('power_rating', 'gdp_usd', 'life_exp', 'qol', 'mv_play_int', 'num_play_int', 'dom_perc', 'int_perc')",0.649569504
"('power_rating', 'mv_usd', 'bmi', 'num_play_dom', 'mv_play_int', 'num_play_int', 'dom_int_mv_ratio', 'dom_perc')",0.649534278
"('power_rating', 'mv_usd', 'bmi', 'num_play_dom', 'mv_play_int', 'num_play_int', 'dom_int_mv_ratio', 'int_perc')",0.649534278
"('power_rating', 'mv_usd', 'bmi', 'num_play_dom', 'mv_play_int', 'num_play_int', 'dom_int_mv_ratio', 'dom_perc', 'int_perc')",0.649534278
"('power_rating', 'gdp_usd', 'elo_rating', 'bmi', 'qol', 'mv_play_dom', 'num_play_dom', 'num_play_int', 'dom_int_mv_ratio', 'dom_perc')",0.649476157
"('power_rating', 'gdp_usd', 'elo_rating', 'bmi', 'qol', 'mv_play_dom', 'num_play_dom', 'num_play_int', 'dom_int_mv_ratio', 'int_perc')",0.649476157
"('power_rating', 'gdp_usd', 'elo_rating', 'bmi', 'qol', 'mv_play_dom', 'num_play_dom', 'num_play_int', 'dom_int_mv_ratio', 'dom_perc', 'int_perc')",0.649476157
"('power_rating', 'gdp_usd', 'life_exp', 'mv_play_int', 'num_play_int', 'dom_perc')",0.649301222
"('power_rating', 'gdp_usd', 'life_exp', 'mv_play_int', 'num_play_int', 'int_perc')",0.649301222
"('power_rating', 'gdp_usd', 'life_exp', 'mv_play_int', 'num_play_int', 'dom_perc', 'int_perc')",0.649301222
"('power_rating', 'gdp_usd', 'elo_rating', 'bmi', 'qol', 'num_play_dom', 'num_play_int', 'dom_int_mv_ratio', 'dom_perc')",0.649149027
"('power_rating', 'gdp_usd', 'elo_rating', 'bmi', 'qol', 'num_play_dom', 'num_play_int', 'dom_int_mv_ratio', 'int_perc')",0.649149027
"('power_rating', 'gdp_usd', 'elo_rating', 'bmi', 'qol', 'num_play_dom', 'num_play_int', 'dom_int_mv_ratio', 'dom_perc', 'int_perc')",0.649149027
"('elo_rating', 'qol', 'mv_play_dom', 'num_play_int')",0.6490656
"('mv_usd', 'elo_rating', 'bmi', 'num_play_dom', 'mv_play_int', 'num_play_int')",0.649011477
"('power_rating', 'elo_rating', 'bmi', 'qol', 'mv_play_dom', 'num_play_dom', 'num_play_int', 'dom_int_mv_ratio', 'dom_perc')",0.648939244
"('power_rating', 'elo_rating', 'bmi', 'qol', 'mv_play_dom', 'num_play_dom', 'num_play_int', 'dom_int_mv_ratio', 'int_perc')",0.648939244
"('power_rating', 'elo_rating', 'bmi', 'qol', 'mv_play_dom', 'num_play_dom', 'num_play_int', 'dom_int_mv_ratio', 'dom_perc', 'int_perc')",0.648939244
"('mv_usd', 'elo_rating', 'num_play_dom', 'mv_play_int', 'num_play_int')",0.648939124
"('power_rating', 'elo_rating', 'life_exp', 'qol', 'mv_play_dom', 'mv_play_int', 'num_play_int', 'dom_perc')",0.648930755
"('power_rating', 'elo_rating', 'life_exp', 'qol', 'mv_play_dom', 'mv_play_int', 'num_play_int', 'int_perc')",0.648930755
"('power_rating', 'elo_rating', 'life_exp', 'qol', 'mv_play_dom', 'mv_play_int', 'num_play_int', 'dom_perc', 'int_perc')",0.648930755
"('power_rating', 'gdp_usd', 'mv_usd', 'elo_rating', 'bmi', 'mv_play_dom', 'num_play_dom', 'mv_play_int', 'num_play_int', 'dom_perc')",0.648849149
"('power_rating', 'gdp_usd', 'mv_usd', 'elo_rating', 'bmi', 'mv_play_dom', 'num_play_dom', 'mv_play_int', 'num_play_int', 'int_perc')",0.648849149
"('power_rating', 'gdp_usd', 'mv_usd', 'elo_rating', 'bmi', 'mv_play_dom', 'num_play_dom', 'mv_play_int', 'num_play_int', 'dom_perc', 'int_perc')",0.648849149
"('power_rating', 'mv_usd', 'elo_rating', 'bmi', 'mv_play_dom', 'num_play_dom', 'mv_play_int', 'num_play_int', 'dom_perc')",0.648839098
"('power_rating', 'mv_usd', 'elo_rating', 'bmi', 'mv_play_dom', 'num_play_dom', 'mv_play_int', 'num_play_int', 'int_perc')",0.648839098
"('power_rating', 'mv_usd', 'elo_rating', 'bmi', 'mv_play_dom', 'num_play_dom', 'mv_play_int', 'num_play_int', 'dom_perc', 'int_perc')",0.648839098
"('power_rating', 'bmi', 'mv_play_dom', 'num_play_dom', 'mv_play_int', 'num_play_int', 'dom_int_mv_ratio', 'dom_perc')",0.648799598
"('power_rating', 'bmi', 'mv_play_dom', 'num_play_dom', 'mv_play_int', 'num_play_int', 'dom_int_mv_ratio', 'int_perc')",0.648799598
"('power_rating', 'bmi', 'mv_play_dom', 'num_play_dom', 'mv_play_int', 'num_play_int', 'dom_int_mv_ratio', 'dom_perc', 'int_perc')",0.648799598
"('power_rating', 'gdp_usd', 'mv_usd', 'elo_rating', 'qol', 'num_play_dom', 'num_play_int', 'dom_int_mv_ratio', 'dom_perc')",0.648694156
"('power_rating', 'gdp_usd', 'mv_usd', 'elo_rating', 'qol', 'num_play_dom', 'num_play_int', 'dom_int_mv_ratio', 'int_perc')",0.648694156
"('power_rating', 'gdp_usd', 'mv_usd', 'elo_rating', 'qol', 'num_play_dom', 'num_play_int', 'dom_int_mv_ratio', 'dom_perc', 'int_perc')",0.648694156
"('power_rating', 'gdp_usd', 'mv_usd', 'elo_rating', 'bmi', 'num_play_dom', 'mv_play_int', 'num_play_int', 'dom_perc')",0.648682737
"('power_rating', 'gdp_usd', 'mv_usd', 'elo_rating', 'bmi', 'num_play_dom', 'mv_play_int', 'num_play_int', 'int_perc')",0.648682737
"('power_rating', 'gdp_usd', 'mv_usd', 'elo_rating', 'bmi', 'num_play_dom', 'mv_play_int', 'num_play_int', 'dom_perc', 'int_perc')",0.648682737
"('power_rating', 'elo_rating', 'bmi', 'qol', 'num_play_dom', 'num_play_int', 'dom_int_mv_ratio', 'dom_perc')",0.648646378
"('power_rating', 'elo_rating', 'bmi', 'qol', 'num_play_dom', 'num_play_int', 'dom_int_mv_ratio', 'int_perc')",0.648646378
"('power_rating', 'elo_rating', 'bmi', 'qol', 'num_play_dom', 'num_play_int', 'dom_int_mv_ratio', 'dom_perc', 'int_perc')",0.648646378
"('power_rating', 'gdp_usd', 'bmi', 'qol', 'num_play_dom', 'mv_play_int', 'num_play_int', 'dom_perc')",0.648645203
"('power_rating', 'gdp_usd', 'bmi', 'qol', 'num_play_dom', 'mv_play_int', 'num_play_int', 'int_perc')",0.648645203
"('power_rating', 'gdp_usd', 'bmi', 'qol', 'num_play_dom', 'mv_play_int', 'num_play_int', 'dom_perc', 'int_perc')",0.648645203
"('power_rating', 'mv_usd', 'elo_rating', 'bmi', 'num_play_dom', 'mv_play_int', 'num_play_int', 'dom_perc')",0.648634252
"('power_rating', 'mv_usd', 'elo_rating', 'bmi', 'num_play_dom', 'mv_play_int', 'num_play_int', 'int_perc')",0.648634252
"('power_rating', 'mv_usd', 'elo_rating', 'bmi', 'num_play_dom', 'mv_play_int', 'num_play_int', 'dom_perc', 'int_perc')",0.648634252
"('power_rating', 'gdp_usd', 'elo_rating', 'bmi', 'life_exp', 'qol', 'mv_play_dom', 'num_play_dom', 'num_play_int', 'dom_perc')",0.648510741
"('power_rating', 'gdp_usd', 'elo_rating', 'bmi', 'life_exp', 'qol', 'mv_play_dom', 'num_play_dom', 'num_play_int', 'int_perc')",0.648510741
"('power_rating', 'gdp_usd', 'elo_rating', 'bmi', 'life_exp', 'qol', 'mv_play_dom', 'num_play_dom', 'num_play_int', 'dom_perc', 'int_perc')",0.648510741
"('power_rating', 'mv_usd', 'life_exp', 'mv_play_dom', 'mv_play_int', 'num_play_int', 'dom_int_mv_ratio', 'dom_perc')",0.648371128
"('power_rating', 'mv_usd', 'life_exp', 'mv_play_dom', 'mv_play_int', 'num_play_int', 'dom_int_mv_ratio', 'int_perc')",0.648371128
"('power_rating', 'mv_usd', 'life_exp', 'mv_play_dom', 'mv_play_int', 'num_play_int', 'dom_int_mv_ratio', 'dom_perc', 'int_perc')",0.648371128
"('power_rating', 'bmi', 'qol', 'num_play_dom', 'mv_play_int', 'num_play_int', 'dom_perc')",0.648368111
"('power_rating', 'bmi', 'qol', 'num_play_dom', 'mv_play_int', 'num_play_int', 'int_perc')",0.648368111
"('power_rating', 'bmi', 'qol', 'num_play_dom', 'mv_play_int', 'num_play_int', 'dom_perc', 'int_perc')",0.648368111
"('power_rating', 'elo_rating', 'life_exp', 'qol', 'mv_play_int', 'num_play_int', 'dom_perc')",0.648336239
"('power_rating', 'elo_rating', 'life_exp', 'qol', 'mv_play_int', 'num_play_int', 'int_perc')",0.648336239
"('power_rating', 'elo_rating', 'life_exp', 'qol', 'mv_play_int', 'num_play_int', 'dom_perc', 'int_perc')",0.648336239
"('power_rating', 'mv_usd', 'life_exp', 'qol', 'mv_play_dom', 'mv_play_int', 'num_play_int', 'dom_perc')",0.648307018
"('power_rating', 'mv_usd', 'life_exp', 'qol', 'mv_play_dom', 'mv_play_int', 'num_play_int', 'int_perc')",0.648307018
"('power_rating', 'mv_usd', 'life_exp', 'qol', 'mv_play_dom', 'mv_play_int', 'num_play_int', 'dom_perc', 'int_perc')",0.648307018
"('power_rating', 'mv_usd', 'life_exp', 'qol', 'mv_play_int', 'num_play_int', 'int_perc')",0.648303688
"('power_rating', 'mv_usd', 'life_exp', 'qol', 'mv_play_int', 'num_play_int', 'dom_perc')",0.648303688
"('power_rating', 'mv_usd', 'life_exp', 'qol', 'mv_play_int', 'num_play_int', 'dom_perc', 'int_perc')",0.648303688
"('power_rating', 'life_exp', 'mv_play_dom', 'mv_play_int', 'num_play_int', 'dom_int_mv_ratio', 'dom_perc')",0.648298121
"('power_rating', 'life_exp', 'mv_play_dom', 'mv_play_int', 'num_play_int', 'dom_int_mv_ratio', 'int_perc')",0.648298121
"('power_rating', 'life_exp', 'mv_play_dom', 'mv_play_int', 'num_play_int', 'dom_int_mv_ratio', 'dom_perc', 'int_perc')",0.648298121
"('mv_usd', 'elo_rating', 'bmi', 'num_play_dom', 'mv_play_int')",0.648136254
"('power_rating', 'mv_usd', 'life_exp', 'mv_play_int', 'num_play_int', 'dom_int_mv_ratio', 'dom_perc')",0.648074941
"('power_rating', 'mv_usd', 'life_exp', 'mv_play_int', 'num_play_int', 'dom_int_mv_ratio', 'int_perc')",0.648074941
"('power_rating', 'mv_usd', 'life_exp', 'mv_play_int', 'num_play_int', 'dom_int_mv_ratio', 'dom_perc', 'int_perc')",0.648074941
"('power_rating', 'elo_rating', 'bmi', 'life_exp', 'qol', 'mv_play_dom', 'num_play_dom', 'num_play_int', 'dom_perc')",0.648068036
"('power_rating', 'elo_rating', 'bmi', 'life_exp', 'qol', 'mv_play_dom', 'num_play_dom', 'num_play_int', 'int_perc')",0.648068036
"('power_rating', 'elo_rating', 'bmi', 'life_exp', 'qol', 'mv_play_dom', 'num_play_dom', 'num_play_int', 'dom_perc', 'int_perc')",0.648068036
"('mv_usd', 'elo_rating', 'num_play_dom', 'mv_play_int')",0.647992082
"('power_rating', 'life_exp', 'mv_play_int', 'num_play_int', 'dom_int_mv_ratio', 'dom_perc')",0.647818347
"('power_rating', 'life_exp', 'mv_play_int', 'num_play_int', 'dom_int_mv_ratio', 'int_perc')",0.647818347
"('power_rating', 'life_exp', 'mv_play_int', 'num_play_int', 'dom_int_mv_ratio', 'dom_perc', 'int_perc')",0.647818347
"('power_rating', 'life_exp', 'qol', 'mv_play_dom', 'mv_play_int', 'num_play_int', 'dom_perc')",0.647664365
"('power_rating', 'life_exp', 'qol', 'mv_play_dom', 'mv_play_int', 'num_play_int', 'int_perc')",0.647664365
"('power_rating', 'life_exp', 'qol', 'mv_play_dom', 'mv_play_int', 'num_play_int', 'dom_perc', 'int_perc')",0.647664365
"('mv_usd', 'bmi', 'life_exp', 'mv_play_int', 'num_play_int', 'dom_int_mv_ratio')",0.647623004
"('power_rating', 'gdp_usd', 'mv_usd', 'elo_rating', 'bmi', 'qol', 'mv_play_dom', 'num_play_dom', 'num_play_int', 'dom_perc')",0.647606647
"('power_rating', 'gdp_usd', 'mv_usd', 'elo_rating', 'bmi', 'qol', 'mv_play_dom', 'num_play_dom', 'num_play_int', 'dom_perc', 'int_perc')",0.647606647
"('power_rating', 'gdp_usd', 'mv_usd', 'elo_rating', 'bmi', 'qol', 'mv_play_dom', 'num_play_dom', 'num_play_int', 'int_perc')",0.647606647
"('power_rating', 'gdp_usd', 'mv_usd', 'elo_rating', 'bmi', 'qol', 'mv_play_dom', 'mv_play_int', 'num_play_int', 'dom_int_mv_ratio', 'dom_perc')",0.647501793
"('power_rating', 'gdp_usd', 'mv_usd', 'elo_rating', 'bmi', 'qol', 'mv_play_dom', 'mv_play_int', 'num_play_int', 'dom_int_mv_ratio', 'int_perc')",0.647501793
"('power_rating', 'gdp_usd', 'mv_usd', 'elo_rating', 'bmi', 'qol', 'mv_play_dom', 'mv_play_int', 'num_play_int', 'dom_int_mv_ratio', 'dom_perc', 'int_perc')",0.647501793
"('mv_usd', 'elo_rating', 'bmi', 'qol', 'num_play_dom', 'dom_perc')",0.647450893
"('mv_usd', 'elo_rating', 'bmi', 'qol', 'num_play_dom', 'int_perc')",0.647450893
"('mv_usd', 'elo_rating', 'bmi', 'qol', 'num_play_dom', 'dom_perc', 'int_perc')",0.647450893
"('power_rating', 'mv_usd', 'elo_rating', 'bmi', 'qol', 'mv_play_dom', 'mv_play_int', 'num_play_int', 'dom_int_mv_ratio', 'dom_perc')",0.647309837
"('power_rating', 'mv_usd', 'elo_rating', 'bmi', 'qol', 'mv_play_dom', 'mv_play_int', 'num_play_int', 'dom_int_mv_ratio', 'int_perc')",0.647309837
"('power_rating', 'mv_usd', 'elo_rating', 'bmi', 'qol', 'mv_play_dom', 'mv_play_int', 'num_play_int', 'dom_int_mv_ratio', 'dom_perc', 'int_perc')",0.647309837
"('power_rating', 'gdp_usd', 'mv_usd', 'elo_rating', 'bmi', 'qol', 'mv_play_int', 'num_play_int', 'dom_int_mv_ratio', 'dom_perc')",0.64727738
"('power_rating', 'gdp_usd', 'mv_usd', 'elo_rating', 'bmi', 'qol', 'mv_play_int', 'num_play_int', 'dom_int_mv_ratio', 'int_perc')",0.64727738
"('power_rating', 'gdp_usd', 'mv_usd', 'elo_rating', 'bmi', 'qol', 'mv_play_int', 'num_play_int', 'dom_int_mv_ratio', 'dom_perc', 'int_perc')",0.64727738
"('power_rating', 'gdp_usd', 'mv_usd', 'elo_rating', 'life_exp', 'mv_play_dom', 'num_play_dom', 'num_play_int', 'dom_perc')",0.647235477
"('power_rating', 'gdp_usd', 'mv_usd', 'elo_rating', 'life_exp', 'mv_play_dom', 'num_play_dom', 'num_play_int', 'int_perc')",0.647235477
"('power_rating', 'gdp_usd', 'mv_usd', 'elo_rating', 'life_exp', 'mv_play_dom', 'num_play_dom', 'num_play_int', 'dom_perc', 'int_perc')",0.647235477
"('mv_usd', 'life_exp', 'mv_play_int', 'num_play_int', 'dom_int_mv_ratio')",0.647131266
"('power_rating', 'gdp_usd', 'elo_rating', 'bmi', 'qol', 'mv_play_dom', 'mv_play_int', 'num_play_int', 'dom_int_mv_ratio', 'dom_perc')",0.647095192
"('power_rating', 'gdp_usd', 'elo_rating', 'bmi', 'qol', 'mv_play_dom', 'mv_play_int', 'num_play_int', 'dom_int_mv_ratio', 'int_perc')",0.647095192
"('power_rating', 'gdp_usd', 'elo_rating', 'bmi', 'qol', 'mv_play_dom', 'mv_play_int', 'num_play_int', 'dom_int_mv_ratio', 'dom_perc', 'int_perc')",0.647095192
"('power_rating', 'gdp_usd', 'elo_rating', 'bmi', 'qol', 'mv_play_int', 'num_play_int', 'dom_int_mv_ratio', 'dom_perc')",0.64706591
"('power_rating', 'gdp_usd', 'elo_rating', 'bmi', 'qol', 'mv_play_int', 'num_play_int', 'dom_int_mv_ratio', 'int_perc')",0.64706591
"('power_rating', 'gdp_usd', 'elo_rating', 'bmi', 'qol', 'mv_play_int', 'num_play_int', 'dom_int_mv_ratio', 'dom_perc', 'int_perc')",0.64706591
"('power_rating', 'gdp_usd', 'mv_usd', 'bmi', 'mv_play_dom', 'num_play_dom', 'mv_play_int', 'num_play_int', 'dom_perc')",0.646995891
"('power_rating', 'gdp_usd', 'mv_usd', 'bmi', 'mv_play_dom', 'num_play_dom', 'mv_play_int', 'num_play_int', 'int_perc')",0.646995891
"('power_rating', 'gdp_usd', 'mv_usd', 'bmi', 'mv_play_dom', 'num_play_dom', 'mv_play_int', 'num_play_int', 'dom_perc', 'int_perc')",0.646995891
"('power_rating', 'gdp_usd', 'mv_usd', 'bmi', 'num_play_dom', 'mv_play_int', 'num_play_int', 'dom_perc')",0.646963851
"('power_rating', 'gdp_usd', 'mv_usd', 'bmi', 'num_play_dom', 'mv_play_int', 'num_play_int', 'int_perc')",0.646963851
"('power_rating', 'gdp_usd', 'mv_usd', 'bmi', 'num_play_dom', 'mv_play_int', 'num_play_int', 'dom_perc', 'int_perc')",0.646963851
"('power_rating', 'mv_usd', 'elo_rating', 'qol', 'num_play_dom', 'num_play_int', 'dom_int_mv_ratio', 'dom_perc')",0.646961934
"('power_rating', 'mv_usd', 'elo_rating', 'qol', 'num_play_dom', 'num_play_int', 'dom_int_mv_ratio', 'int_perc')",0.646961934
"('power_rating', 'mv_usd', 'elo_rating', 'qol', 'num_play_dom', 'num_play_int', 'dom_int_mv_ratio', 'dom_perc', 'int_perc')",0.646961934
"('power_rating', 'mv_usd', 'bmi', 'mv_play_dom', 'num_play_dom', 'mv_play_int', 'num_play_int', 'dom_perc')",0.64693224
"('power_rating', 'mv_usd', 'bmi', 'mv_play_dom', 'num_play_dom', 'mv_play_int', 'num_play_int', 'int_perc')",0.64693224
"('power_rating', 'mv_usd', 'bmi', 'mv_play_dom', 'num_play_dom', 'mv_play_int', 'num_play_int', 'dom_perc', 'int_perc')",0.64693224
"('power_rating', 'mv_usd', 'bmi', 'num_play_dom', 'mv_play_int', 'num_play_int', 'dom_perc')",0.646917997
"('power_rating', 'mv_usd', 'bmi', 'num_play_dom', 'mv_play_int', 'num_play_int', 'int_perc')",0.646917997
"('power_rating', 'mv_usd', 'bmi', 'num_play_dom', 'mv_play_int', 'num_play_int', 'dom_perc', 'int_perc')",0.646917997
"('power_rating', 'mv_usd', 'elo_rating', 'bmi', 'qol', 'mv_play_int', 'num_play_int', 'dom_int_mv_ratio', 'dom_perc')",0.646877389
"('power_rating', 'mv_usd', 'elo_rating', 'bmi', 'qol', 'mv_play_int', 'num_play_int', 'dom_int_mv_ratio', 'int_perc')",0.646877389
"('power_rating', 'mv_usd', 'elo_rating', 'bmi', 'qol', 'mv_play_int', 'num_play_int', 'dom_int_mv_ratio', 'dom_perc', 'int_perc')",0.646877389
"('power_rating', 'mv_usd', 'elo_rating', 'life_exp', 'mv_play_dom', 'mv_play_int', 'num_play_int', 'int_perc')",0.646590196
"('power_rating', 'mv_usd', 'elo_rating', 'life_exp', 'mv_play_dom', 'mv_play_int', 'num_play_int', 'dom_perc')",0.646590196
"('power_rating', 'mv_usd', 'elo_rating', 'life_exp', 'mv_play_dom', 'mv_play_int', 'num_play_int', 'dom_perc', 'int_perc')",0.646590196
"('power_rating', 'elo_rating', 'bmi', 'qol', 'mv_play_dom', 'mv_play_int', 'num_play_int', 'dom_int_mv_ratio', 'dom_perc')",0.64655519
"('power_rating', 'elo_rating', 'bmi', 'qol', 'mv_play_dom', 'mv_play_int', 'num_play_int', 'dom_int_mv_ratio', 'int_perc')",0.64655519
"('power_rating', 'elo_rating', 'bmi', 'qol', 'mv_play_dom', 'mv_play_int', 'num_play_int', 'dom_int_mv_ratio', 'dom_perc', 'int_perc')",0.64655519
"('power_rating', 'mv_usd', 'elo_rating', 'life_exp', 'mv_play_dom', 'num_play_dom', 'num_play_int', 'dom_perc')",0.646534703
"('power_rating', 'mv_usd', 'elo_rating', 'life_exp', 'mv_play_dom', 'num_play_dom', 'num_play_int', 'int_perc')",0.646534703
"('power_rating', 'mv_usd', 'elo_rating', 'life_exp', 'mv_play_dom', 'num_play_dom', 'num_play_int', 'dom_perc', 'int_perc')",0.646534703
"('power_rating', 'elo_rating', 'bmi', 'qol', 'mv_play_int', 'num_play_int', 'dom_int_mv_ratio', 'dom_perc')",0.646527231
"('power_rating', 'elo_rating', 'bmi', 'qol', 'mv_play_int', 'num_play_int', 'dom_int_mv_ratio', 'int_perc')",0.646527231
"('power_rating', 'elo_rating', 'bmi', 'qol', 'mv_play_int', 'num_play_int', 'dom_int_mv_ratio', 'dom_perc', 'int_perc')",0.646527231
"('mv_usd', 'elo_rating', 'bmi', 'qol', 'num_play_dom', 'num_play_int')",0.646512323
"('power_rating', 'mv_usd', 'elo_rating', 'life_exp', 'mv_play_int', 'num_play_int', 'dom_perc')",0.646466898
"('power_rating', 'mv_usd', 'elo_rating', 'life_exp', 'mv_play_int', 'num_play_int', 'int_perc')",0.646466898
"('power_rating', 'mv_usd', 'elo_rating', 'life_exp', 'mv_play_int', 'num_play_int', 'dom_perc', 'int_perc')",0.646466898
"('power_rating', 'gdp_usd', 'elo_rating', 'qol', 'mv_play_dom', 'num_play_dom', 'num_play_int', 'dom_int_mv_ratio', 'dom_perc')",0.646336981
"('power_rating', 'gdp_usd', 'elo_rating', 'qol', 'mv_play_dom', 'num_play_dom', 'num_play_int', 'dom_int_mv_ratio', 'int_perc')",0.646336981
"('power_rating', 'gdp_usd', 'elo_rating', 'qol', 'mv_play_dom', 'num_play_dom', 'num_play_int', 'dom_int_mv_ratio', 'dom_perc', 'int_perc')",0.646336981
"('power_rating', 'gdp_usd', 'elo_rating', 'qol', 'num_play_dom', 'num_play_int', 'dom_int_mv_ratio', 'dom_perc')",0.646308714
"('power_rating', 'gdp_usd', 'elo_rating', 'qol', 'num_play_dom', 'num_play_int', 'dom_int_mv_ratio', 'int_perc')",0.646308714
"('power_rating', 'gdp_usd', 'elo_rating', 'qol', 'num_play_dom', 'num_play_int', 'dom_int_mv_ratio', 'dom_perc', 'int_perc')",0.646308714
"('mv_usd', 'elo_rating', 'qol', 'num_play_dom', 'dom_perc')",0.646175608
"('mv_usd', 'elo_rating', 'qol', 'num_play_dom', 'int_perc')",0.646175608
"('mv_usd', 'elo_rating', 'qol', 'num_play_dom', 'dom_perc', 'int_perc')",0.646175608
"('power_rating', 'elo_rating', 'life_exp', 'mv_play_dom', 'mv_play_int', 'num_play_int', 'dom_perc')",0.64603354
"('power_rating', 'elo_rating', 'life_exp', 'mv_play_dom', 'mv_play_int', 'num_play_int', 'int_perc')",0.64603354
"('power_rating', 'elo_rating', 'life_exp', 'mv_play_dom', 'mv_play_int', 'num_play_int', 'dom_perc', 'int_perc')",0.64603354
"('power_rating', 'gdp_usd', 'mv_usd', 'elo_rating', 'life_exp', 'num_play_dom', 'num_play_int', 'dom_perc')",0.645906594
"('power_rating', 'gdp_usd', 'mv_usd', 'elo_rating', 'life_exp', 'num_play_dom', 'num_play_int', 'int_perc')",0.645906594
"('power_rating', 'gdp_usd', 'mv_usd', 'elo_rating', 'life_exp', 'num_play_dom', 'num_play_int', 'dom_perc', 'int_perc')",0.645906594
"('power_rating', 'gdp_usd', 'elo_rating', 'bmi', 'life_exp', 'mv_play_dom', 'num_play_dom', 'num_play_int', 'dom_perc')",0.645759127
"('power_rating', 'gdp_usd', 'elo_rating', 'bmi', 'life_exp', 'mv_play_dom', 'num_play_dom', 'num_play_int', 'int_perc')",0.645759127
"('power_rating', 'gdp_usd', 'elo_rating', 'bmi', 'life_exp', 'mv_play_dom', 'num_play_dom', 'num_play_int', 'dom_perc', 'int_perc')",0.645759127
"('mv_usd', 'bmi', 'qol', 'mv_play_int', 'num_play_int', 'dom_int_mv_ratio')",0.645563378
"('power_rating', 'elo_rating', 'life_exp', 'mv_play_int', 'num_play_int', 'dom_perc')",0.645525047
"('power_rating', 'elo_rating', 'life_exp', 'mv_play_int', 'num_play_int', 'int_perc')",0.645525047
"('power_rating', 'elo_rating', 'life_exp', 'mv_play_int', 'num_play_int', 'dom_perc', 'int_perc')",0.645525047
"('power_rating', 'gdp_usd', 'elo_rating', 'life_exp', 'qol', 'mv_play_dom', 'num_play_dom', 'num_play_int', 'dom_perc')",0.645524545
"('power_rating', 'gdp_usd', 'elo_rating', 'life_exp', 'qol', 'mv_play_dom', 'num_play_dom', 'num_play_int', 'int_perc')",0.645524545
"('power_rating', 'gdp_usd', 'elo_rating', 'life_exp', 'qol', 'mv_play_dom', 'num_play_dom', 'num_play_int', 'dom_perc', 'int_perc')",0.645524545
"('power_rating', 'elo_rating', 'qol', 'mv_play_dom', 'num_play_dom', 'num_play_int', 'dom_int_mv_ratio', 'dom_perc')",0.645464096
"('power_rating', 'elo_rating', 'qol', 'mv_play_dom', 'num_play_dom', 'num_play_int', 'dom_int_mv_ratio', 'int_perc')",0.645464096
"('power_rating', 'elo_rating', 'qol', 'mv_play_dom', 'num_play_dom', 'num_play_int', 'dom_int_mv_ratio', 'dom_perc', 'int_perc')",0.645464096
"('power_rating', 'elo_rating', 'qol', 'num_play_dom', 'num_play_int', 'dom_int_mv_ratio', 'dom_perc')",0.645453581
"('power_rating', 'elo_rating', 'qol', 'num_play_dom', 'num_play_int', 'dom_int_mv_ratio', 'int_perc')",0.645453581
"('power_rating', 'elo_rating', 'qol', 'num_play_dom', 'num_play_int', 'dom_int_mv_ratio', 'dom_perc', 'int_perc')",0.645453581
"('power_rating', 'elo_rating', 'life_exp', 'qol', 'mv_play_dom', 'num_play_dom', 'num_play_int', 'dom_perc')",0.645200677
"('power_rating', 'elo_rating', 'life_exp', 'qol', 'mv_play_dom', 'num_play_dom', 'num_play_int', 'int_perc')",0.645200677
"('power_rating', 'elo_rating', 'life_exp', 'qol', 'mv_play_dom', 'num_play_dom', 'num_play_int', 'dom_perc', 'int_perc')",0.645200677
"('power_rating', 'gdp_usd', 'mv_usd', 'bmi', 'qol', 'mv_play_dom', 'mv_play_int', 'num_play_int', 'dom_int_mv_ratio', 'dom_perc')",0.645176138
"('power_rating', 'gdp_usd', 'mv_usd', 'bmi', 'qol', 'mv_play_dom', 'mv_play_int', 'num_play_int', 'dom_int_mv_ratio', 'int_perc')",0.645176138
"('power_rating', 'gdp_usd', 'mv_usd', 'bmi', 'qol', 'mv_play_dom', 'mv_play_int', 'num_play_int', 'dom_int_mv_ratio', 'dom_perc', 'int_perc')",0.645176138
"('mv_usd', 'elo_rating', 'bmi', 'qol', 'num_play_dom')",0.645166224
"('power_rating', 'gdp_usd', 'mv_usd', 'bmi', 'qol', 'mv_play_int', 'num_play_int', 'dom_int_mv_ratio', 'dom_perc')",0.645163472
"('power_rating', 'gdp_usd', 'mv_usd', 'bmi', 'qol', 'mv_play_int', 'num_play_int', 'dom_int_mv_ratio', 'int_perc')",0.645163472
"('power_rating', 'gdp_usd', 'mv_usd', 'bmi', 'qol', 'mv_play_int', 'num_play_int', 'dom_int_mv_ratio', 'dom_perc', 'int_perc')",0.645163472
"('power_rating', 'mv_usd', 'life_exp', 'mv_play_dom', 'mv_play_int', 'num_play_int', 'dom_perc')",0.645043587
"('power_rating', 'mv_usd', 'life_exp', 'mv_play_dom', 'mv_play_int', 'num_play_int', 'int_perc')",0.645043587
"('power_rating', 'mv_usd', 'life_exp', 'mv_play_dom', 'mv_play_int', 'num_play_int', 'dom_perc', 'int_perc')",0.645043587
"('power_rating', 'gdp_usd', 'elo_rating', 'bmi', 'mv_play_dom', 'num_play_dom', 'mv_play_int', 'num_play_int', 'dom_perc')",0.645015565
"('power_rating', 'gdp_usd', 'elo_rating', 'bmi', 'mv_play_dom', 'num_play_dom', 'mv_play_int', 'num_play_int', 'int_perc')",0.645015565
"('power_rating', 'gdp_usd', 'elo_rating', 'bmi', 'mv_play_dom', 'num_play_dom', 'mv_play_int', 'num_play_int', 'dom_perc', 'int_perc')",0.645015565
"('power_rating', 'mv_usd', 'life_exp', 'mv_play_int', 'num_play_int', 'dom_perc')",0.645014421
"('power_rating', 'mv_usd', 'life_exp', 'mv_play_int', 'num_play_int', 'int_perc')",0.645014421
"('power_rating', 'mv_usd', 'life_exp', 'mv_play_int', 'num_play_int', 'dom_perc', 'int_perc')",0.645014421
"('mv_usd', 'bmi', 'mv_play_int', 'num_play_int', 'dom_int_mv_ratio')",0.644986724
"('power_rating', 'gdp_usd', 'bmi', 'qol', 'mv_play_dom', 'mv_play_int', 'num_play_int', 'dom_int_mv_ratio', 'dom_perc')",0.644930121
"('power_rating', 'gdp_usd', 'bmi', 'qol', 'mv_play_dom', 'mv_play_int', 'num_play_int', 'dom_int_mv_ratio', 'int_perc')",0.644930121
"('power_rating', 'gdp_usd', 'bmi', 'qol', 'mv_play_dom', 'mv_play_int', 'num_play_int', 'dom_int_mv_ratio', 'dom_perc', 'int_perc')",0.644930121
"('power_rating', 'mv_usd', 'bmi', 'qol', 'mv_play_dom', 'mv_play_int', 'num_play_int', 'dom_int_mv_ratio', 'dom_perc')",0.644886312
"('power_rating', 'mv_usd', 'bmi', 'qol', 'mv_play_dom', 'mv_play_int', 'num_play_int', 'dom_int_mv_ratio', 'int_perc')",0.644886312
"('power_rating', 'mv_usd', 'bmi', 'qol', 'mv_play_dom', 'mv_play_int', 'num_play_int', 'dom_int_mv_ratio', 'dom_perc', 'int_perc')",0.644886312
"('power_rating', 'mv_usd', 'bmi', 'qol', 'mv_play_int', 'num_play_int', 'dom_int_mv_ratio', 'dom_perc')",0.644881161
"('power_rating', 'mv_usd', 'bmi', 'qol', 'mv_play_int', 'num_play_int', 'dom_int_mv_ratio', 'int_perc')",0.644881161
"('power_rating', 'mv_usd', 'bmi', 'qol', 'mv_play_int', 'num_play_int', 'dom_int_mv_ratio', 'dom_perc', 'int_perc')",0.644881161
"('power_rating', 'life_exp', 'qol', 'mv_play_int', 'num_play_int', 'dom_perc')",0.644816866
"('power_rating', 'life_exp', 'qol', 'mv_play_int', 'num_play_int', 'int_perc')",0.644816866
"('power_rating', 'life_exp', 'qol', 'mv_play_int', 'num_play_int', 'dom_perc', 'int_perc')",0.644816866
"('power_rating', 'life_exp', 'mv_play_dom', 'mv_play_int', 'num_play_int', 'dom_perc')",0.644764671
"('power_rating', 'life_exp', 'mv_play_dom', 'mv_play_int', 'num_play_int', 'int_perc')",0.644764671
"('power_rating', 'life_exp', 'mv_play_dom', 'mv_play_int', 'num_play_int', 'dom_perc', 'int_perc')",0.644764671
"('mv_usd', 'elo_rating', 'bmi', 'num_play_dom', 'dom_perc')",0.644554644
"('mv_usd', 'elo_rating', 'bmi', 'num_play_dom', 'int_perc')",0.644554644
"('mv_usd', 'elo_rating', 'bmi', 'num_play_dom', 'dom_perc', 'int_perc')",0.644554644
"('mv_usd', 'elo_rating', 'num_play_dom', 'dom_perc')",0.644540495
"('mv_usd', 'elo_rating', 'num_play_dom', 'int_perc')",0.644540495
"('mv_usd', 'elo_rating', 'num_play_dom', 'dom_perc', 'int_perc')",0.644540495
"('power_rating', 'mv_usd', 'elo_rating', 'life_exp', 'num_play_dom', 'num_play_int', 'dom_perc')",0.644408532
"('power_rating', 'mv_usd', 'elo_rating', 'life_exp', 'num_play_dom', 'num_play_int', 'int_perc')",0.644408532
"('power_rating', 'mv_usd', 'elo_rating', 'life_exp', 'num_play_dom', 'num_play_int', 'dom_perc', 'int_perc')",0.644408532
"('power_rating', 'elo_rating', 'bmi', 'mv_play_dom', 'num_play_dom', 'mv_play_int', 'num_play_int', 'dom_perc')",0.644390847
"('power_rating', 'elo_rating', 'bmi', 'mv_play_dom', 'num_play_dom', 'mv_play_int', 'num_play_int', 'int_perc')",0.644390847
"('power_rating', 'elo_rating', 'bmi', 'mv_play_dom', 'num_play_dom', 'mv_play_int', 'num_play_int', 'dom_perc', 'int_perc')",0.644390847
"('power_rating', 'bmi', 'qol', 'mv_play_dom', 'mv_play_int', 'num_play_int', 'dom_int_mv_ratio', 'dom_perc')",0.644318779
"('power_rating', 'bmi', 'qol', 'mv_play_dom', 'mv_play_int', 'num_play_int', 'dom_int_mv_ratio', 'int_perc')",0.644318779
"('power_rating', 'bmi', 'qol', 'mv_play_dom', 'mv_play_int', 'num_play_int', 'dom_int_mv_ratio', 'dom_perc', 'int_perc')",0.644318779
"('power_rating', 'gdp_usd', 'bmi', 'mv_play_dom', 'num_play_dom', 'mv_play_int', 'num_play_int', 'dom_perc')",0.644053069
"('power_rating', 'gdp_usd', 'bmi', 'mv_play_dom', 'num_play_dom', 'mv_play_int', 'num_play_int', 'int_perc')",0.644053069
"('power_rating', 'gdp_usd', 'bmi', 'mv_play_dom', 'num_play_dom', 'mv_play_int', 'num_play_int', 'dom_perc', 'int_perc')",0.644053069
"('mv_usd', 'elo_rating', 'qol', 'num_play_dom', 'num_play_int')",0.64403219
"('elo_rating', 'bmi', 'life_exp', 'mv_play_dom', 'num_play_int', 'dom_int_mv_ratio')",0.64388189
"('power_rating', 'gdp_usd', 'mv_usd', 'elo_rating', 'qol', 'mv_play_dom', 'num_play_dom', 'num_play_int', 'dom_perc')",0.643412962
"('power_rating', 'gdp_usd', 'mv_usd', 'elo_rating', 'qol', 'mv_play_dom', 'num_play_dom', 'num_play_int', 'int_perc')",0.643412962
"('power_rating', 'gdp_usd', 'mv_usd', 'elo_rating', 'qol', 'mv_play_dom', 'num_play_dom', 'num_play_int', 'dom_perc', 'int_perc')",0.643412962
"('power_rating', 'bmi', 'mv_play_dom', 'num_play_dom', 'mv_play_int', 'num_play_int', 'dom_perc')",0.643352626
"('power_rating', 'bmi', 'mv_play_dom', 'num_play_dom', 'mv_play_int', 'num_play_int', 'int_perc')",0.643352626
"('power_rating', 'bmi', 'mv_play_dom', 'num_play_dom', 'mv_play_int', 'num_play_int', 'dom_perc', 'int_perc')",0.643352626
"('mv_usd', 'elo_rating', 'qol', 'num_play_dom')",0.643304381
"('power_rating', 'elo_rating', 'bmi', 'life_exp', 'mv_play_dom', 'num_play_dom', 'num_play_int', 'dom_perc')",0.643261995
"('power_rating', 'elo_rating', 'bmi', 'life_exp', 'mv_play_dom', 'num_play_dom', 'num_play_int', 'int_perc')",0.643261995
"('power_rating', 'elo_rating', 'bmi', 'life_exp', 'mv_play_dom', 'num_play_dom', 'num_play_int', 'dom_perc', 'int_perc')",0.643261995
"('power_rating', 'gdp_usd', 'bmi', 'qol', 'mv_play_int', 'num_play_int', 'dom_int_mv_ratio', 'dom_perc')",0.643094775
"('power_rating', 'gdp_usd', 'bmi', 'qol', 'mv_play_int', 'num_play_int', 'dom_int_mv_ratio', 'int_perc')",0.643094775
"('power_rating', 'gdp_usd', 'bmi', 'qol', 'mv_play_int', 'num_play_int', 'dom_int_mv_ratio', 'dom_perc', 'int_perc')",0.643094775
"('power_rating', 'gdp_usd', 'mv_usd', 'elo_rating', 'bmi', 'qol', 'mv_play_dom', 'mv_play_int', 'num_play_int', 'dom_perc')",0.642946358
"('power_rating', 'gdp_usd', 'mv_usd', 'elo_rating', 'bmi', 'qol', 'mv_play_dom', 'mv_play_int', 'num_play_int', 'int_perc')",0.642946358
"('power_rating', 'gdp_usd', 'mv_usd', 'elo_rating', 'bmi', 'qol', 'mv_play_dom', 'mv_play_int', 'num_play_int', 'dom_perc', 'int_perc')",0.642946358
"('power_rating', 'mv_usd', 'elo_rating', 'bmi', 'qol', 'mv_play_dom', 'mv_play_int', 'num_play_int', 'dom_perc')",0.642946357
"('power_rating', 'mv_usd', 'elo_rating', 'bmi', 'qol', 'mv_play_dom', 'mv_play_int', 'num_play_int', 'int_perc')",0.642946357
"('power_rating', 'mv_usd', 'elo_rating', 'bmi', 'qol', 'mv_play_dom', 'mv_play_int', 'num_play_int', 'dom_perc', 'int_perc')",0.642946357
"('elo_rating', 'life_exp', 'mv_play_dom', 'num_play_int', 'dom_int_mv_ratio')",0.642671634
"('power_rating', 'bmi', 'qol', 'mv_play_int', 'num_play_int', 'dom_int_mv_ratio', 'dom_perc')",0.642444934
"('power_rating', 'bmi', 'qol', 'mv_play_int', 'num_play_int', 'dom_int_mv_ratio', 'int_perc')",0.642444934
"('power_rating', 'bmi', 'qol', 'mv_play_int', 'num_play_int', 'dom_int_mv_ratio', 'dom_perc', 'int_perc')",0.642444934
"('power_rating', 'gdp_usd', 'mv_usd', 'elo_rating', 'bmi', 'qol', 'mv_play_int', 'num_play_int', 'dom_perc')",0.642204869
"('power_rating', 'gdp_usd', 'mv_usd', 'elo_rating', 'bmi', 'qol', 'mv_play_int', 'num_play_int', 'int_perc')",0.642204869
"('power_rating', 'gdp_usd', 'mv_usd', 'elo_rating', 'bmi', 'qol', 'mv_play_int', 'num_play_int', 'dom_perc', 'int_perc')",0.642204869
"('power_rating', 'life_exp', 'mv_play_int', 'num_play_int', 'dom_perc')",0.642143075
"('power_rating', 'life_exp', 'mv_play_int', 'num_play_int', 'int_perc')",0.642143075
"('power_rating', 'life_exp', 'mv_play_int', 'num_play_int', 'dom_perc', 'int_perc')",0.642143075
"('power_rating', 'mv_usd', 'elo_rating', 'bmi', 'qol', 'mv_play_int', 'num_play_int', 'dom_perc')",0.642126217
"('power_rating', 'mv_usd', 'elo_rating', 'bmi', 'qol', 'mv_play_int', 'num_play_int', 'int_perc')",0.642126217
"('power_rating', 'mv_usd', 'elo_rating', 'bmi', 'qol', 'mv_play_int', 'num_play_int', 'dom_perc', 'int_perc')",0.642126217
"('power_rating', 'gdp_usd', 'bmi', 'num_play_dom', 'mv_play_int', 'num_play_int', 'dom_int_mv_ratio', 'dom_perc')",0.64189672
"('power_rating', 'gdp_usd', 'bmi', 'num_play_dom', 'mv_play_int', 'num_play_int', 'dom_int_mv_ratio', 'dom_perc', 'int_perc')",0.64189672
"('power_rating', 'gdp_usd', 'bmi', 'num_play_dom', 'mv_play_int', 'num_play_int', 'dom_int_mv_ratio', 'int_perc')",0.64189672
"('mv_usd', 'qol', 'mv_play_int', 'num_play_int', 'dom_int_mv_ratio')",0.641866974
"('mv_usd', 'mv_play_int', 'num_play_int', 'dom_int_mv_ratio')",0.641747644
"('mv_usd', 'elo_rating', 'bmi', 'num_play_dom', 'num_play_int')",0.641695447
"('mv_usd', 'bmi', 'life_exp', 'qol', 'num_play_int', 'dom_int_mv_ratio')",0.64161471
"('mv_usd', 'elo_rating', 'num_play_dom', 'num_play_int')",0.641607638
"('power_rating', 'gdp_usd', 'mv_usd', 'bmi', 'qol', 'mv_play_dom', 'mv_play_int', 'num_play_int', 'dom_perc')",0.641606913
"('power_rating', 'gdp_usd', 'mv_usd', 'bmi', 'qol', 'mv_play_dom', 'mv_play_int', 'num_play_int', 'int_perc')",0.641606913
"('power_rating', 'gdp_usd', 'mv_usd', 'bmi', 'qol', 'mv_play_dom', 'mv_play_int', 'num_play_int', 'dom_perc', 'int_perc')",0.641606913
"('power_rating', 'mv_usd', 'bmi', 'qol', 'mv_play_dom', 'mv_play_int', 'num_play_int', 'dom_perc')",0.641591503
"('power_rating', 'mv_usd', 'bmi', 'qol', 'mv_play_dom', 'mv_play_int', 'num_play_int', 'int_perc')",0.641591503
"('power_rating', 'mv_usd', 'bmi', 'qol', 'mv_play_dom', 'mv_play_int', 'num_play_int', 'dom_perc', 'int_perc')",0.641591503
"('power_rating', 'gdp_usd', 'mv_usd', 'bmi', 'qol', 'mv_play_int', 'num_play_int', 'dom_perc')",0.641439813
"('power_rating', 'gdp_usd', 'mv_usd', 'bmi', 'qol', 'mv_play_int', 'num_play_int', 'int_perc')",0.641439813
"('power_rating', 'gdp_usd', 'mv_usd', 'bmi', 'qol', 'mv_play_int', 'num_play_int', 'dom_perc', 'int_perc')",0.641439813
"('mv_usd', 'life_exp', 'qol', 'num_play_int', 'dom_int_mv_ratio')",0.641389243
"('power_rating', 'mv_usd', 'bmi', 'qol', 'mv_play_int', 'num_play_int', 'dom_perc')",0.641374687
"('power_rating', 'mv_usd', 'bmi', 'qol', 'mv_play_int', 'num_play_int', 'int_perc')",0.641374687
"('power_rating', 'mv_usd', 'bmi', 'qol', 'mv_play_int', 'num_play_int', 'dom_perc', 'int_perc')",0.641374687
"('elo_rating', 'bmi', 'mv_play_dom', 'num_play_int', 'dom_int_mv_ratio')",0.641084427
"('mv_usd', 'elo_rating', 'bmi', 'num_play_dom')",0.641040932
"('mv_usd', 'elo_rating', 'num_play_dom')",0.641005449
"('elo_rating', 'mv_play_dom', 'num_play_int', 'dom_int_mv_ratio')",0.641003024
"('mv_usd', 'bmi', 'life_exp', 'qol', 'num_play_dom', 'mv_play_int', 'num_play_int', 'dom_perc')",0.640777751
"('mv_usd', 'bmi', 'life_exp', 'qol', 'num_play_dom', 'mv_play_int', 'num_play_int', 'int_perc')",0.640777751
"('mv_usd', 'bmi', 'life_exp', 'qol', 'num_play_dom', 'mv_play_int', 'num_play_int', 'dom_perc', 'int_perc')",0.640777751
"('power_rating', 'mv_usd', 'elo_rating', 'bmi', 'qol', 'mv_play_dom', 'num_play_dom', 'num_play_int', 'dom_perc')",0.640550059
"('power_rating', 'mv_usd', 'elo_rating', 'bmi', 'qol', 'mv_play_dom', 'num_play_dom', 'num_play_int', 'int_perc')",0.640550059
"('power_rating', 'mv_usd', 'elo_rating', 'bmi', 'qol', 'mv_play_dom', 'num_play_dom', 'num_play_int', 'dom_perc', 'int_perc')",0.640550059
"('mv_usd', 'bmi', 'life_exp', 'num_play_int', 'dom_int_mv_ratio')",0.640402764
"('mv_usd', 'life_exp', 'num_play_int', 'dom_int_mv_ratio')",0.640350563
"('power_rating', 'bmi', 'num_play_dom', 'mv_play_int', 'num_play_int', 'dom_int_mv_ratio', 'dom_perc')",0.640275768
"('power_rating', 'bmi', 'num_play_dom', 'mv_play_int', 'num_play_int', 'dom_int_mv_ratio', 'int_perc')",0.640275768
"('power_rating', 'bmi', 'num_play_dom', 'mv_play_int', 'num_play_int', 'dom_int_mv_ratio', 'dom_perc', 'int_perc')",0.640275768
"('power_rating', 'gdp_usd', 'elo_rating', 'bmi', 'qol', 'mv_play_dom', 'mv_play_int', 'num_play_int', 'dom_perc')",0.639778534
"('power_rating', 'gdp_usd', 'elo_rating', 'bmi', 'qol', 'mv_play_dom', 'mv_play_int', 'num_play_int', 'int_perc')",0.639778534
"('power_rating', 'gdp_usd', 'elo_rating', 'bmi', 'qol', 'mv_play_dom', 'mv_play_int', 'num_play_int', 'dom_perc', 'int_perc')",0.639778534
"('power_rating', 'gdp_usd', 'elo_rating', 'life_exp', 'mv_play_dom', 'num_play_dom', 'num_play_int', 'dom_perc')",0.639587956
"('power_rating', 'gdp_usd', 'elo_rating', 'life_exp', 'mv_play_dom', 'num_play_dom', 'num_play_int', 'int_perc')",0.639587956
"('power_rating', 'gdp_usd', 'elo_rating', 'life_exp', 'mv_play_dom', 'num_play_dom', 'num_play_int', 'dom_perc', 'int_perc')",0.639587956
"('power_rating', 'elo_rating', 'bmi', 'qol', 'mv_play_dom', 'mv_play_int', 'num_play_int', 'dom_perc')",0.639394498
"('power_rating', 'elo_rating', 'bmi', 'qol', 'mv_play_dom', 'mv_play_int', 'num_play_int', 'int_perc')",0.639394498
"('power_rating', 'elo_rating', 'bmi', 'qol', 'mv_play_dom', 'mv_play_int', 'num_play_int', 'dom_perc', 'int_perc')",0.639394498
"('power_rating', 'gdp_usd', 'bmi', 'qol', 'mv_play_dom', 'mv_play_int', 'num_play_int', 'dom_perc')",0.639107877
"('power_rating', 'gdp_usd', 'bmi', 'qol', 'mv_play_dom', 'mv_play_int', 'num_play_int', 'int_perc')",0.639107877
"('power_rating', 'gdp_usd', 'bmi', 'qol', 'mv_play_dom', 'mv_play_int', 'num_play_int', 'dom_perc', 'int_perc')",0.639107877
"('power_rating', 'gdp_usd', 'qol', 'num_play_dom', 'mv_play_int', 'num_play_int', 'dom_perc')",0.639051684
"('power_rating', 'gdp_usd', 'qol', 'num_play_dom', 'mv_play_int', 'num_play_int', 'int_perc')",0.639051684
"('power_rating', 'gdp_usd', 'qol', 'num_play_dom', 'mv_play_int', 'num_play_int', 'dom_perc', 'int_perc')",0.639051684
"('mv_usd', 'bmi', 'life_exp', 'num_play_dom', 'mv_play_int', 'num_play_int', 'dom_perc')",0.638832062
"('mv_usd', 'bmi', 'life_exp', 'num_play_dom', 'mv_play_int', 'num_play_int', 'int_perc')",0.638832062
"('mv_usd', 'bmi', 'life_exp', 'num_play_dom', 'mv_play_int', 'num_play_int', 'dom_perc', 'int_perc')",0.638832062
"('power_rating', 'bmi', 'qol', 'mv_play_dom', 'mv_play_int', 'num_play_int', 'dom_perc')",0.638677188
"('power_rating', 'bmi', 'qol', 'mv_play_dom', 'mv_play_int', 'num_play_int', 'int_perc')",0.638677188
"('power_rating', 'bmi', 'qol', 'mv_play_dom', 'mv_play_int', 'num_play_int', 'dom_perc', 'int_perc')",0.638677188
"('power_rating', 'gdp_usd', 'mv_usd', 'elo_rating', 'bmi', 'qol', 'num_play_dom', 'num_play_int', 'dom_perc')",0.638668837
"('power_rating', 'gdp_usd', 'mv_usd', 'elo_rating', 'bmi', 'qol', 'num_play_dom', 'num_play_int', 'int_perc')",0.638668837
"('power_rating', 'gdp_usd', 'mv_usd', 'elo_rating', 'bmi', 'qol', 'num_play_dom', 'num_play_int', 'dom_perc', 'int_perc')",0.638668837
"('mv_usd', 'life_exp', 'qol', 'num_play_dom', 'mv_play_int', 'num_play_int', 'dom_perc')",0.638628782
"('mv_usd', 'life_exp', 'qol', 'num_play_dom', 'mv_play_int', 'num_play_int', 'int_perc')",0.638628782
"('mv_usd', 'life_exp', 'qol', 'num_play_dom', 'mv_play_int', 'num_play_int', 'dom_perc', 'int_perc')",0.638628782
"('power_rating', 'gdp_usd', 'mv_usd', 'elo_rating', 'qol', 'mv_play_dom', 'mv_play_int', 'num_play_int', 'dom_int_mv_ratio', 'dom_perc')",0.638479774
"('power_rating', 'gdp_usd', 'mv_usd', 'elo_rating', 'qol', 'mv_play_dom', 'mv_play_int', 'num_play_int', 'dom_int_mv_ratio', 'int_perc')",0.638479774
"('power_rating', 'gdp_usd', 'mv_usd', 'elo_rating', 'qol', 'mv_play_dom', 'mv_play_int', 'num_play_int', 'dom_int_mv_ratio', 'dom_perc', 'int_perc')",0.638479774
"('power_rating', 'mv_usd', 'elo_rating', 'qol', 'mv_play_dom', 'mv_play_int', 'num_play_int', 'dom_int_mv_ratio', 'dom_perc')",0.638450224
"('power_rating', 'mv_usd', 'elo_rating', 'qol', 'mv_play_dom', 'mv_play_int', 'num_play_int', 'dom_int_mv_ratio', 'int_perc')",0.638450224
"('power_rating', 'mv_usd', 'elo_rating', 'qol', 'mv_play_dom', 'mv_play_int', 'num_play_int', 'dom_int_mv_ratio', 'dom_perc', 'int_perc')",0.638450224
"('power_rating', 'qol', 'num_play_dom', 'mv_play_int', 'num_play_int', 'int_perc')",0.638277192
"('power_rating', 'qol', 'num_play_dom', 'mv_play_int', 'num_play_int', 'dom_perc')",0.638277192
"('power_rating', 'qol', 'num_play_dom', 'mv_play_int', 'num_play_int', 'dom_perc', 'int_perc')",0.638277192
"('power_rating', 'gdp_usd', 'mv_usd', 'elo_rating', 'bmi', 'life_exp', 'qol', 'mv_play_dom', 'num_play_dom', 'mv_play_int', 'num_play_int', 'dom_int_mv_ratio')",0.6382481
"('power_rating', 'gdp_usd', 'elo_rating', 'bmi', 'life_exp', 'qol', 'mv_play_dom', 'num_play_dom', 'mv_play_int', 'num_play_int', 'dom_int_mv_ratio')",0.638188894
"('mv_usd', 'elo_rating', 'bmi', 'qol', 'dom_perc')",0.638103543
"('mv_usd', 'elo_rating', 'bmi', 'qol', 'int_perc')",0.638103543
"('mv_usd', 'elo_rating', 'bmi', 'qol', 'dom_perc', 'int_perc')",0.638103543
"('mv_usd', 'elo_rating', 'qol', 'dom_perc')",0.638072284
"('mv_usd', 'elo_rating', 'qol', 'int_perc')",0.638072284
"('mv_usd', 'elo_rating', 'qol', 'dom_perc', 'int_perc')",0.638072284
"('power_rating', 'gdp_usd', 'elo_rating', 'qol', 'mv_play_dom', 'mv_play_int', 'num_play_int', 'dom_int_mv_ratio', 'dom_perc')",0.637872691
"('power_rating', 'gdp_usd', 'elo_rating', 'qol', 'mv_play_dom', 'mv_play_int', 'num_play_int', 'dom_int_mv_ratio', 'dom_perc', 'int_perc')",0.637872691
"('power_rating', 'gdp_usd', 'elo_rating', 'qol', 'mv_play_dom', 'mv_play_int', 'num_play_int', 'dom_int_mv_ratio', 'int_perc')",0.637872691
"('mv_usd', 'elo_rating', 'bmi', 'dom_perc')",0.637674414
"('mv_usd', 'elo_rating', 'bmi', 'int_perc')",0.637674414
"('mv_usd', 'elo_rating', 'bmi', 'dom_perc', 'int_perc')",0.637674414
"('power_rating', 'elo_rating', 'qol', 'mv_play_dom', 'mv_play_int', 'num_play_int', 'dom_int_mv_ratio', 'dom_perc')",0.637619959
"('power_rating', 'elo_rating', 'qol', 'mv_play_dom', 'mv_play_int', 'num_play_int', 'dom_int_mv_ratio', 'int_perc')",0.637619959
"('power_rating', 'elo_rating', 'qol', 'mv_play_dom', 'mv_play_int', 'num_play_int', 'dom_int_mv_ratio', 'dom_perc', 'int_perc')",0.637619959
"('power_rating', 'gdp_usd', 'mv_usd', 'elo_rating', 'bmi', 'life_exp', 'mv_play_dom', 'num_play_dom', 'mv_play_int', 'num_play_int', 'dom_int_mv_ratio')",0.637615386
"('power_rating', 'gdp_usd', 'elo_rating', 'bmi', 'life_exp', 'mv_play_dom', 'num_play_dom', 'mv_play_int', 'num_play_int', 'dom_int_mv_ratio')",0.637613196
"('power_rating', 'gdp_usd', 'mv_usd', 'elo_rating', 'qol', 'mv_play_int', 'num_play_int', 'dom_int_mv_ratio', 'dom_perc')",0.637483274
"('power_rating', 'gdp_usd', 'mv_usd', 'elo_rating', 'qol', 'mv_play_int', 'num_play_int', 'dom_int_mv_ratio', 'int_perc')",0.637483274
"('power_rating', 'gdp_usd', 'mv_usd', 'elo_rating', 'qol', 'mv_play_int', 'num_play_int', 'dom_int_mv_ratio', 'dom_perc', 'int_perc')",0.637483274
"('power_rating', 'mv_usd', 'elo_rating', 'bmi', 'life_exp', 'qol', 'mv_play_dom', 'num_play_dom', 'mv_play_int', 'num_play_int', 'dom_int_mv_ratio')",0.637465356
"('power_rating', 'gdp_usd', 'elo_rating', 'qol', 'mv_play_int', 'num_play_int', 'dom_int_mv_ratio', 'dom_perc')",0.6374404
"('power_rating', 'gdp_usd', 'elo_rating', 'qol', 'mv_play_int', 'num_play_int', 'dom_int_mv_ratio', 'int_perc')",0.6374404
"('power_rating', 'gdp_usd', 'elo_rating', 'qol', 'mv_play_int', 'num_play_int', 'dom_int_mv_ratio', 'dom_perc', 'int_perc')",0.6374404
"('mv_usd', 'bmi', 'qol', 'num_play_int', 'dom_int_mv_ratio')",0.637359391
"('mv_usd', 'bmi', 'num_play_int', 'dom_int_mv_ratio')",0.637345885
"('power_rating', 'gdp_usd', 'elo_rating', 'bmi', 'life_exp', 'qol', 'num_play_dom', 'num_play_int', 'dom_perc')",0.637333649
"('power_rating', 'gdp_usd', 'elo_rating', 'bmi', 'life_exp', 'qol', 'num_play_dom', 'num_play_int', 'int_perc')",0.637333649
"('power_rating', 'gdp_usd', 'elo_rating', 'bmi', 'life_exp', 'qol', 'num_play_dom', 'num_play_int', 'dom_perc', 'int_perc')",0.637333649
"('power_rating', 'gdp_usd', 'mv_usd', 'elo_rating', 'bmi', 'life_exp', 'qol', 'num_play_dom', 'mv_play_int', 'num_play_int', 'dom_int_mv_ratio')",0.637316026
"('mv_usd', 'elo_rating', 'dom_perc')",0.637276551
"('mv_usd', 'elo_rating', 'int_perc')",0.637276551
"('mv_usd', 'elo_rating', 'dom_perc', 'int_perc')",0.637276551
"('power_rating', 'mv_usd', 'elo_rating', 'qol', 'mv_play_int', 'num_play_int', 'dom_int_mv_ratio', 'dom_perc')",0.637208392
"('power_rating', 'mv_usd', 'elo_rating', 'qol', 'mv_play_int', 'num_play_int', 'dom_int_mv_ratio', 'int_perc')",0.637208392
"('power_rating', 'mv_usd', 'elo_rating', 'qol', 'mv_play_int', 'num_play_int', 'dom_int_mv_ratio', 'dom_perc', 'int_perc')",0.637208392
"('power_rating', 'elo_rating', 'qol', 'mv_play_int', 'num_play_int', 'dom_int_mv_ratio', 'dom_perc')",0.637197864
"('power_rating', 'elo_rating', 'qol', 'mv_play_int', 'num_play_int', 'dom_int_mv_ratio', 'int_perc')",0.637197864
"('power_rating', 'elo_rating', 'qol', 'mv_play_int', 'num_play_int', 'dom_int_mv_ratio', 'dom_perc', 'int_perc')",0.637197864
"('power_rating', 'gdp_usd', 'mv_usd', 'elo_rating', 'bmi', 'life_exp', 'num_play_dom', 'mv_play_int', 'num_play_int', 'dom_int_mv_ratio')",0.637082114
"('power_rating', 'gdp_usd', 'mv_usd', 'elo_rating', 'life_exp', 'qol', 'mv_play_dom', 'num_play_dom', 'mv_play_int', 'num_play_int', 'dom_int_mv_ratio')",0.636850986
"('power_rating', 'elo_rating', 'bmi', 'life_exp', 'qol', 'mv_play_dom', 'num_play_dom', 'mv_play_int', 'num_play_int', 'dom_int_mv_ratio')",0.636837546
"('power_rating', 'gdp_usd', 'elo_rating', 'life_exp', 'qol', 'mv_play_dom', 'num_play_dom', 'mv_play_int', 'num_play_int', 'dom_int_mv_ratio')",0.636778382
"('elo_rating', 'bmi', 'life_exp', 'mv_play_dom', 'num_play_int')",0.636769657
"('power_rating', 'gdp_usd', 'elo_rating', 'bmi', 'qol', 'mv_play_int', 'num_play_int', 'dom_perc')",0.636764034
"('power_rating', 'gdp_usd', 'elo_rating', 'bmi', 'qol', 'mv_play_int', 'num_play_int', 'int_perc')",0.636764034
"('power_rating', 'gdp_usd', 'elo_rating', 'bmi', 'qol', 'mv_play_int', 'num_play_int', 'dom_perc', 'int_perc')",0.636764034
"('power_rating', 'elo_rating', 'bmi', 'life_exp', 'qol', 'num_play_dom', 'num_play_int', 'dom_perc')",0.636641351
"('power_rating', 'elo_rating', 'bmi', 'life_exp', 'qol', 'num_play_dom', 'num_play_int', 'int_perc')",0.636641351
"('power_rating', 'elo_rating', 'bmi', 'life_exp', 'qol', 'num_play_dom', 'num_play_int', 'dom_perc', 'int_perc')",0.636641351
"('mv_play_dom', 'num_play_dom', 'num_play_int', 'dom_int_mv_ratio')",0.636490837
"('power_rating', 'elo_rating', 'bmi', 'qol', 'mv_play_int', 'num_play_int', 'dom_perc')",0.636442526
"('power_rating', 'elo_rating', 'bmi', 'qol', 'mv_play_int', 'num_play_int', 'int_perc')",0.636442526
"('power_rating', 'elo_rating', 'bmi', 'qol', 'mv_play_int', 'num_play_int', 'dom_perc', 'int_perc')",0.636442526
"('power_rating', 'mv_usd', 'elo_rating', 'life_exp', 'qol', 'mv_play_dom', 'num_play_dom', 'mv_play_int', 'num_play_int', 'dom_int_mv_ratio')",0.636197888
"('mv_usd', 'qol', 'num_play_int', 'dom_int_mv_ratio')",0.636170367
"('power_rating', 'gdp_usd', 'mv_usd', 'elo_rating', 'bmi', 'mv_play_dom', 'mv_play_int', 'num_play_int', 'dom_int_mv_ratio', 'dom_perc')",0.636128774
"('power_rating', 'gdp_usd', 'mv_usd', 'elo_rating', 'bmi', 'mv_play_dom', 'mv_play_int', 'num_play_int', 'dom_int_mv_ratio', 'int_perc')",0.636128774
"('power_rating', 'gdp_usd', 'mv_usd', 'elo_rating', 'bmi', 'mv_play_dom', 'mv_play_int', 'num_play_int', 'dom_int_mv_ratio', 'dom_perc', 'int_perc')",0.636128774
"('power_rating', 'gdp_usd', 'mv_usd', 'elo_rating', 'bmi', 'mv_play_int', 'num_play_int', 'dom_int_mv_ratio', 'dom_perc')",0.636118055
"('power_rating', 'gdp_usd', 'mv_usd', 'elo_rating', 'bmi', 'mv_play_int', 'num_play_int', 'dom_int_mv_ratio', 'int_perc')",0.636118055
"('power_rating', 'gdp_usd', 'mv_usd', 'elo_rating', 'bmi', 'mv_play_int', 'num_play_int', 'dom_int_mv_ratio', 'dom_perc', 'int_perc')",0.636118055
"('mv_usd', 'bmi', 'life_exp', 'qol', 'num_play_dom', 'mv_play_int', 'dom_int_mv_ratio')",0.63609486
"('power_rating', 'gdp_usd', 'elo_rating', 'bmi', 'mv_play_dom', 'mv_play_int', 'num_play_int', 'dom_int_mv_ratio', 'dom_perc')",0.636093032
"('power_rating', 'gdp_usd', 'elo_rating', 'bmi', 'mv_play_dom', 'mv_play_int', 'num_play_int', 'dom_int_mv_ratio', 'int_perc')",0.636093032
"('power_rating', 'gdp_usd', 'elo_rating', 'bmi', 'mv_play_dom', 'mv_play_int', 'num_play_int', 'dom_int_mv_ratio', 'dom_perc', 'int_perc')",0.636093032
"('power_rating', 'gdp_usd', 'elo_rating', 'life_exp', 'qol', 'num_play_dom', 'num_play_int', 'dom_perc')",0.635981099
"('power_rating', 'gdp_usd', 'elo_rating', 'life_exp', 'qol', 'num_play_dom', 'num_play_int', 'int_perc')",0.635981099
"('power_rating', 'gdp_usd', 'elo_rating', 'life_exp', 'qol', 'num_play_dom', 'num_play_int', 'dom_perc', 'int_perc')",0.635981099
"('power_rating', 'elo_rating', 'life_exp', 'mv_play_dom', 'num_play_dom', 'num_play_int', 'dom_perc')",0.635955175
"('power_rating', 'elo_rating', 'life_exp', 'mv_play_dom', 'num_play_dom', 'num_play_int', 'int_perc')",0.635955175
"('power_rating', 'elo_rating', 'life_exp', 'mv_play_dom', 'num_play_dom', 'num_play_int', 'dom_perc', 'int_perc')",0.635955175
"('power_rating', 'gdp_usd', 'elo_rating', 'bmi', 'num_play_dom', 'mv_play_int', 'num_play_int', 'dom_perc')",0.635832773
"('power_rating', 'gdp_usd', 'elo_rating', 'bmi', 'num_play_dom', 'mv_play_int', 'num_play_int', 'int_perc')",0.635832773
"('power_rating', 'gdp_usd', 'elo_rating', 'bmi', 'num_play_dom', 'mv_play_int', 'num_play_int', 'dom_perc', 'int_perc')",0.635832773
"('power_rating', 'gdp_usd', 'elo_rating', 'bmi', 'mv_play_int', 'num_play_int', 'dom_int_mv_ratio', 'dom_perc')",0.635794432
"('power_rating', 'gdp_usd', 'elo_rating', 'bmi', 'mv_play_int', 'num_play_int', 'dom_int_mv_ratio', 'int_perc')",0.635794432
"('power_rating', 'gdp_usd', 'elo_rating', 'bmi', 'mv_play_int', 'num_play_int', 'dom_int_mv_ratio', 'dom_perc', 'int_perc')",0.635794432
"('elo_rating', 'life_exp', 'mv_play_dom', 'num_play_int')",0.635776321
"('power_rating', 'gdp_usd', 'mv_usd', 'bmi', 'life_exp', 'qol', 'mv_play_dom', 'num_play_dom', 'mv_play_int', 'num_play_int', 'dom_int_mv_ratio')",0.635772277
"('power_rating', 'gdp_usd', 'bmi', 'life_exp', 'qol', 'mv_play_dom', 'num_play_dom', 'mv_play_int', 'num_play_int', 'dom_int_mv_ratio')",0.635772232
"('mv_usd', 'bmi', 'qol', 'num_play_dom', 'mv_play_int', 'dom_int_mv_ratio')",0.63567106
"('power_rating', 'gdp_usd', 'mv_usd', 'bmi', 'life_exp', 'qol', 'num_play_dom', 'mv_play_int', 'num_play_int', 'dom_int_mv_ratio')",0.635654161
"('power_rating', 'gdp_usd', 'mv_usd', 'elo_rating', 'life_exp', 'qol', 'num_play_dom', 'mv_play_int', 'num_play_int', 'dom_int_mv_ratio')",0.635609983
"('power_rating', 'elo_rating', 'life_exp', 'qol', 'mv_play_dom', 'num_play_dom', 'mv_play_int', 'num_play_int', 'dom_int_mv_ratio')",0.635592734
"('mv_usd', 'num_play_int', 'dom_int_mv_ratio')",0.635591216
"('power_rating', 'gdp_usd', 'mv_usd', 'bmi', 'life_exp', 'mv_play_dom', 'num_play_dom', 'mv_play_int', 'num_play_int', 'dom_int_mv_ratio')",0.635487945
"('power_rating', 'gdp_usd', 'mv_usd', 'bmi', 'life_exp', 'num_play_dom', 'mv_play_int', 'num_play_int', 'dom_int_mv_ratio')",0.635454107
"('power_rating', 'gdp_usd', 'bmi', 'life_exp', 'mv_play_dom', 'num_play_dom', 'mv_play_int', 'num_play_int', 'dom_int_mv_ratio')",0.635447253
"('power_rating', 'elo_rating', 'life_exp', 'qol', 'num_play_dom', 'num_play_int', 'dom_perc')",0.635408074
"('power_rating', 'elo_rating', 'life_exp', 'qol', 'num_play_dom', 'num_play_int', 'int_perc')",0.635408074
"('power_rating', 'elo_rating', 'life_exp', 'qol', 'num_play_dom', 'num_play_int', 'dom_perc', 'int_perc')",0.635408074
"('power_rating', 'gdp_usd', 'elo_rating', 'bmi', 'life_exp', 'qol', 'num_play_dom', 'mv_play_int', 'num_play_int', 'dom_int_mv_ratio')",0.635322994
"('power_rating', 'mv_usd', 'elo_rating', 'bmi', 'qol', 'num_play_dom', 'num_play_int', 'dom_perc')",0.635258114
"('power_rating', 'mv_usd', 'elo_rating', 'bmi', 'qol', 'num_play_dom', 'num_play_int', 'int_perc')",0.635258114
"('power_rating', 'mv_usd', 'elo_rating', 'bmi', 'qol', 'num_play_dom', 'num_play_int', 'dom_perc', 'int_perc')",0.635258114
"('power_rating', 'mv_usd', 'elo_rating', 'bmi', 'life_exp', 'mv_play_dom', 'num_play_dom', 'mv_play_int', 'num_play_int', 'dom_int_mv_ratio')",0.63518876
"('power_rating', 'gdp_usd', 'mv_usd', 'elo_rating', 'life_exp', 'mv_play_dom', 'num_play_dom', 'mv_play_int', 'num_play_int', 'dom_int_mv_ratio')",0.635147441
"('power_rating', 'mv_usd', 'elo_rating', 'bmi', 'life_exp', 'qol', 'num_play_dom', 'mv_play_int', 'num_play_int', 'dom_int_mv_ratio')",0.63514696
"('power_rating', 'gdp_usd', 'elo_rating', 'life_exp', 'mv_play_dom', 'num_play_dom', 'mv_play_int', 'num_play_int', 'dom_int_mv_ratio')",0.635088921
"('power_rating', 'gdp_usd', 'mv_usd', 'elo_rating', 'bmi', 'life_exp', 'qol', 'mv_play_dom', 'num_play_dom', 'mv_play_int', 'num_play_int')",0.634995352
"('power_rating', 'elo_rating', 'bmi', 'num_play_dom', 'mv_play_int', 'num_play_int', 'dom_perc')",0.634927714
"('power_rating', 'elo_rating', 'bmi', 'num_play_dom', 'mv_play_int', 'num_play_int', 'int_perc')",0.634927714
"('power_rating', 'elo_rating', 'bmi', 'num_play_dom', 'mv_play_int', 'num_play_int', 'dom_perc', 'int_perc')",0.634927714
"('power_rating', 'gdp_usd', 'elo_rating', 'bmi', 'life_exp', 'num_play_dom', 'mv_play_int', 'num_play_int', 'dom_int_mv_ratio')",0.634927142
"('power_rating', 'gdp_usd', 'bmi', 'life_exp', 'qol', 'num_play_dom', 'mv_play_int', 'num_play_int', 'dom_int_mv_ratio')",0.634918456
"('power_rating', 'elo_rating', 'bmi', 'life_exp', 'mv_play_dom', 'num_play_dom', 'mv_play_int', 'num_play_int', 'dom_int_mv_ratio')",0.634819059
"('power_rating', 'mv_usd', 'elo_rating', 'bmi', 'life_exp', 'qol', 'mv_play_dom', 'num_play_dom', 'mv_play_int', 'num_play_int')",0.634686409
"('power_rating', 'gdp_usd', 'mv_usd', 'elo_rating', 'life_exp', 'num_play_dom', 'mv_play_int', 'num_play_int', 'dom_int_mv_ratio')",0.634635915
"('power_rating', 'gdp_usd', 'bmi', 'life_exp', 'num_play_dom', 'mv_play_int', 'num_play_int', 'dom_int_mv_ratio')",0.634593524
"('power_rating', 'mv_usd', 'bmi', 'life_exp', 'qol', 'mv_play_dom', 'num_play_dom', 'mv_play_int', 'num_play_int', 'dom_int_mv_ratio')",0.634475214
"('power_rating', 'gdp_usd', 'mv_usd', 'bmi', 'mv_play_dom', 'mv_play_int', 'num_play_int', 'dom_int_mv_ratio', 'dom_perc')",0.634409611
"('power_rating', 'gdp_usd', 'mv_usd', 'bmi', 'mv_play_dom', 'mv_play_int', 'num_play_int', 'dom_int_mv_ratio', 'int_perc')",0.634409611
"('power_rating', 'gdp_usd', 'mv_usd', 'bmi', 'mv_play_dom', 'mv_play_int', 'num_play_int', 'dom_int_mv_ratio', 'dom_perc', 'int_perc')",0.634409611
"('power_rating', 'gdp_usd', 'bmi', 'mv_play_dom', 'mv_play_int', 'num_play_int', 'dom_int_mv_ratio', 'dom_perc')",0.63440389
"('power_rating', 'gdp_usd', 'bmi', 'mv_play_dom', 'mv_play_int', 'num_play_int', 'dom_int_mv_ratio', 'int_perc')",0.63440389
"('power_rating', 'gdp_usd', 'bmi', 'mv_play_dom', 'mv_play_int', 'num_play_int', 'dom_int_mv_ratio', 'dom_perc', 'int_perc')",0.63440389
"('power_rating', 'gdp_usd', 'elo_rating', 'bmi', 'life_exp', 'num_play_dom', 'num_play_int', 'dom_perc')",0.634349452
"('power_rating', 'gdp_usd', 'elo_rating', 'bmi', 'life_exp', 'num_play_dom', 'num_play_int', 'int_perc')",0.634349452
"('power_rating', 'gdp_usd', 'elo_rating', 'bmi', 'life_exp', 'num_play_dom', 'num_play_int', 'dom_perc', 'int_perc')",0.634349452
"('power_rating', 'mv_usd', 'elo_rating', 'qol', 'mv_play_dom', 'num_play_dom', 'num_play_int', 'dom_perc')",0.634319859
"('power_rating', 'mv_usd', 'elo_rating', 'qol', 'mv_play_dom', 'num_play_dom', 'num_play_int', 'int_perc')",0.634319859
"('power_rating', 'mv_usd', 'elo_rating', 'qol', 'mv_play_dom', 'num_play_dom', 'num_play_int', 'dom_perc', 'int_perc')",0.634319859
"('power_rating', 'gdp_usd', 'mv_usd', 'bmi', 'life_exp', 'qol', 'mv_play_dom', 'num_play_dom', 'num_play_int', 'dom_int_mv_ratio', 'dom_perc')",0.634268948
"('power_rating', 'gdp_usd', 'mv_usd', 'bmi', 'life_exp', 'qol', 'mv_play_dom', 'num_play_dom', 'num_play_int', 'dom_int_mv_ratio', 'int_perc')",0.634268948
"('power_rating', 'gdp_usd', 'mv_usd', 'bmi', 'life_exp', 'qol', 'mv_play_dom', 'num_play_dom', 'num_play_int', 'dom_int_mv_ratio', 'dom_perc', 'int_perc')",0.634268948
"('mv_usd', 'life_exp', 'num_play_dom', 'mv_play_int', 'num_play_int', 'dom_perc')",0.634264851
"('mv_usd', 'life_exp', 'num_play_dom', 'mv_play_int', 'num_play_int', 'int_perc')",0.634264851
"('mv_usd', 'life_exp', 'num_play_dom', 'mv_play_int', 'num_play_int', 'dom_perc', 'int_perc')",0.634264851
"('power_rating', 'gdp_usd', 'mv_usd', 'elo_rating', 'bmi', 'life_exp', 'mv_play_dom', 'num_play_dom', 'mv_play_int', 'num_play_int')",0.634249162
"('mv_usd', 'bmi', 'life_exp', 'qol', 'num_play_dom', 'mv_play_int', 'dom_perc')",0.634122332
"('mv_usd', 'bmi', 'life_exp', 'qol', 'num_play_dom', 'mv_play_int', 'dom_perc', 'int_perc')",0.634122332
"('mv_usd', 'bmi', 'life_exp', 'qol', 'num_play_dom', 'mv_play_int', 'int_perc')",0.634122332
"('power_rating', 'mv_usd', 'bmi', 'life_exp', 'qol', 'mv_play_dom', 'num_play_dom', 'num_play_int', 'dom_int_mv_ratio', 'dom_perc')",0.634101348
"('power_rating', 'mv_usd', 'bmi', 'life_exp', 'qol', 'mv_play_dom', 'num_play_dom', 'num_play_int', 'dom_int_mv_ratio', 'int_perc')",0.634101348
"('power_rating', 'mv_usd', 'bmi', 'life_exp', 'qol', 'mv_play_dom', 'num_play_dom', 'num_play_int', 'dom_int_mv_ratio', 'dom_perc', 'int_perc')",0.634101348
"('power_rating', 'bmi', 'life_exp', 'qol', 'mv_play_dom', 'num_play_dom', 'mv_play_int', 'num_play_int', 'dom_int_mv_ratio')",0.634079548
"('power_rating', 'gdp_usd', 'mv_usd', 'bmi', 'mv_play_int', 'num_play_int', 'dom_int_mv_ratio', 'dom_perc')",0.633999038
"('power_rating', 'gdp_usd', 'mv_usd', 'bmi', 'mv_play_int', 'num_play_int', 'dom_int_mv_ratio', 'int_perc')",0.633999038
"('power_rating', 'gdp_usd', 'mv_usd', 'bmi', 'mv_play_int', 'num_play_int', 'dom_int_mv_ratio', 'dom_perc', 'int_perc')",0.633999038
"('power_rating', 'elo_rating', 'bmi', 'life_exp', 'qol', 'num_play_dom', 'mv_play_int', 'num_play_int', 'dom_int_mv_ratio')",0.633985281
"('power_rating', 'gdp_usd', 'elo_rating', 'bmi', 'life_exp', 'qol', 'mv_play_dom', 'num_play_dom', 'mv_play_int', 'num_play_int')",0.633799545
"('power_rating', 'mv_usd', 'bmi', 'life_exp', 'qol', 'num_play_dom', 'mv_play_int', 'num_play_int', 'dom_int_mv_ratio')",0.633631797
"('power_rating', 'mv_usd', 'elo_rating', 'bmi', 'mv_play_dom', 'mv_play_int', 'num_play_int', 'dom_int_mv_ratio', 'dom_perc')",0.633620712
"('power_rating', 'mv_usd', 'elo_rating', 'bmi', 'mv_play_dom', 'mv_play_int', 'num_play_int', 'dom_int_mv_ratio', 'int_perc')",0.633620712
"('power_rating', 'mv_usd', 'elo_rating', 'bmi', 'mv_play_dom', 'mv_play_int', 'num_play_int', 'dom_int_mv_ratio', 'dom_perc', 'int_perc')",0.633620712
"('power_rating', 'gdp_usd', 'elo_rating', 'bmi', 'life_exp', 'mv_play_dom', 'num_play_dom', 'mv_play_int', 'num_play_int')",0.63356455
"('power_rating', 'mv_usd', 'elo_rating', 'life_exp', 'qol', 'num_play_dom', 'mv_play_int', 'num_play_int', 'dom_int_mv_ratio')",0.633496532
"('power_rating', 'mv_usd', 'elo_rating', 'bmi', 'life_exp', 'num_play_dom', 'mv_play_int', 'num_play_int', 'dom_int_mv_ratio')",0.633477537
"('power_rating', 'mv_usd', 'elo_rating', 'bmi', 'mv_play_int', 'num_play_int', 'dom_int_mv_ratio', 'dom_perc')",0.633470017
"('power_rating', 'mv_usd', 'elo_rating', 'bmi', 'mv_play_int', 'num_play_int', 'dom_int_mv_ratio', 'int_perc')",0.633470017
"('power_rating', 'mv_usd', 'elo_rating', 'bmi', 'mv_play_int', 'num_play_int', 'dom_int_mv_ratio', 'dom_perc', 'int_perc')",0.633470017
"('power_rating', 'gdp_usd', 'mv_usd', 'qol', 'mv_play_dom', 'mv_play_int', 'num_play_int', 'dom_int_mv_ratio', 'dom_perc')",0.633444798
"('power_rating', 'gdp_usd', 'mv_usd', 'qol', 'mv_play_dom', 'mv_play_int', 'num_play_int', 'dom_int_mv_ratio', 'int_perc')",0.633444798
"('power_rating', 'gdp_usd', 'mv_usd', 'qol', 'mv_play_dom', 'mv_play_int', 'num_play_int', 'dom_int_mv_ratio', 'dom_perc', 'int_perc')",0.633444798
"('power_rating', 'gdp_usd', 'mv_usd', 'qol', 'mv_play_int', 'num_play_int', 'dom_int_mv_ratio', 'dom_perc')",0.633398489
"('power_rating', 'gdp_usd', 'mv_usd', 'qol', 'mv_play_int', 'num_play_int', 'dom_int_mv_ratio', 'int_perc')",0.633398489
"('power_rating', 'gdp_usd', 'mv_usd', 'qol', 'mv_play_int', 'num_play_int', 'dom_int_mv_ratio', 'dom_perc', 'int_perc')",0.633398489
"('power_rating', 'bmi', 'life_exp', 'qol', 'num_play_dom', 'mv_play_int', 'num_play_int', 'dom_int_mv_ratio')",0.63338983
"('power_rating', 'gdp_usd', 'mv_usd', 'life_exp', 'qol', 'mv_play_dom', 'num_play_dom', 'mv_play_int', 'num_play_int', 'dom_int_mv_ratio')",0.633378184
"('power_rating', 'gdp_usd', 'life_exp', 'qol', 'mv_play_dom', 'num_play_dom', 'mv_play_int', 'num_play_int', 'dom_int_mv_ratio')",0.633377568
"('power_rating', 'mv_usd', 'qol', 'mv_play_dom', 'mv_play_int', 'num_play_int', 'dom_int_mv_ratio', 'dom_perc')",0.633368095
"('power_rating', 'mv_usd', 'qol', 'mv_play_dom', 'mv_play_int', 'num_play_int', 'dom_int_mv_ratio', 'int_perc')",0.633368095
"('power_rating', 'mv_usd', 'qol', 'mv_play_dom', 'mv_play_int', 'num_play_int', 'dom_int_mv_ratio', 'dom_perc', 'int_perc')",0.633368095
"('power_rating', 'gdp_usd', 'mv_usd', 'bmi', 'life_exp', 'qol', 'mv_play_dom', 'num_play_dom', 'mv_play_int', 'num_play_int')",0.633347554
"('power_rating', 'gdp_usd', 'mv_usd', 'elo_rating', 'bmi', 'life_exp', 'qol', 'num_play_dom', 'mv_play_int', 'num_play_int')",0.633316982
"('power_rating', 'mv_usd', 'qol', 'mv_play_int', 'num_play_int', 'dom_int_mv_ratio', 'dom_perc')",0.633262653
"('power_rating', 'mv_usd', 'qol', 'mv_play_int', 'num_play_int', 'dom_int_mv_ratio', 'int_perc')",0.633262653
"('power_rating', 'mv_usd', 'qol', 'mv_play_int', 'num_play_int', 'dom_int_mv_ratio', 'dom_perc', 'int_perc')",0.633262653
"('power_rating', 'gdp_usd', 'elo_rating', 'bmi', 'life_exp', 'qol', 'num_play_dom', 'mv_play_int', 'num_play_int')",0.633249377
"('power_rating', 'gdp_usd', 'mv_usd', 'life_exp', 'qol', 'num_play_dom', 'mv_play_int', 'num_play_int', 'dom_int_mv_ratio')",0.633218786
"('power_rating', 'gdp_usd', 'mv_usd', 'elo_rating', 'bmi', 'life_exp', 'num_play_dom', 'mv_play_int', 'num_play_int')",0.633130092
"('power_rating', 'gdp_usd', 'qol', 'mv_play_dom', 'mv_play_int', 'num_play_int', 'dom_int_mv_ratio', 'dom_perc')",0.633099185
"('power_rating', 'gdp_usd', 'qol', 'mv_play_dom', 'mv_play_int', 'num_play_int', 'dom_int_mv_ratio', 'int_perc')",0.633099185
"('power_rating', 'gdp_usd', 'qol', 'mv_play_dom', 'mv_play_int', 'num_play_int', 'dom_int_mv_ratio', 'dom_perc', 'int_perc')",0.633099185
"('power_rating', 'gdp_usd', 'elo_rating', 'bmi', 'life_exp', 'num_play_dom', 'mv_play_int', 'num_play_int')",0.633023492
"('power_rating', 'elo_rating', 'bmi', 'mv_play_dom', 'mv_play_int', 'num_play_int', 'dom_int_mv_ratio', 'dom_perc')",0.632963586
"('power_rating', 'elo_rating', 'bmi', 'mv_play_dom', 'mv_play_int', 'num_play_int', 'dom_int_mv_ratio', 'int_perc')",0.632963586
"('power_rating', 'elo_rating', 'bmi', 'mv_play_dom', 'mv_play_int', 'num_play_int', 'dom_int_mv_ratio', 'dom_perc', 'int_perc')",0.632963586
"('power_rating', 'gdp_usd', 'mv_usd', 'bmi', 'life_exp', 'qol', 'num_play_dom', 'num_play_int', 'dom_int_mv_ratio', 'dom_perc')",0.632936709
"('power_rating', 'gdp_usd', 'mv_usd', 'bmi', 'life_exp', 'qol', 'num_play_dom', 'num_play_int', 'dom_int_mv_ratio', 'int_perc')",0.632936709
"('power_rating', 'gdp_usd', 'mv_usd', 'bmi', 'life_exp', 'qol', 'num_play_dom', 'num_play_int', 'dom_int_mv_ratio', 'dom_perc', 'int_perc')",0.632936709
"('power_rating', 'gdp_usd', 'mv_usd', 'bmi', 'life_exp', 'mv_play_dom', 'num_play_dom', 'mv_play_int', 'num_play_int')",0.632935132
"('power_rating', 'mv_usd', 'bmi', 'life_exp', 'qol', 'num_play_dom', 'num_play_int', 'dom_int_mv_ratio', 'dom_perc')",0.632932491
"('power_rating', 'mv_usd', 'bmi', 'life_exp', 'qol', 'num_play_dom', 'num_play_int', 'dom_int_mv_ratio', 'int_perc')",0.632932491
"('power_rating', 'mv_usd', 'bmi', 'life_exp', 'qol', 'num_play_dom', 'num_play_int', 'dom_int_mv_ratio', 'dom_perc', 'int_perc')",0.632932491
"('power_rating', 'gdp_usd', 'mv_usd', 'elo_rating', 'life_exp', 'qol', 'mv_play_dom', 'num_play_dom', 'mv_play_int', 'num_play_int')",0.632826488
"('power_rating', 'qol', 'mv_play_dom', 'mv_play_int', 'num_play_int', 'dom_int_mv_ratio', 'dom_perc')",0.6328115
"('power_rating', 'qol', 'mv_play_dom', 'mv_play_int', 'num_play_int', 'dom_int_mv_ratio', 'int_perc')",0.6328115
"('power_rating', 'qol', 'mv_play_dom', 'mv_play_int', 'num_play_int', 'dom_int_mv_ratio', 'dom_perc', 'int_perc')",0.6328115
"('power_rating', 'mv_usd', 'elo_rating', 'bmi', 'life_exp', 'mv_play_dom', 'num_play_dom', 'mv_play_int', 'num_play_int')",0.632768212
"('power_rating', 'gdp_usd', 'elo_rating', 'life_exp', 'qol', 'num_play_dom', 'mv_play_int', 'num_play_int', 'dom_int_mv_ratio')",0.632732461
"('power_rating', 'gdp_usd', 'bmi', 'life_exp', 'qol', 'mv_play_dom', 'num_play_dom', 'mv_play_int', 'num_play_int')",0.632722951
"('power_rating', 'gdp_usd', 'mv_usd', 'bmi', 'life_exp', 'qol', 'num_play_dom', 'mv_play_int', 'num_play_int')",0.632713678
"('power_rating', 'mv_usd', 'bmi', 'life_exp', 'mv_play_dom', 'num_play_dom', 'mv_play_int', 'num_play_int', 'dom_int_mv_ratio')",0.63270346
"('power_rating', 'gdp_usd', 'bmi', 'life_exp', 'qol', 'num_play_dom', 'mv_play_int', 'num_play_int')",0.632697271
"('power_rating', 'mv_usd', 'bmi', 'life_exp', 'qol', 'mv_play_dom', 'num_play_dom', 'mv_play_int', 'num_play_int')",0.63268082
"('power_rating', 'mv_usd', 'elo_rating', 'life_exp', 'qol', 'mv_play_dom', 'num_play_dom', 'mv_play_int', 'num_play_int')",0.632655092
"('power_rating', 'elo_rating', 'bmi', 'mv_play_int', 'num_play_int', 'dom_int_mv_ratio', 'dom_perc')",0.632607129
"('power_rating', 'elo_rating', 'bmi', 'mv_play_int', 'num_play_int', 'dom_int_mv_ratio', 'int_perc')",0.632607129
"('power_rating', 'elo_rating', 'bmi', 'mv_play_int', 'num_play_int', 'dom_int_mv_ratio', 'dom_perc', 'int_perc')",0.632607129
"('power_rating', 'gdp_usd', 'bmi', 'life_exp', 'mv_play_dom', 'num_play_dom', 'mv_play_int', 'num_play_int')",0.632571047
"('power_rating', 'gdp_usd', 'bmi', 'life_exp', 'qol', 'mv_play_dom', 'num_play_dom', 'num_play_int', 'dom_int_mv_ratio', 'dom_perc')",0.632567951
"('power_rating', 'gdp_usd', 'bmi', 'life_exp', 'qol', 'mv_play_dom', 'num_play_dom', 'num_play_int', 'dom_int_mv_ratio', 'int_perc')",0.632567951
"('power_rating', 'gdp_usd', 'bmi', 'life_exp', 'qol', 'mv_play_dom', 'num_play_dom', 'num_play_int', 'dom_int_mv_ratio', 'dom_perc', 'int_perc')",0.632567951
"('power_rating', 'gdp_usd', 'mv_usd', 'bmi', 'life_exp', 'num_play_dom', 'mv_play_int', 'num_play_int')",0.632541328
"('power_rating', 'gdp_usd', 'bmi', 'life_exp', 'num_play_dom', 'mv_play_int', 'num_play_int')",0.632538306
"('power_rating', 'gdp_usd', 'qol', 'mv_play_int', 'num_play_int', 'dom_int_mv_ratio', 'dom_perc')",0.632493198
"('power_rating', 'gdp_usd', 'qol', 'mv_play_int', 'num_play_int', 'dom_int_mv_ratio', 'int_perc')",0.632493198
"('power_rating', 'gdp_usd', 'qol', 'mv_play_int', 'num_play_int', 'dom_int_mv_ratio', 'dom_perc', 'int_perc')",0.632493198
"('power_rating', 'bmi', 'life_exp', 'mv_play_dom', 'num_play_dom', 'mv_play_int', 'num_play_int', 'dom_int_mv_ratio')",0.632475409
"('mv_usd', 'life_exp', 'qol', 'num_play_dom', 'mv_play_int', 'dom_perc')",0.632466309
"('mv_usd', 'life_exp', 'qol', 'num_play_dom', 'mv_play_int', 'int_perc')",0.632466309
"('mv_usd', 'life_exp', 'qol', 'num_play_dom', 'mv_play_int', 'dom_perc', 'int_perc')",0.632466309
"('power_rating', 'elo_rating', 'bmi', 'life_exp', 'num_play_dom', 'mv_play_int', 'num_play_int', 'dom_int_mv_ratio')",0.632355786
"('power_rating', 'elo_rating', 'bmi', 'life_exp', 'qol', 'mv_play_dom', 'num_play_dom', 'mv_play_int', 'num_play_int')",0.632317468
"('power_rating', 'mv_usd', 'life_exp', 'qol', 'mv_play_dom', 'num_play_dom', 'mv_play_int', 'num_play_int', 'dom_int_mv_ratio')",0.632201184
"('power_rating', 'qol', 'mv_play_int', 'num_play_int', 'dom_int_mv_ratio', 'dom_perc')",0.632179103
"('power_rating', 'qol', 'mv_play_int', 'num_play_int', 'dom_int_mv_ratio', 'int_perc')",0.632179103
"('power_rating', 'qol', 'mv_play_int', 'num_play_int', 'dom_int_mv_ratio', 'dom_perc', 'int_perc')",0.632179103
"('power_rating', 'gdp_usd', 'mv_usd', 'life_exp', 'mv_play_dom', 'num_play_dom', 'mv_play_int', 'num_play_int', 'dom_int_mv_ratio')",0.632135827
"('power_rating', 'gdp_usd', 'mv_usd', 'life_exp', 'num_play_dom', 'mv_play_int', 'num_play_int', 'dom_int_mv_ratio')",0.63213423
"('power_rating', 'mv_usd', 'bmi', 'life_exp', 'num_play_dom', 'mv_play_int', 'num_play_int', 'dom_int_mv_ratio')",0.632120486
"('power_rating', 'gdp_usd', 'life_exp', 'qol', 'num_play_dom', 'mv_play_int', 'num_play_int', 'dom_int_mv_ratio')",0.632116283
"('power_rating', 'gdp_usd', 'life_exp', 'mv_play_dom', 'num_play_dom', 'mv_play_int', 'num_play_int', 'dom_int_mv_ratio')",0.631916949
"('elo_rating', 'bmi', 'mv_play_dom', 'num_play_int')",0.631916308
"('elo_rating', 'mv_play_dom', 'num_play_int')",0.631878045
"('power_rating', 'life_exp', 'qol', 'mv_play_dom', 'num_play_dom', 'mv_play_int', 'num_play_int', 'dom_int_mv_ratio')",0.631865657
"('power_rating', 'bmi', 'life_exp', 'num_play_dom', 'mv_play_int', 'num_play_int', 'dom_int_mv_ratio')",0.631858427
"('power_rating', 'mv_usd', 'elo_rating', 'bmi', 'life_exp', 'qol', 'num_play_dom', 'mv_play_int', 'num_play_int')",0.631801228
"('power_rating', 'elo_rating', 'bmi', 'life_exp', 'qol', 'num_play_dom', 'mv_play_int', 'num_play_int')",0.631801104
"('power_rating', 'mv_usd', 'elo_rating', 'life_exp', 'mv_play_dom', 'num_play_dom', 'mv_play_int', 'num_play_int', 'dom_int_mv_ratio')",0.631783917
"('power_rating', 'gdp_usd', 'bmi', 'qol', 'mv_play_int', 'num_play_int', 'dom_perc')",0.631742977
"('power_rating', 'gdp_usd', 'bmi', 'qol', 'mv_play_int', 'num_play_int', 'int_perc')",0.631742977
"('power_rating', 'gdp_usd', 'bmi', 'qol', 'mv_play_int', 'num_play_int', 'dom_perc', 'int_perc')",0.631742977
"('power_rating', 'mv_usd', 'bmi', 'mv_play_dom', 'mv_play_int', 'num_play_int', 'dom_int_mv_ratio', 'dom_perc')",0.631695591
"('power_rating', 'mv_usd', 'bmi', 'mv_play_dom', 'mv_play_int', 'num_play_int', 'dom_int_mv_ratio', 'int_perc')",0.631695591
"('power_rating', 'mv_usd', 'bmi', 'mv_play_dom', 'mv_play_int', 'num_play_int', 'dom_int_mv_ratio', 'dom_perc', 'int_perc')",0.631695591
"('power_rating', 'mv_usd', 'bmi', 'mv_play_int', 'num_play_int', 'dom_int_mv_ratio', 'dom_perc')",0.631674012
"('power_rating', 'mv_usd', 'bmi', 'mv_play_int', 'num_play_int', 'dom_int_mv_ratio', 'int_perc')",0.631674012
"('power_rating', 'mv_usd', 'bmi', 'mv_play_int', 'num_play_int', 'dom_int_mv_ratio', 'dom_perc', 'int_perc')",0.631674012
"('power_rating', 'elo_rating', 'life_exp', 'qol', 'num_play_dom', 'mv_play_int', 'num_play_int', 'dom_int_mv_ratio')",0.631625409
"('power_rating', 'elo_rating', 'life_exp', 'mv_play_dom', 'num_play_dom', 'mv_play_int', 'num_play_int', 'dom_int_mv_ratio')",0.631547305
"('power_rating', 'gdp_usd', 'bmi', 'mv_play_int', 'num_play_int', 'dom_int_mv_ratio', 'dom_perc')",0.631539305
"('power_rating', 'gdp_usd', 'bmi', 'mv_play_int', 'num_play_int', 'dom_int_mv_ratio', 'int_perc')",0.631539305
"('power_rating', 'gdp_usd', 'bmi', 'mv_play_int', 'num_play_int', 'dom_int_mv_ratio', 'dom_perc', 'int_perc')",0.631539305
"('mv_play_dom', 'mv_play_int', 'num_play_int', 'dom_perc')",0.63147765
"('mv_play_dom', 'mv_play_int', 'num_play_int', 'int_perc')",0.63147765
"('mv_play_dom', 'mv_play_int', 'num_play_int', 'dom_perc', 'int_perc')",0.63147765
"('power_rating', 'gdp_usd', 'mv_usd', 'elo_rating', 'qol', 'num_play_dom', 'num_play_int', 'dom_perc')",0.631445658
"('power_rating', 'gdp_usd', 'mv_usd', 'elo_rating', 'qol', 'num_play_dom', 'num_play_int', 'int_perc')",0.631445658
"('power_rating', 'gdp_usd', 'mv_usd', 'elo_rating', 'qol', 'num_play_dom', 'num_play_int', 'dom_perc', 'int_perc')",0.631445658
"('power_rating', 'bmi', 'qol', 'mv_play_int', 'num_play_int', 'dom_perc')",0.631334129
"('power_rating', 'bmi', 'qol', 'mv_play_int', 'num_play_int', 'int_perc')",0.631334129
"('power_rating', 'bmi', 'qol', 'mv_play_int', 'num_play_int', 'dom_perc', 'int_perc')",0.631334129
"('power_rating', 'mv_usd', 'life_exp', 'qol', 'num_play_dom', 'mv_play_int', 'num_play_int', 'dom_int_mv_ratio')",0.6312928
"('power_rating', 'gdp_usd', 'elo_rating', 'life_exp', 'qol', 'mv_play_dom', 'num_play_dom', 'mv_play_int', 'num_play_int')",0.631291913
"('power_rating', 'gdp_usd', 'mv_usd', 'elo_rating', 'qol', 'mv_play_dom', 'mv_play_int', 'num_play_int', 'dom_perc')",0.631250697
"('power_rating', 'gdp_usd', 'mv_usd', 'elo_rating', 'qol', 'mv_play_dom', 'mv_play_int', 'num_play_int', 'int_perc')",0.631250697
"('power_rating', 'gdp_usd', 'mv_usd', 'elo_rating', 'qol', 'mv_play_dom', 'mv_play_int', 'num_play_int', 'dom_perc', 'int_perc')",0.631250697
"('power_rating', 'mv_usd', 'bmi', 'life_exp', 'qol', 'num_play_dom', 'mv_play_int', 'num_play_int')",0.63121019
"('power_rating', 'bmi', 'mv_play_dom', 'mv_play_int', 'num_play_int', 'dom_int_mv_ratio', 'dom_perc')",0.631193228
"('power_rating', 'bmi', 'mv_play_dom', 'mv_play_int', 'num_play_int', 'dom_int_mv_ratio', 'int_perc')",0.631193228
"('power_rating', 'bmi', 'mv_play_dom', 'mv_play_int', 'num_play_int', 'dom_int_mv_ratio', 'dom_perc', 'int_perc')",0.631193228
"('power_rating', 'bmi', 'life_exp', 'qol', 'mv_play_dom', 'num_play_dom', 'num_play_int', 'dom_int_mv_ratio', 'dom_perc')",0.631128666
"('power_rating', 'bmi', 'life_exp', 'qol', 'mv_play_dom', 'num_play_dom', 'num_play_int', 'dom_int_mv_ratio', 'int_perc')",0.631128666
"('power_rating', 'bmi', 'life_exp', 'qol', 'mv_play_dom', 'num_play_dom', 'num_play_int', 'dom_int_mv_ratio', 'dom_perc', 'int_perc')",0.631128666
"('power_rating', 'mv_usd', 'bmi', 'life_exp', 'mv_play_dom', 'num_play_dom', 'mv_play_int', 'num_play_int')",0.631098737
"('power_rating', 'elo_rating', 'bmi', 'life_exp', 'num_play_dom', 'num_play_int', 'dom_perc')",0.631086555
"('power_rating', 'elo_rating', 'bmi', 'life_exp', 'num_play_dom', 'num_play_int', 'int_perc')",0.631086555
"('power_rating', 'elo_rating', 'bmi', 'life_exp', 'num_play_dom', 'num_play_int', 'dom_perc', 'int_perc')",0.631086555
"('power_rating', 'mv_usd', 'elo_rating', 'qol', 'mv_play_dom', 'mv_play_int', 'num_play_int', 'dom_perc')",0.631054697
"('power_rating', 'mv_usd', 'elo_rating', 'qol', 'mv_play_dom', 'mv_play_int', 'num_play_int', 'int_perc')",0.631054697
"('power_rating', 'mv_usd', 'elo_rating', 'qol', 'mv_play_dom', 'mv_play_int', 'num_play_int', 'dom_perc', 'int_perc')",0.631054697
"('power_rating', 'bmi', 'life_exp', 'qol', 'mv_play_dom', 'num_play_dom', 'mv_play_int', 'num_play_int')",0.631014706
"('power_rating', 'bmi', 'life_exp', 'qol', 'num_play_dom', 'mv_play_int', 'num_play_int')",0.63101214
"('power_rating', 'elo_rating', 'bmi', 'life_exp', 'mv_play_dom', 'num_play_dom', 'mv_play_int', 'num_play_int')",0.631009855
"('power_rating', 'gdp_usd', 'elo_rating', 'life_exp', 'num_play_dom', 'mv_play_int', 'num_play_int', 'dom_int_mv_ratio')",0.63100353
"('power_rating', 'life_exp', 'qol', 'num_play_dom', 'mv_play_int', 'num_play_int', 'dom_int_mv_ratio')",0.6308091
"('power_rating', 'gdp_usd', 'mv_usd', 'elo_rating', 'bmi', 'mv_play_dom', 'mv_play_int', 'num_play_int', 'dom_perc')",0.630792391
"('power_rating', 'gdp_usd', 'mv_usd', 'elo_rating', 'bmi', 'mv_play_dom', 'mv_play_int', 'num_play_int', 'int_perc')",0.630792391
"('power_rating', 'gdp_usd', 'mv_usd', 'elo_rating', 'bmi', 'mv_play_dom', 'mv_play_int', 'num_play_int', 'dom_perc', 'int_perc')",0.630792391
"('mv_usd', 'bmi', 'life_exp', 'num_play_dom', 'mv_play_int', 'dom_perc')",0.630714768
"('mv_usd', 'bmi', 'life_exp', 'num_play_dom', 'mv_play_int', 'int_perc')",0.630714768
"('mv_usd', 'bmi', 'life_exp', 'num_play_dom', 'mv_play_int', 'dom_perc', 'int_perc')",0.630714768
"('power_rating', 'gdp_usd', 'mv_usd', 'elo_rating', 'bmi', 'mv_play_int', 'num_play_int', 'dom_perc')",0.630707382
"('power_rating', 'gdp_usd', 'mv_usd', 'elo_rating', 'bmi', 'mv_play_int', 'num_play_int', 'int_perc')",0.630707382
"('power_rating', 'gdp_usd', 'mv_usd', 'elo_rating', 'bmi', 'mv_play_int', 'num_play_int', 'dom_perc', 'int_perc')",0.630707382
"('power_rating', 'gdp_usd', 'elo_rating', 'life_exp', 'num_play_dom', 'num_play_int', 'dom_perc')",0.630698358
"('power_rating', 'gdp_usd', 'elo_rating', 'life_exp', 'num_play_dom', 'num_play_int', 'int_perc')",0.630698358
"('power_rating', 'gdp_usd', 'elo_rating', 'life_exp', 'num_play_dom', 'num_play_int', 'dom_perc', 'int_perc')",0.630698358
"('power_rating', 'gdp_usd', 'mv_usd', 'elo_rating', 'life_exp', 'mv_play_dom', 'num_play_dom', 'mv_play_int', 'num_play_int')",0.630538794
"('power_rating', 'mv_usd', 'elo_rating', 'bmi', 'life_exp', 'num_play_dom', 'mv_play_int', 'num_play_int')",0.630533774
"('power_rating', 'elo_rating', 'bmi', 'life_exp', 'num_play_dom', 'mv_play_int', 'num_play_int')",0.6305316
"('power_rating', 'gdp_usd', 'life_exp', 'num_play_dom', 'mv_play_int', 'num_play_int', 'dom_int_mv_ratio')",0.63051922
"('mv_usd', 'bmi', 'qol', 'num_play_dom', 'mv_play_int', 'num_play_int', 'dom_perc')",0.630485877
"('mv_usd', 'bmi', 'qol', 'num_play_dom', 'mv_play_int', 'num_play_int', 'dom_perc', 'int_perc')",0.630485877
"('mv_usd', 'bmi', 'qol', 'num_play_dom', 'mv_play_int', 'num_play_int', 'int_perc')",0.630485877
"('power_rating', 'gdp_usd', 'mv_usd', 'elo_rating', 'life_exp', 'qol', 'num_play_dom', 'mv_play_int', 'num_play_int')",0.630478968
"('mv_usd', 'bmi', 'num_play_dom', 'mv_play_int', 'num_play_int', 'dom_perc')",0.630304562
"('mv_usd', 'bmi', 'num_play_dom', 'mv_play_int', 'num_play_int', 'dom_perc', 'int_perc')",0.630304562
"('mv_usd', 'bmi', 'num_play_dom', 'mv_play_int', 'num_play_int', 'int_perc')",0.630304562
"('power_rating', 'gdp_usd', 'mv_usd', 'life_exp', 'qol', 'mv_play_dom', 'num_play_dom', 'mv_play_int', 'num_play_int')",0.630295303
"('power_rating', 'gdp_usd', 'elo_rating', 'life_exp', 'qol', 'num_play_dom', 'mv_play_int', 'num_play_int')",0.630276483
"('power_rating', 'elo_rating', 'life_exp', 'qol', 'mv_play_dom', 'num_play_dom', 'mv_play_int', 'num_play_int')",0.630028299
"('power_rating', 'gdp_usd', 'elo_rating', 'life_exp', 'mv_play_dom', 'num_play_dom', 'mv_play_int', 'num_play_int')",0.630009566
"('power_rating', 'mv_usd', 'bmi', 'life_exp', 'num_play_dom', 'mv_play_int', 'num_play_int')",0.629990412
"('power_rating', 'gdp_usd', 'mv_usd', 'bmi', 'mv_play_dom', 'mv_play_int', 'num_play_int', 'dom_perc')",0.629984201
"('power_rating', 'gdp_usd', 'mv_usd', 'bmi', 'mv_play_dom', 'mv_play_int', 'num_play_int', 'int_perc')",0.629984201
"('power_rating', 'gdp_usd', 'mv_usd', 'bmi', 'mv_play_dom', 'mv_play_int', 'num_play_int', 'dom_perc', 'int_perc')",0.629984201
"('power_rating', 'gdp_usd', 'mv_usd', 'bmi', 'mv_play_int', 'num_play_int', 'dom_perc')",0.629975467
"('power_rating', 'gdp_usd', 'mv_usd', 'bmi', 'mv_play_int', 'num_play_int', 'int_perc')",0.629975467
"('power_rating', 'gdp_usd', 'mv_usd', 'bmi', 'mv_play_int', 'num_play_int', 'dom_perc', 'int_perc')",0.629975467
"('power_rating', 'bmi', 'life_exp', 'mv_play_dom', 'num_play_dom', 'mv_play_int', 'num_play_int')",0.629863137
"('mv_usd', 'qol', 'num_play_dom', 'mv_play_int', 'num_play_int', 'dom_perc')",0.629860703
"('mv_usd', 'qol', 'num_play_dom', 'mv_play_int', 'num_play_int', 'int_perc')",0.629860703
"('mv_usd', 'qol', 'num_play_dom', 'mv_play_int', 'num_play_int', 'dom_perc', 'int_perc')",0.629860703
"('power_rating', 'bmi', 'life_exp', 'num_play_dom', 'mv_play_int', 'num_play_int')",0.629858333
"('mv_usd', 'num_play_dom', 'mv_play_int', 'num_play_int', 'dom_perc')",0.629857188
"('mv_usd', 'num_play_dom', 'mv_play_int', 'num_play_int', 'int_perc')",0.629857188
"('mv_usd', 'num_play_dom', 'mv_play_int', 'num_play_int', 'dom_perc', 'int_perc')",0.629857188
"('power_rating', 'mv_usd', 'elo_rating', 'life_exp', 'num_play_dom', 'mv_play_int', 'num_play_int', 'dom_int_mv_ratio')",0.629840826
"('power_rating', 'mv_usd', 'life_exp', 'qol', 'mv_play_dom', 'num_play_dom', 'mv_play_int', 'num_play_int')",0.629796046
"('power_rating', 'gdp_usd', 'mv_usd', 'elo_rating', 'bmi', 'life_exp', 'qol', 'mv_play_dom', 'mv_play_int', 'num_play_int', 'dom_int_mv_ratio')",0.629783031
"('power_rating', 'gdp_usd', 'mv_usd', 'elo_rating', 'life_exp', 'qol', 'mv_play_dom', 'mv_play_int', 'num_play_int', 'dom_int_mv_ratio')",0.629767739
"('power_rating', 'gdp_usd', 'mv_usd', 'bmi', 'life_exp', 'mv_play_dom', 'num_play_dom', 'num_play_int', 'dom_int_mv_ratio', 'dom_perc')",0.629723828
"('power_rating', 'gdp_usd', 'mv_usd', 'bmi', 'life_exp', 'mv_play_dom', 'num_play_dom', 'num_play_int', 'dom_int_mv_ratio', 'int_perc')",0.629723828
"('power_rating', 'gdp_usd', 'mv_usd', 'bmi', 'life_exp', 'mv_play_dom', 'num_play_dom', 'num_play_int', 'dom_int_mv_ratio', 'dom_perc', 'int_perc')",0.629723828
"('power_rating', 'gdp_usd', 'mv_usd', 'life_exp', 'qol', 'mv_play_dom', 'num_play_dom', 'num_play_int', 'dom_int_mv_ratio', 'dom_perc')",0.629565107
"('power_rating', 'gdp_usd', 'mv_usd', 'life_exp', 'qol', 'mv_play_dom', 'num_play_dom', 'num_play_int', 'dom_int_mv_ratio', 'int_perc')",0.629565107
"('power_rating', 'gdp_usd', 'mv_usd', 'life_exp', 'qol', 'mv_play_dom', 'num_play_dom', 'num_play_int', 'dom_int_mv_ratio', 'dom_perc', 'int_perc')",0.629565107
"('power_rating', 'gdp_usd', 'life_exp', 'qol', 'mv_play_dom', 'num_play_dom', 'mv_play_int', 'num_play_int')",0.629527052
"('power_rating', 'mv_usd', 'elo_rating', 'bmi', 'mv_play_dom', 'mv_play_int', 'num_play_int', 'dom_perc')",0.629478179
"('power_rating', 'mv_usd', 'elo_rating', 'bmi', 'mv_play_dom', 'mv_play_int', 'num_play_int', 'int_perc')",0.629478179
"('power_rating', 'mv_usd', 'elo_rating', 'bmi', 'mv_play_dom', 'mv_play_int', 'num_play_int', 'dom_perc', 'int_perc')",0.629478179
"('power_rating', 'mv_usd', 'life_exp', 'qol', 'mv_play_dom', 'num_play_dom', 'num_play_int', 'dom_int_mv_ratio', 'dom_perc')",0.629449296
"('power_rating', 'mv_usd', 'life_exp', 'qol', 'mv_play_dom', 'num_play_dom', 'num_play_int', 'dom_int_mv_ratio', 'int_perc')",0.629449296
"('power_rating', 'mv_usd', 'life_exp', 'qol', 'mv_play_dom', 'num_play_dom', 'num_play_int', 'dom_int_mv_ratio', 'dom_perc', 'int_perc')",0.629449296
"('power_rating', 'gdp_usd', 'mv_usd', 'life_exp', 'qol', 'num_play_dom', 'mv_play_int', 'num_play_int')",0.629442406
"('power_rating', 'gdp_usd', 'life_exp', 'qol', 'num_play_dom', 'mv_play_int', 'num_play_int')",0.629441239
"('power_rating', 'gdp_usd', 'mv_usd', 'elo_rating', 'life_exp', 'num_play_dom', 'mv_play_int', 'num_play_int')",0.629331266
"('power_rating', 'gdp_usd', 'bmi', 'life_exp', 'mv_play_dom', 'num_play_dom', 'num_play_int', 'dom_int_mv_ratio', 'dom_perc', 'int_perc')",0.629296073
"('power_rating', 'gdp_usd', 'bmi', 'life_exp', 'mv_play_dom', 'num_play_dom', 'num_play_int', 'dom_int_mv_ratio', 'dom_perc')",0.629296073
"('power_rating', 'gdp_usd', 'bmi', 'life_exp', 'mv_play_dom', 'num_play_dom', 'num_play_int', 'dom_int_mv_ratio', 'int_perc')",0.629296073
"('power_rating', 'mv_usd', 'elo_rating', 'life_exp', 'qol', 'num_play_dom', 'mv_play_int', 'num_play_int')",0.629113584
"('power_rating', 'mv_usd', 'elo_rating', 'bmi', 'mv_play_int', 'num_play_int', 'dom_perc')",0.629079919
"('power_rating', 'mv_usd', 'elo_rating', 'bmi', 'mv_play_int', 'num_play_int', 'int_perc')",0.629079919
"('power_rating', 'mv_usd', 'elo_rating', 'bmi', 'mv_play_int', 'num_play_int', 'dom_perc', 'int_perc')",0.629079919
"('power_rating', 'elo_rating', 'life_exp', 'qol', 'num_play_dom', 'mv_play_int', 'num_play_int')",0.629077067
"('power_rating', 'gdp_usd', 'elo_rating', 'bmi', 'mv_play_dom', 'mv_play_int', 'num_play_int', 'dom_perc')",0.628946723
"('power_rating', 'gdp_usd', 'elo_rating', 'bmi', 'mv_play_dom', 'mv_play_int', 'num_play_int', 'int_perc')",0.628946723
"('power_rating', 'gdp_usd', 'elo_rating', 'bmi', 'mv_play_dom', 'mv_play_int', 'num_play_int', 'dom_perc', 'int_perc')",0.628946723
"('power_rating', 'mv_usd', 'elo_rating', 'bmi', 'life_exp', 'qol', 'mv_play_dom', 'mv_play_int', 'num_play_int', 'dom_int_mv_ratio')",0.628908496
"('power_rating', 'gdp_usd', 'elo_rating', 'life_exp', 'num_play_dom', 'mv_play_int', 'num_play_int')",0.628877363
"('power_rating', 'mv_usd', 'elo_rating', 'life_exp', 'qol', 'mv_play_dom', 'mv_play_int', 'num_play_int', 'dom_int_mv_ratio')",0.628769996
"('power_rating', 'gdp_usd', 'mv_usd', 'elo_rating', 'qol', 'mv_play_int', 'num_play_int', 'dom_perc')",0.62869081
"('power_rating', 'gdp_usd', 'mv_usd', 'elo_rating', 'qol', 'mv_play_int', 'num_play_int', 'int_perc')",0.62869081
"('power_rating', 'gdp_usd', 'mv_usd', 'elo_rating', 'qol', 'mv_play_int', 'num_play_int', 'dom_perc', 'int_perc')",0.62869081
"('power_rating', 'mv_usd', 'elo_rating', 'qol', 'mv_play_int', 'num_play_int', 'dom_perc')",0.628690228
"('power_rating', 'mv_usd', 'elo_rating', 'qol', 'mv_play_int', 'num_play_int', 'int_perc')",0.628690228
"('power_rating', 'mv_usd', 'elo_rating', 'qol', 'mv_play_int', 'num_play_int', 'dom_perc', 'int_perc')",0.628690228
"('power_rating', 'gdp_usd', 'mv_usd', 'life_exp', 'mv_play_dom', 'num_play_dom', 'mv_play_int', 'num_play_int')",0.628530237
"('power_rating', 'gdp_usd', 'bmi', 'mv_play_dom', 'mv_play_int', 'num_play_int', 'dom_perc')",0.62852409
"('power_rating', 'gdp_usd', 'bmi', 'mv_play_dom', 'mv_play_int', 'num_play_int', 'int_perc')",0.62852409
"('power_rating', 'gdp_usd', 'bmi', 'mv_play_dom', 'mv_play_int', 'num_play_int', 'dom_perc', 'int_perc')",0.62852409
"('power_rating', 'mv_usd', 'bmi', 'mv_play_dom', 'mv_play_int', 'num_play_int', 'dom_perc')",0.628472274
"('power_rating', 'mv_usd', 'bmi', 'mv_play_dom', 'mv_play_int', 'num_play_int', 'int_perc')",0.628472274
"('power_rating', 'mv_usd', 'bmi', 'mv_play_dom', 'mv_play_int', 'num_play_int', 'dom_perc', 'int_perc')",0.628472274
"('power_rating', 'gdp_usd', 'mv_usd', 'life_exp', 'qol', 'num_play_dom', 'num_play_int', 'dom_int_mv_ratio', 'dom_perc')",0.62845616
"('power_rating', 'gdp_usd', 'mv_usd', 'life_exp', 'qol', 'num_play_dom', 'num_play_int', 'dom_int_mv_ratio', 'int_perc')",0.62845616
"('power_rating', 'gdp_usd', 'mv_usd', 'life_exp', 'qol', 'num_play_dom', 'num_play_int', 'dom_int_mv_ratio', 'dom_perc', 'int_perc')",0.62845616
"('power_rating', 'mv_usd', 'life_exp', 'qol', 'num_play_dom', 'num_play_int', 'dom_int_mv_ratio', 'dom_perc')",0.628447217
"('power_rating', 'mv_usd', 'life_exp', 'qol', 'num_play_dom', 'num_play_int', 'dom_int_mv_ratio', 'int_perc')",0.628447217
"('power_rating', 'mv_usd', 'life_exp', 'qol', 'num_play_dom', 'num_play_int', 'dom_int_mv_ratio', 'dom_perc', 'int_perc')",0.628447217
"('power_rating', 'mv_usd', 'bmi', 'mv_play_int', 'num_play_int', 'dom_perc')",0.628415156
"('power_rating', 'mv_usd', 'bmi', 'mv_play_int', 'num_play_int', 'int_perc')",0.628415156
"('power_rating', 'mv_usd', 'bmi', 'mv_play_int', 'num_play_int', 'dom_perc', 'int_perc')",0.628415156
"('power_rating', 'mv_usd', 'elo_rating', 'life_exp', 'mv_play_dom', 'num_play_dom', 'mv_play_int', 'num_play_int')",0.628348378
"('power_rating', 'gdp_usd', 'life_exp', 'mv_play_dom', 'num_play_dom', 'mv_play_int', 'num_play_int')",0.628344087
"('power_rating', 'gdp_usd', 'mv_usd', 'life_exp', 'num_play_dom', 'mv_play_int', 'num_play_int')",0.628235242
"('power_rating', 'gdp_usd', 'life_exp', 'num_play_dom', 'mv_play_int', 'num_play_int')",0.62819538
"('power_rating', 'mv_usd', 'life_exp', 'qol', 'num_play_dom', 'mv_play_int', 'num_play_int')",0.628104681
"('power_rating', 'mv_usd', 'life_exp', 'mv_play_dom', 'num_play_dom', 'mv_play_int', 'num_play_int', 'dom_int_mv_ratio')",0.628052278
"('power_rating', 'life_exp', 'qol', 'mv_play_dom', 'num_play_dom', 'mv_play_int', 'num_play_int')",0.628028047
"('power_rating', 'bmi', 'mv_play_int', 'num_play_int', 'dom_int_mv_ratio', 'dom_perc')",0.628013883
"('power_rating', 'bmi', 'mv_play_int', 'num_play_int', 'dom_int_mv_ratio', 'int_perc')",0.628013883
"('power_rating', 'bmi', 'mv_play_int', 'num_play_int', 'dom_int_mv_ratio', 'dom_perc', 'int_perc')",0.628013883
"('power_rating', 'life_exp', 'qol', 'num_play_dom', 'mv_play_int', 'num_play_int')",0.627993387
"('power_rating', 'life_exp', 'mv_play_dom', 'num_play_dom', 'mv_play_int', 'num_play_int', 'dom_int_mv_ratio')",0.627962321
"('power_rating', 'gdp_usd', 'life_exp', 'qol', 'mv_play_dom', 'num_play_dom', 'num_play_int', 'dom_int_mv_ratio', 'dom_perc')",0.627909911
"('power_rating', 'gdp_usd', 'life_exp', 'qol', 'mv_play_dom', 'num_play_dom', 'num_play_int', 'dom_int_mv_ratio', 'int_perc')",0.627909911
"('power_rating', 'gdp_usd', 'life_exp', 'qol', 'mv_play_dom', 'num_play_dom', 'num_play_int', 'dom_int_mv_ratio', 'dom_perc', 'int_perc')",0.627909911
"('mv_usd', 'bmi', 'life_exp', 'qol', 'num_play_dom', 'dom_int_mv_ratio')",0.627814172
"('power_rating', 'gdp_usd', 'mv_usd', 'elo_rating', 'bmi', 'qol', 'mv_play_dom', 'num_play_dom', 'mv_play_int', 'num_play_int', 'dom_int_mv_ratio')",0.627779809
"('power_rating', 'gdp_usd', 'mv_usd', 'qol', 'mv_play_dom', 'mv_play_int', 'num_play_int', 'dom_perc')",0.627778114
"('power_rating', 'gdp_usd', 'mv_usd', 'qol', 'mv_play_dom', 'mv_play_int', 'num_play_int', 'int_perc')",0.627778114
"('power_rating', 'gdp_usd', 'mv_usd', 'qol', 'mv_play_dom', 'mv_play_int', 'num_play_int', 'dom_perc', 'int_perc')",0.627778114
"('power_rating', 'mv_usd', 'qol', 'mv_play_dom', 'mv_play_int', 'num_play_int', 'dom_perc')",0.62769478
"('power_rating', 'mv_usd', 'qol', 'mv_play_dom', 'mv_play_int', 'num_play_int', 'int_perc')",0.62769478
"('power_rating', 'mv_usd', 'qol', 'mv_play_dom', 'mv_play_int', 'num_play_int', 'dom_perc', 'int_perc')",0.62769478
"('power_rating', 'gdp_usd', 'mv_usd', 'elo_rating', 'bmi', 'life_exp', 'qol', 'mv_play_dom', 'mv_play_int', 'num_play_int')",0.627663884
"('mv_usd', 'bmi', 'qol', 'num_play_dom', 'dom_int_mv_ratio')",0.627646085
"('elo_rating', 'bmi', 'life_exp', 'qol', 'mv_play_dom', 'dom_int_mv_ratio', 'dom_perc')",0.627640488
"('elo_rating', 'bmi', 'life_exp', 'qol', 'mv_play_dom', 'dom_int_mv_ratio', 'int_perc')",0.627640488
"('elo_rating', 'bmi', 'life_exp', 'qol', 'mv_play_dom', 'dom_int_mv_ratio', 'dom_perc', 'int_perc')",0.627640488
"('power_rating', 'gdp_usd', 'mv_usd', 'elo_rating', 'life_exp', 'qol', 'mv_play_dom', 'mv_play_int', 'num_play_int')",0.627615223
"('power_rating', 'elo_rating', 'life_exp', 'num_play_dom', 'mv_play_int', 'num_play_int', 'dom_int_mv_ratio')",0.627587356
"('power_rating', 'mv_usd', 'life_exp', 'num_play_dom', 'mv_play_int', 'num_play_int', 'dom_int_mv_ratio')",0.627544666
"('power_rating', 'mv_usd', 'elo_rating', 'bmi', 'qol', 'mv_play_dom', 'num_play_dom', 'mv_play_int', 'num_play_int', 'dom_int_mv_ratio')",0.627512935
"('power_rating', 'gdp_usd', 'mv_usd', 'qol', 'mv_play_int', 'num_play_int', 'dom_perc')",0.62690865
"('power_rating', 'gdp_usd', 'mv_usd', 'qol', 'mv_play_int', 'num_play_int', 'int_perc')",0.62690865
"('power_rating', 'gdp_usd', 'mv_usd', 'qol', 'mv_play_int', 'num_play_int', 'dom_perc', 'int_perc')",0.62690865
"('power_rating', 'mv_usd', 'qol', 'mv_play_int', 'num_play_int', 'dom_perc')",0.626907947
"('power_rating', 'mv_usd', 'qol', 'mv_play_int', 'num_play_int', 'int_perc')",0.626907947
"('power_rating', 'mv_usd', 'qol', 'mv_play_int', 'num_play_int', 'dom_perc', 'int_perc')",0.626907947
"('power_rating', 'mv_usd', 'elo_rating', 'qol', 'num_play_dom', 'num_play_int', 'dom_perc')",0.626861688
"('power_rating', 'mv_usd', 'elo_rating', 'qol', 'num_play_dom', 'num_play_int', 'int_perc')",0.626861688
"('power_rating', 'mv_usd', 'elo_rating', 'qol', 'num_play_dom', 'num_play_int', 'dom_perc', 'int_perc')",0.626861688
"('power_rating', 'life_exp', 'num_play_dom', 'mv_play_int', 'num_play_int', 'dom_int_mv_ratio')",0.626851374
"('power_rating', 'gdp_usd', 'elo_rating', 'bmi', 'life_exp', 'qol', 'mv_play_dom', 'mv_play_int', 'num_play_int', 'dom_int_mv_ratio')",0.62684479
"('power_rating', 'elo_rating', 'bmi', 'life_exp', 'qol', 'mv_play_dom', 'mv_play_int', 'num_play_int', 'dom_int_mv_ratio')",0.62669966
"('power_rating', 'life_exp', 'qol', 'mv_play_dom', 'num_play_dom', 'num_play_int', 'dom_int_mv_ratio', 'dom_perc')",0.626673863
"('power_rating', 'life_exp', 'qol', 'mv_play_dom', 'num_play_dom', 'num_play_int', 'dom_int_mv_ratio', 'int_perc')",0.626673863
"('power_rating', 'life_exp', 'qol', 'mv_play_dom', 'num_play_dom', 'num_play_int', 'dom_int_mv_ratio', 'dom_perc', 'int_perc')",0.626673863
"('power_rating', 'elo_rating', 'life_exp', 'mv_play_dom', 'num_play_dom', 'mv_play_int', 'num_play_int')",0.626635912
"('power_rating', 'gdp_usd', 'elo_rating', 'life_exp', 'qol', 'mv_play_dom', 'mv_play_int', 'num_play_int', 'dom_int_mv_ratio')",0.626584262
"('power_rating', 'elo_rating', 'life_exp', 'num_play_dom', 'num_play_int', 'dom_perc')",0.626534386
"('power_rating', 'elo_rating', 'life_exp', 'num_play_dom', 'num_play_int', 'int_perc')",0.626534386
"('power_rating', 'elo_rating', 'life_exp', 'num_play_dom', 'num_play_int', 'dom_perc', 'int_perc')",0.626534386
"('mv_usd', 'bmi', 'life_exp', 'num_play_dom', 'mv_play_int', 'dom_int_mv_ratio')",0.626480816
"('power_rating', 'mv_usd', 'bmi', 'life_exp', 'mv_play_dom', 'num_play_dom', 'num_play_int', 'dom_int_mv_ratio', 'dom_perc')",0.626438476
"('power_rating', 'mv_usd', 'bmi', 'life_exp', 'mv_play_dom', 'num_play_dom', 'num_play_int', 'dom_int_mv_ratio', 'int_perc')",0.626438476
"('power_rating', 'mv_usd', 'bmi', 'life_exp', 'mv_play_dom', 'num_play_dom', 'num_play_int', 'dom_int_mv_ratio', 'dom_perc', 'int_perc')",0.626438476
"('elo_rating', 'bmi', 'life_exp', 'qol', 'mv_play_dom', 'dom_perc')",0.626394795
"('elo_rating', 'bmi', 'life_exp', 'qol', 'mv_play_dom', 'int_perc')",0.626394795
"('elo_rating', 'bmi', 'life_exp', 'qol', 'mv_play_dom', 'dom_perc', 'int_perc')",0.626394795
"('power_rating', 'elo_rating', 'life_exp', 'qol', 'mv_play_dom', 'mv_play_int', 'num_play_int', 'dom_int_mv_ratio')",0.626344175
"('power_rating', 'mv_usd', 'elo_rating', 'bmi', 'life_exp', 'qol', 'mv_play_dom', 'mv_play_int', 'num_play_int')",0.626324862
"('power_rating', 'mv_usd', 'elo_rating', 'life_exp', 'qol', 'mv_play_dom', 'mv_play_int', 'num_play_int')",0.626322906
"('mv_usd', 'life_exp', 'num_play_dom', 'mv_play_int', 'dom_perc')",0.626270538
"('mv_usd', 'life_exp', 'num_play_dom', 'mv_play_int', 'int_perc')",0.626270538
"('mv_usd', 'life_exp', 'num_play_dom', 'mv_play_int', 'dom_perc', 'int_perc')",0.626270538
"('power_rating', 'elo_rating', 'bmi', 'mv_play_dom', 'mv_play_int', 'num_play_int', 'dom_perc')",0.626245004
"('power_rating', 'elo_rating', 'bmi', 'mv_play_dom', 'mv_play_int', 'num_play_int', 'int_perc')",0.626245004
"('power_rating', 'elo_rating', 'bmi', 'mv_play_dom', 'mv_play_int', 'num_play_int', 'dom_perc', 'int_perc')",0.626245004
"('elo_rating', 'life_exp', 'qol', 'mv_play_dom', 'dom_int_mv_ratio', 'dom_perc')",0.626207533
"('elo_rating', 'life_exp', 'qol', 'mv_play_dom', 'dom_int_mv_ratio', 'int_perc')",0.626207533
"('elo_rating', 'life_exp', 'qol', 'mv_play_dom', 'dom_int_mv_ratio', 'dom_perc', 'int_perc')",0.626207533
"('power_rating', 'gdp_usd', 'bmi', 'num_play_dom', 'mv_play_int', 'num_play_int', 'dom_perc')",0.626100547
"('power_rating', 'gdp_usd', 'bmi', 'num_play_dom', 'mv_play_int', 'num_play_int', 'int_perc')",0.626100547
"('power_rating', 'gdp_usd', 'bmi', 'num_play_dom', 'mv_play_int', 'num_play_int', 'dom_perc', 'int_perc')",0.626100547
"('power_rating', 'gdp_usd', 'mv_usd', 'bmi', 'life_exp', 'num_play_dom', 'num_play_int', 'dom_int_mv_ratio', 'dom_perc')",0.626047517
"('power_rating', 'gdp_usd', 'mv_usd', 'bmi', 'life_exp', 'num_play_dom', 'num_play_int', 'dom_int_mv_ratio', 'int_perc')",0.626047517
"('power_rating', 'gdp_usd', 'mv_usd', 'bmi', 'life_exp', 'num_play_dom', 'num_play_int', 'dom_int_mv_ratio', 'dom_perc', 'int_perc')",0.626047517
"('power_rating', 'gdp_usd', 'elo_rating', 'qol', 'mv_play_dom', 'mv_play_int', 'num_play_int', 'dom_perc')",0.626046217
"('power_rating', 'gdp_usd', 'elo_rating', 'qol', 'mv_play_dom', 'mv_play_int', 'num_play_int', 'int_perc')",0.626046217
"('power_rating', 'gdp_usd', 'elo_rating', 'qol', 'mv_play_dom', 'mv_play_int', 'num_play_int', 'dom_perc', 'int_perc')",0.626046217
"('power_rating', 'elo_rating', 'qol', 'mv_play_dom', 'mv_play_int', 'num_play_int', 'dom_perc')",0.625959945
"('power_rating', 'elo_rating', 'qol', 'mv_play_dom', 'mv_play_int', 'num_play_int', 'int_perc')",0.625959945
"('power_rating', 'elo_rating', 'qol', 'mv_play_dom', 'mv_play_int', 'num_play_int', 'dom_perc', 'int_perc')",0.625959945
"('power_rating', 'bmi', 'mv_play_dom', 'mv_play_int', 'num_play_int', 'dom_perc')",0.625754748
"('power_rating', 'bmi', 'mv_play_dom', 'mv_play_int', 'num_play_int', 'int_perc')",0.625754748
"('power_rating', 'bmi', 'mv_play_dom', 'mv_play_int', 'num_play_int', 'dom_perc', 'int_perc')",0.625754748
"('power_rating', 'gdp_usd', 'elo_rating', 'bmi', 'qol', 'mv_play_dom', 'num_play_dom', 'mv_play_int', 'num_play_int', 'dom_int_mv_ratio')",0.625712599
"('power_rating', 'elo_rating', 'bmi', 'qol', 'mv_play_dom', 'num_play_dom', 'mv_play_int', 'num_play_int', 'dom_int_mv_ratio')",0.625703819
"('power_rating', 'mv_usd', 'life_exp', 'mv_play_dom', 'num_play_dom', 'mv_play_int', 'num_play_int')",0.625697746
"('power_rating', 'mv_usd', 'elo_rating', 'life_exp', 'num_play_dom', 'mv_play_int', 'num_play_int')",0.625683341
"('power_rating', 'elo_rating', 'life_exp', 'num_play_dom', 'mv_play_int', 'num_play_int')",0.625534663
"('elo_rating', 'life_exp', 'qol', 'mv_play_dom', 'dom_perc')",0.625280781
"('elo_rating', 'life_exp', 'qol', 'mv_play_dom', 'int_perc')",0.625280781
"('elo_rating', 'life_exp', 'qol', 'mv_play_dom', 'dom_perc', 'int_perc')",0.625280781
"('power_rating', 'gdp_usd', 'mv_usd', 'elo_rating', 'qol', 'mv_play_dom', 'num_play_dom', 'mv_play_int', 'num_play_int', 'dom_int_mv_ratio')",0.625007921
"('power_rating', 'gdp_usd', 'elo_rating', 'qol', 'mv_play_int', 'num_play_int', 'dom_perc')",0.624917999
"('power_rating', 'gdp_usd', 'elo_rating', 'qol', 'mv_play_int', 'num_play_int', 'int_perc')",0.624917999
"('power_rating', 'gdp_usd', 'elo_rating', 'qol', 'mv_play_int', 'num_play_int', 'dom_perc', 'int_perc')",0.624917999
"('power_rating', 'elo_rating', 'qol', 'mv_play_int', 'num_play_int', 'dom_perc')",0.624840405
"('power_rating', 'elo_rating', 'qol', 'mv_play_int', 'num_play_int', 'int_perc')",0.624840405
"('power_rating', 'elo_rating', 'qol', 'mv_play_int', 'num_play_int', 'dom_perc', 'int_perc')",0.624840405
"('power_rating', 'life_exp', 'mv_play_dom', 'num_play_dom', 'mv_play_int', 'num_play_int')",0.624642076
"('power_rating', 'gdp_usd', 'mv_usd', 'bmi', 'life_exp', 'qol', 'mv_play_dom', 'num_play_dom', 'num_play_int', 'dom_perc')",0.624602971
"('power_rating', 'gdp_usd', 'mv_usd', 'bmi', 'life_exp', 'qol', 'mv_play_dom', 'num_play_dom', 'num_play_int', 'int_perc')",0.624602971
"('power_rating', 'gdp_usd', 'mv_usd', 'bmi', 'life_exp', 'qol', 'mv_play_dom', 'num_play_dom', 'num_play_int', 'dom_perc', 'int_perc')",0.624602971
"('power_rating', 'mv_usd', 'life_exp', 'num_play_dom', 'mv_play_int', 'num_play_int')",0.624583296
"('power_rating', 'bmi', 'num_play_dom', 'mv_play_int', 'num_play_int', 'dom_perc')",0.624574896
"('power_rating', 'bmi', 'num_play_dom', 'mv_play_int', 'num_play_int', 'int_perc')",0.624574896
"('power_rating', 'bmi', 'num_play_dom', 'mv_play_int', 'num_play_int', 'dom_perc', 'int_perc')",0.624574896
"('power_rating', 'life_exp', 'num_play_dom', 'mv_play_int', 'num_play_int')",0.624564681
"('power_rating', 'mv_usd', 'bmi', 'life_exp', 'qol', 'mv_play_dom', 'num_play_dom', 'num_play_int', 'dom_perc')",0.624495758
"('power_rating', 'mv_usd', 'bmi', 'life_exp', 'qol', 'mv_play_dom', 'num_play_dom', 'num_play_int', 'int_perc')",0.624495758
"('power_rating', 'mv_usd', 'bmi', 'life_exp', 'qol', 'mv_play_dom', 'num_play_dom', 'num_play_int', 'dom_perc', 'int_perc')",0.624495758
"('power_rating', 'gdp_usd', 'mv_usd', 'bmi', 'life_exp', 'qol', 'num_play_dom', 'num_play_int', 'dom_perc')",0.624489655
"('power_rating', 'gdp_usd', 'mv_usd', 'bmi', 'life_exp', 'qol', 'num_play_dom', 'num_play_int', 'int_perc')",0.624489655
"('power_rating', 'gdp_usd', 'mv_usd', 'bmi', 'life_exp', 'qol', 'num_play_dom', 'num_play_int', 'dom_perc', 'int_perc')",0.624489655
"('power_rating', 'mv_usd', 'elo_rating', 'qol', 'mv_play_dom', 'num_play_dom', 'mv_play_int', 'num_play_int', 'dom_int_mv_ratio')",0.6244326
"('power_rating', 'mv_usd', 'bmi', 'life_exp', 'num_play_dom', 'num_play_int', 'dom_int_mv_ratio', 'dom_perc')",0.624358822
"('power_rating', 'mv_usd', 'bmi', 'life_exp', 'num_play_dom', 'num_play_int', 'dom_int_mv_ratio', 'int_perc')",0.624358822
"('power_rating', 'mv_usd', 'bmi', 'life_exp', 'num_play_dom', 'num_play_int', 'dom_int_mv_ratio', 'dom_perc', 'int_perc')",0.624358822
"('power_rating', 'gdp_usd', 'elo_rating', 'bmi', 'mv_play_int', 'num_play_int', 'dom_perc')",0.624283744
"('power_rating', 'gdp_usd', 'elo_rating', 'bmi', 'mv_play_int', 'num_play_int', 'int_perc')",0.624283744
"('power_rating', 'gdp_usd', 'elo_rating', 'bmi', 'mv_play_int', 'num_play_int', 'dom_perc', 'int_perc')",0.624283744
"('power_rating', 'mv_usd', 'bmi', 'life_exp', 'qol', 'num_play_dom', 'num_play_int', 'dom_perc')",0.624254755
"('power_rating', 'mv_usd', 'bmi', 'life_exp', 'qol', 'num_play_dom', 'num_play_int', 'int_perc')",0.624254755
"('power_rating', 'mv_usd', 'bmi', 'life_exp', 'qol', 'num_play_dom', 'num_play_int', 'dom_perc', 'int_perc')",0.624254755
"('power_rating', 'gdp_usd', 'mv_usd', 'elo_rating', 'bmi', 'qol', 'mv_play_dom', 'num_play_dom', 'mv_play_int', 'num_play_int')",0.624229192
"('power_rating', 'bmi', 'life_exp', 'mv_play_dom', 'num_play_dom', 'num_play_int', 'dom_int_mv_ratio', 'dom_perc')",0.624202128
"('power_rating', 'bmi', 'life_exp', 'mv_play_dom', 'num_play_dom', 'num_play_int', 'dom_int_mv_ratio', 'int_perc')",0.624202128
"('power_rating', 'bmi', 'life_exp', 'mv_play_dom', 'num_play_dom', 'num_play_int', 'dom_int_mv_ratio', 'dom_perc', 'int_perc')",0.624202128
"('power_rating', 'gdp_usd', 'qol', 'mv_play_dom', 'mv_play_int', 'num_play_int', 'dom_perc')",0.62384705
"('power_rating', 'gdp_usd', 'qol', 'mv_play_dom', 'mv_play_int', 'num_play_int', 'int_perc')",0.62384705
"('power_rating', 'gdp_usd', 'qol', 'mv_play_dom', 'mv_play_int', 'num_play_int', 'dom_perc', 'int_perc')",0.62384705
"('power_rating', 'qol', 'mv_play_dom', 'mv_play_int', 'num_play_int', 'dom_perc')",0.623733427
"('power_rating', 'qol', 'mv_play_dom', 'mv_play_int', 'num_play_int', 'int_perc')",0.623733427
"('power_rating', 'qol', 'mv_play_dom', 'mv_play_int', 'num_play_int', 'dom_perc', 'int_perc')",0.623733427
"('power_rating', 'gdp_usd', 'mv_usd', 'elo_rating', 'bmi', 'qol', 'num_play_dom', 'mv_play_int', 'num_play_int', 'dom_int_mv_ratio')",0.623722542
"('power_rating', 'mv_usd', 'elo_rating', 'bmi', 'qol', 'num_play_dom', 'mv_play_int', 'num_play_int', 'dom_int_mv_ratio')",0.623658329
"('power_rating', 'gdp_usd', 'mv_usd', 'bmi', 'life_exp', 'qol', 'mv_play_dom', 'mv_play_int', 'num_play_int', 'dom_int_mv_ratio')",0.623533279
"('power_rating', 'gdp_usd', 'mv_usd', 'life_exp', 'qol', 'mv_play_dom', 'mv_play_int', 'num_play_int', 'dom_int_mv_ratio')",0.623518318
"('power_rating', 'gdp_usd', 'mv_usd', 'bmi', 'qol', 'mv_play_dom', 'num_play_dom', 'mv_play_int', 'num_play_int', 'dom_int_mv_ratio')",0.6235102
"('power_rating', 'mv_usd', 'bmi', 'qol', 'mv_play_dom', 'num_play_dom', 'mv_play_int', 'num_play_int', 'dom_int_mv_ratio')",0.623416317
"('power_rating', 'mv_usd', 'elo_rating', 'bmi', 'qol', 'mv_play_dom', 'num_play_dom', 'mv_play_int', 'num_play_int')",0.623324954
"('power_rating', 'gdp_usd', 'elo_rating', 'bmi', 'qol', 'num_play_dom', 'mv_play_int', 'num_play_int', 'dom_int_mv_ratio')",0.623152428
"('power_rating', 'elo_rating', 'bmi', 'qol', 'num_play_dom', 'mv_play_int', 'num_play_int', 'dom_int_mv_ratio')",0.623142154
"('power_rating', 'gdp_usd', 'mv_usd', 'elo_rating', 'bmi', 'life_exp', 'mv_play_dom', 'mv_play_int', 'num_play_int', 'dom_int_mv_ratio')",0.623070415
"('power_rating', 'mv_usd', 'elo_rating', 'bmi', 'life_exp', 'mv_play_dom', 'mv_play_int', 'num_play_int', 'dom_int_mv_ratio')",0.623070313
"('mv_usd', 'life_exp', 'qol', 'num_play_dom', 'mv_play_int', 'dom_int_mv_ratio')",0.622979904
"('power_rating', 'gdp_usd', 'mv_usd', 'elo_rating', 'life_exp', 'mv_play_dom', 'mv_play_int', 'num_play_int', 'dom_int_mv_ratio')",0.622956759
"('power_rating', 'mv_usd', 'elo_rating', 'life_exp', 'mv_play_dom', 'mv_play_int', 'num_play_int', 'dom_int_mv_ratio')",0.622944106
"('mv_usd', 'qol', 'num_play_dom', 'mv_play_int', 'dom_int_mv_ratio')",0.622898896
"('power_rating', 'gdp_usd', 'mv_usd', 'elo_rating', 'bmi', 'qol', 'mv_play_dom', 'mv_play_int', 'num_play_int', 'dom_int_mv_ratio')",0.622895879
"('power_rating', 'gdp_usd', 'mv_usd', 'elo_rating', 'bmi', 'life_exp', 'qol', 'mv_play_dom', 'num_play_dom', 'mv_play_int', 'dom_int_mv_ratio', 'dom_perc')",0.622886217
"('power_rating', 'gdp_usd', 'mv_usd', 'elo_rating', 'bmi', 'life_exp', 'qol', 'mv_play_dom', 'num_play_dom', 'mv_play_int', 'dom_int_mv_ratio', 'int_perc')",0.622886217
"('power_rating', 'gdp_usd', 'mv_usd', 'elo_rating', 'bmi', 'life_exp', 'qol', 'mv_play_dom', 'num_play_dom', 'mv_play_int', 'dom_int_mv_ratio', 'dom_perc', 'int_perc')",0.622886217
"('power_rating', 'gdp_usd', 'mv_usd', 'elo_rating', 'life_exp', 'qol', 'mv_play_dom', 'num_play_dom', 'mv_play_int', 'dom_int_mv_ratio', 'dom_perc')",0.622859276
"('power_rating', 'gdp_usd', 'mv_usd', 'elo_rating', 'life_exp', 'qol', 'mv_play_dom', 'num_play_dom', 'mv_play_int', 'dom_int_mv_ratio', 'int_perc')",0.622859276
"('power_rating', 'gdp_usd', 'mv_usd', 'elo_rating', 'life_exp', 'qol', 'mv_play_dom', 'num_play_dom', 'mv_play_int', 'dom_int_mv_ratio', 'dom_perc', 'int_perc')",0.622859276
"('power_rating', 'gdp_usd', 'mv_usd', 'elo_rating', 'bmi', 'life_exp', 'qol', 'mv_play_dom', 'mv_play_int', 'dom_int_mv_ratio', 'dom_perc')",0.622784164
"('power_rating', 'gdp_usd', 'mv_usd', 'elo_rating', 'bmi', 'life_exp', 'qol', 'mv_play_dom', 'mv_play_int', 'dom_int_mv_ratio', 'int_perc')",0.622784164
"('power_rating', 'gdp_usd', 'mv_usd', 'elo_rating', 'bmi', 'life_exp', 'qol', 'mv_play_dom', 'mv_play_int', 'dom_int_mv_ratio', 'dom_perc', 'int_perc')",0.622784164
"('power_rating', 'gdp_usd', 'mv_usd', 'elo_rating', 'life_exp', 'qol', 'mv_play_dom', 'mv_play_int', 'dom_int_mv_ratio', 'dom_perc')",0.622705003
"('power_rating', 'gdp_usd', 'mv_usd', 'elo_rating', 'life_exp', 'qol', 'mv_play_dom', 'mv_play_int', 'dom_int_mv_ratio', 'int_perc')",0.622705003
"('power_rating', 'gdp_usd', 'mv_usd', 'elo_rating', 'life_exp', 'qol', 'mv_play_dom', 'mv_play_int', 'dom_int_mv_ratio', 'dom_perc', 'int_perc')",0.622705003
"('power_rating', 'gdp_usd', 'mv_usd', 'bmi', 'life_exp', 'qol', 'mv_play_dom', 'mv_play_int', 'num_play_int')",0.622656284
"('power_rating', 'mv_usd', 'bmi', 'life_exp', 'qol', 'mv_play_dom', 'mv_play_int', 'num_play_int', 'dom_int_mv_ratio')",0.622610456
"('power_rating', 'mv_usd', 'life_exp', 'qol', 'mv_play_dom', 'mv_play_int', 'num_play_int', 'dom_int_mv_ratio')",0.622594876
"('power_rating', 'gdp_usd', 'mv_usd', 'life_exp', 'qol', 'mv_play_dom', 'mv_play_int', 'num_play_int')",0.622544901
"('power_rating', 'gdp_usd', 'elo_rating', 'qol', 'mv_play_dom', 'num_play_dom', 'mv_play_int', 'num_play_int', 'dom_int_mv_ratio')",0.622542726
"('power_rating', 'elo_rating', 'qol', 'mv_play_dom', 'num_play_dom', 'mv_play_int', 'num_play_int', 'dom_int_mv_ratio')",0.622528131
"('power_rating', 'gdp_usd', 'mv_usd', 'elo_rating', 'qol', 'mv_play_dom', 'mv_play_int', 'num_play_int', 'dom_int_mv_ratio')",0.622470182
"('power_rating', 'gdp_usd', 'bmi', 'qol', 'mv_play_dom', 'num_play_dom', 'mv_play_int', 'num_play_int', 'dom_int_mv_ratio')",0.622061073
"('power_rating', 'bmi', 'qol', 'mv_play_dom', 'num_play_dom', 'mv_play_int', 'num_play_int', 'dom_int_mv_ratio')",0.622018109
"('power_rating', 'gdp_usd', 'mv_usd', 'bmi', 'qol', 'num_play_dom', 'mv_play_int', 'num_play_int', 'dom_int_mv_ratio')",0.621802517
"('power_rating', 'gdp_usd', 'bmi', 'qol', 'num_play_dom', 'mv_play_int', 'num_play_int', 'dom_int_mv_ratio')",0.621802517
"('power_rating', 'mv_usd', 'bmi', 'qol', 'num_play_dom', 'mv_play_int', 'num_play_int', 'dom_int_mv_ratio')",0.621769507
"('power_rating', 'bmi', 'qol', 'num_play_dom', 'mv_play_int', 'num_play_int', 'dom_int_mv_ratio')",0.621767904
"('power_rating', 'elo_rating', 'bmi', 'mv_play_int', 'num_play_int', 'dom_perc')",0.621542224
"('power_rating', 'elo_rating', 'bmi', 'mv_play_int', 'num_play_int', 'int_perc')",0.621542224
"('power_rating', 'elo_rating', 'bmi', 'mv_play_int', 'num_play_int', 'dom_perc', 'int_perc')",0.621542224
"('power_rating', 'gdp_usd', 'elo_rating', 'bmi', 'life_exp', 'mv_play_dom', 'mv_play_int', 'num_play_int', 'dom_int_mv_ratio')",0.621457643
"('power_rating', 'gdp_usd', 'elo_rating', 'life_exp', 'mv_play_dom', 'mv_play_int', 'num_play_int', 'dom_int_mv_ratio')",0.62145755
"('power_rating', 'mv_usd', 'bmi', 'life_exp', 'qol', 'mv_play_dom', 'mv_play_int', 'num_play_int')",0.621427211
"('power_rating', 'mv_usd', 'life_exp', 'qol', 'mv_play_dom', 'mv_play_int', 'num_play_int')",0.621420533
"('power_rating', 'gdp_usd', 'mv_usd', 'elo_rating', 'bmi', 'qol', 'mv_play_dom', 'num_play_dom', 'mv_play_int', 'dom_int_mv_ratio', 'dom_perc')",0.621396279
"('power_rating', 'gdp_usd', 'mv_usd', 'elo_rating', 'bmi', 'qol', 'mv_play_dom', 'num_play_dom', 'mv_play_int', 'dom_int_mv_ratio', 'int_perc')",0.621396279
"('power_rating', 'gdp_usd', 'mv_usd', 'elo_rating', 'bmi', 'qol', 'mv_play_dom', 'num_play_dom', 'mv_play_int', 'dom_int_mv_ratio', 'dom_perc', 'int_perc')",0.621396279
"('power_rating', 'elo_rating', 'bmi', 'life_exp', 'mv_play_dom', 'mv_play_int', 'num_play_int', 'dom_int_mv_ratio')",0.621310739
"('power_rating', 'elo_rating', 'life_exp', 'mv_play_dom', 'mv_play_int', 'num_play_int', 'dom_int_mv_ratio')",0.621294899
"('power_rating', 'gdp_usd', 'elo_rating', 'bmi', 'life_exp', 'qol', 'mv_play_dom', 'mv_play_int', 'num_play_int')",0.621291906
"('power_rating', 'gdp_usd', 'elo_rating', 'life_exp', 'qol', 'mv_play_dom', 'mv_play_int', 'num_play_int')",0.621274259
"('power_rating', 'gdp_usd', 'mv_usd', 'elo_rating', 'qol', 'mv_play_dom', 'num_play_dom', 'mv_play_int', 'dom_int_mv_ratio', 'dom_perc')",0.621201929
"('power_rating', 'gdp_usd', 'mv_usd', 'elo_rating', 'qol', 'mv_play_dom', 'num_play_dom', 'mv_play_int', 'dom_int_mv_ratio', 'int_perc')",0.621201929
"('power_rating', 'gdp_usd', 'mv_usd', 'elo_rating', 'qol', 'mv_play_dom', 'num_play_dom', 'mv_play_int', 'dom_int_mv_ratio', 'dom_perc', 'int_perc')",0.621201929
"('power_rating', 'gdp_usd', 'mv_usd', 'elo_rating', 'bmi', 'life_exp', 'mv_play_dom', 'mv_play_int', 'num_play_int')",0.621154353
"('power_rating', 'elo_rating', 'bmi', 'life_exp', 'qol', 'mv_play_dom', 'mv_play_int', 'num_play_int')",0.621130807
"('power_rating', 'mv_usd', 'elo_rating', 'bmi', 'life_exp', 'mv_play_dom', 'mv_play_int', 'num_play_int')",0.621095833
"('power_rating', 'gdp_usd', 'mv_usd', 'bmi', 'qol', 'mv_play_dom', 'num_play_dom', 'mv_play_int', 'num_play_int')",0.621086906
"('power_rating', 'elo_rating', 'life_exp', 'qol', 'mv_play_dom', 'mv_play_int', 'num_play_int')",0.62108422
"('power_rating', 'gdp_usd', 'mv_usd', 'elo_rating', 'bmi', 'qol', 'mv_play_dom', 'mv_play_int', 'dom_int_mv_ratio', 'dom_perc')",0.620940535
"('power_rating', 'gdp_usd', 'mv_usd', 'elo_rating', 'bmi', 'qol', 'mv_play_dom', 'mv_play_int', 'dom_int_mv_ratio', 'int_perc')",0.620940535
"('power_rating', 'gdp_usd', 'mv_usd', 'elo_rating', 'bmi', 'qol', 'mv_play_dom', 'mv_play_int', 'dom_int_mv_ratio', 'dom_perc', 'int_perc')",0.620940535
"('power_rating', 'gdp_usd', 'bmi', 'life_exp', 'qol', 'mv_play_dom', 'mv_play_int', 'num_play_int', 'dom_int_mv_ratio')",0.620911073
"('power_rating', 'gdp_usd', 'life_exp', 'qol', 'mv_play_dom', 'mv_play_int', 'num_play_int', 'dom_int_mv_ratio')",0.620850685
"('power_rating', 'bmi', 'life_exp', 'qol', 'mv_play_dom', 'mv_play_int', 'num_play_int', 'dom_int_mv_ratio')",0.620716735
"('power_rating', 'gdp_usd', 'mv_usd', 'elo_rating', 'life_exp', 'mv_play_dom', 'mv_play_int', 'num_play_int')",0.620698247
"('power_rating', 'mv_usd', 'elo_rating', 'life_exp', 'mv_play_dom', 'mv_play_int', 'num_play_int')",0.620697426
"('power_rating', 'life_exp', 'qol', 'mv_play_dom', 'mv_play_int', 'num_play_int', 'dom_int_mv_ratio')",0.62060282
"('power_rating', 'mv_usd', 'bmi', 'qol', 'mv_play_dom', 'num_play_dom', 'mv_play_int', 'num_play_int')",0.620595203
"('power_rating', 'gdp_usd', 'mv_usd', 'elo_rating', 'bmi', 'life_exp', 'qol', 'mv_play_dom', 'num_play_dom', 'mv_play_int', 'dom_int_mv_ratio')",0.620488012
"('power_rating', 'gdp_usd', 'elo_rating', 'bmi', 'qol', 'mv_play_dom', 'num_play_dom', 'num_play_int', 'dom_perc')",0.62043208
"('power_rating', 'gdp_usd', 'elo_rating', 'bmi', 'qol', 'mv_play_dom', 'num_play_dom', 'num_play_int', 'int_perc')",0.62043208
"('power_rating', 'gdp_usd', 'elo_rating', 'bmi', 'qol', 'mv_play_dom', 'num_play_dom', 'num_play_int', 'dom_perc', 'int_perc')",0.62043208
"('power_rating', 'gdp_usd', 'mv_usd', 'elo_rating', 'life_exp', 'qol', 'mv_play_dom', 'num_play_dom', 'mv_play_int', 'dom_int_mv_ratio')",0.620363851
"('power_rating', 'gdp_usd', 'mv_usd', 'elo_rating', 'qol', 'mv_play_dom', 'mv_play_int', 'dom_int_mv_ratio', 'dom_perc')",0.620332132
"('power_rating', 'gdp_usd', 'mv_usd', 'elo_rating', 'qol', 'mv_play_dom', 'mv_play_int', 'dom_int_mv_ratio', 'int_perc')",0.620332132
"('power_rating', 'gdp_usd', 'mv_usd', 'elo_rating', 'qol', 'mv_play_dom', 'mv_play_int', 'dom_int_mv_ratio', 'dom_perc', 'int_perc')",0.620332132
"('power_rating', 'gdp_usd', 'mv_usd', 'elo_rating', 'bmi', 'qol', 'mv_play_dom', 'mv_play_int', 'num_play_int')",0.620320858
"('gdp_usd', 'mv_usd', 'elo_rating', 'bmi', 'life_exp', 'qol', 'mv_play_dom', 'num_play_dom', 'mv_play_int', 'num_play_int', 'dom_int_mv_ratio', 'dom_perc')",0.620301336
"('gdp_usd', 'mv_usd', 'elo_rating', 'bmi', 'life_exp', 'qol', 'mv_play_dom', 'num_play_dom', 'mv_play_int', 'num_play_int', 'dom_int_mv_ratio', 'int_perc')",0.620301336
"('gdp_usd', 'mv_usd', 'elo_rating', 'bmi', 'life_exp', 'qol', 'mv_play_dom', 'num_play_dom', 'mv_play_int', 'num_play_int', 'dom_int_mv_ratio', 'dom_perc', 'int_perc')",0.620301336
"('power_rating', 'gdp_usd', 'mv_usd', 'elo_rating', 'qol', 'mv_play_dom', 'num_play_dom', 'mv_play_int', 'num_play_int')",0.620287705
"('power_rating', 'gdp_usd', 'mv_usd', 'life_exp', 'mv_play_dom', 'num_play_dom', 'num_play_int', 'dom_int_mv_ratio', 'dom_perc')",0.620215843
"('power_rating', 'gdp_usd', 'mv_usd', 'life_exp', 'mv_play_dom', 'num_play_dom', 'num_play_int', 'dom_int_mv_ratio', 'int_perc')",0.620215843
"('power_rating', 'gdp_usd', 'mv_usd', 'life_exp', 'mv_play_dom', 'num_play_dom', 'num_play_int', 'dom_int_mv_ratio', 'dom_perc', 'int_perc')",0.620215843
"('power_rating', 'gdp_usd', 'life_exp', 'mv_play_dom', 'num_play_dom', 'num_play_int', 'dom_int_mv_ratio', 'int_perc')",0.62015465
"('power_rating', 'gdp_usd', 'life_exp', 'mv_play_dom', 'num_play_dom', 'num_play_int', 'dom_int_mv_ratio', 'dom_perc', 'int_perc')",0.62015465
"('power_rating', 'gdp_usd', 'life_exp', 'mv_play_dom', 'num_play_dom', 'num_play_int', 'dom_int_mv_ratio', 'dom_perc')",0.62015465
"('power_rating', 'gdp_usd', 'mv_usd', 'elo_rating', 'bmi', 'mv_play_dom', 'num_play_dom', 'num_play_int', 'dom_int_mv_ratio', 'dom_perc')",0.619817619
"('power_rating', 'gdp_usd', 'mv_usd', 'elo_rating', 'bmi', 'mv_play_dom', 'num_play_dom', 'num_play_int', 'dom_int_mv_ratio', 'int_perc')",0.619817619
"('power_rating', 'gdp_usd', 'mv_usd', 'elo_rating', 'bmi', 'mv_play_dom', 'num_play_dom', 'num_play_int', 'dom_int_mv_ratio', 'dom_perc', 'int_perc')",0.619817619
"('elo_rating', 'bmi', 'qol', 'mv_play_dom', 'dom_int_mv_ratio', 'dom_perc')",0.619746749
"('elo_rating', 'bmi', 'qol', 'mv_play_dom', 'dom_int_mv_ratio', 'int_perc')",0.619746749
"('elo_rating', 'bmi', 'qol', 'mv_play_dom', 'dom_int_mv_ratio', 'dom_perc', 'int_perc')",0.619746749
"('power_rating', 'gdp_usd', 'elo_rating', 'bmi', 'life_exp', 'qol', 'mv_play_dom', 'num_play_dom', 'mv_play_int', 'dom_int_mv_ratio', 'dom_perc')",0.619722404
"('power_rating', 'gdp_usd', 'elo_rating', 'bmi', 'life_exp', 'qol', 'mv_play_dom', 'num_play_dom', 'mv_play_int', 'dom_int_mv_ratio', 'int_perc')",0.619722404
"('power_rating', 'gdp_usd', 'elo_rating', 'bmi', 'life_exp', 'qol', 'mv_play_dom', 'num_play_dom', 'mv_play_int', 'dom_int_mv_ratio', 'dom_perc', 'int_perc')",0.619722404
"('power_rating', 'gdp_usd', 'elo_rating', 'life_exp', 'qol', 'mv_play_dom', 'num_play_dom', 'mv_play_int', 'dom_int_mv_ratio', 'dom_perc')",0.619700174
"('power_rating', 'gdp_usd', 'elo_rating', 'life_exp', 'qol', 'mv_play_dom', 'num_play_dom', 'mv_play_int', 'dom_int_mv_ratio', 'int_perc')",0.619700174
"('power_rating', 'gdp_usd', 'elo_rating', 'life_exp', 'qol', 'mv_play_dom', 'num_play_dom', 'mv_play_int', 'dom_int_mv_ratio', 'dom_perc', 'int_perc')",0.619700174
"('power_rating', 'elo_rating', 'bmi', 'qol', 'mv_play_dom', 'num_play_dom', 'num_play_int', 'dom_perc')",0.619653336
"('power_rating', 'elo_rating', 'bmi', 'qol', 'mv_play_dom', 'num_play_dom', 'num_play_int', 'int_perc')",0.619653336
"('power_rating', 'elo_rating', 'bmi', 'qol', 'mv_play_dom', 'num_play_dom', 'num_play_int', 'dom_perc', 'int_perc')",0.619653336
"('power_rating', 'gdp_usd', 'mv_usd', 'elo_rating', 'qol', 'num_play_dom', 'mv_play_int', 'num_play_int', 'dom_int_mv_ratio')",0.619563558
"('power_rating', 'mv_usd', 'elo_rating', 'qol', 'num_play_dom', 'mv_play_int', 'num_play_int', 'dom_int_mv_ratio')",0.619556829
"('power_rating', 'gdp_usd', 'elo_rating', 'bmi', 'life_exp', 'qol', 'mv_play_dom', 'mv_play_int', 'dom_int_mv_ratio', 'dom_perc')",0.619555727
"('power_rating', 'gdp_usd', 'elo_rating', 'bmi', 'life_exp', 'qol', 'mv_play_dom', 'mv_play_int', 'dom_int_mv_ratio', 'int_perc')",0.619555727
"('power_rating', 'gdp_usd', 'elo_rating', 'bmi', 'life_exp', 'qol', 'mv_play_dom', 'mv_play_int', 'dom_int_mv_ratio', 'dom_perc', 'int_perc')",0.619555727
"('power_rating', 'gdp_usd', 'elo_rating', 'life_exp', 'qol', 'mv_play_dom', 'mv_play_int', 'dom_int_mv_ratio', 'dom_perc')",0.619555693
"('power_rating', 'gdp_usd', 'elo_rating', 'life_exp', 'qol', 'mv_play_dom', 'mv_play_int', 'dom_int_mv_ratio', 'int_perc')",0.619555693
"('power_rating', 'gdp_usd', 'elo_rating', 'life_exp', 'qol', 'mv_play_dom', 'mv_play_int', 'dom_int_mv_ratio', 'dom_perc', 'int_perc')",0.619555693
"('power_rating', 'mv_usd', 'elo_rating', 'bmi', 'mv_play_dom', 'num_play_dom', 'num_play_int', 'dom_int_mv_ratio', 'dom_perc')",0.619396733
"('power_rating', 'mv_usd', 'elo_rating', 'bmi', 'mv_play_dom', 'num_play_dom', 'num_play_int', 'dom_int_mv_ratio', 'int_perc')",0.619396733
"('power_rating', 'mv_usd', 'elo_rating', 'bmi', 'mv_play_dom', 'num_play_dom', 'num_play_int', 'dom_int_mv_ratio', 'dom_perc', 'int_perc')",0.619396733
"('mv_usd', 'bmi', 'num_play_dom', 'mv_play_int', 'dom_int_mv_ratio')",0.619270108
"('power_rating', 'gdp_usd', 'mv_usd', 'elo_rating', 'bmi', 'life_exp', 'qol', 'mv_play_int', 'num_play_int', 'dom_int_mv_ratio')",0.619265434
"('elo_rating', 'bmi', 'qol', 'mv_play_dom', 'dom_perc')",0.619155163
"('elo_rating', 'bmi', 'qol', 'mv_play_dom', 'int_perc')",0.619155163
"('elo_rating', 'bmi', 'qol', 'mv_play_dom', 'dom_perc', 'int_perc')",0.619155163
"('power_rating', 'mv_usd', 'elo_rating', 'bmi', 'life_exp', 'qol', 'mv_play_int', 'num_play_int', 'dom_int_mv_ratio')",0.619131917
"('power_rating', 'gdp_usd', 'mv_usd', 'elo_rating', 'qol', 'mv_play_dom', 'mv_play_int', 'num_play_int')",0.619096146
"('mv_usd', 'life_exp', 'num_play_dom', 'mv_play_int', 'dom_int_mv_ratio')",0.619080646
"('power_rating', 'mv_usd', 'elo_rating', 'bmi', 'life_exp', 'qol', 'mv_play_dom', 'num_play_dom', 'mv_play_int', 'dom_int_mv_ratio', 'dom_perc')",0.61902619
"('power_rating', 'mv_usd', 'elo_rating', 'bmi', 'life_exp', 'qol', 'mv_play_dom', 'num_play_dom', 'mv_play_int', 'dom_int_mv_ratio', 'int_perc')",0.61902619
"('power_rating', 'mv_usd', 'elo_rating', 'bmi', 'life_exp', 'qol', 'mv_play_dom', 'num_play_dom', 'mv_play_int', 'dom_int_mv_ratio', 'dom_perc', 'int_perc')",0.61902619
"('power_rating', 'mv_usd', 'elo_rating', 'life_exp', 'qol', 'mv_play_dom', 'num_play_dom', 'mv_play_int', 'dom_int_mv_ratio', 'dom_perc')",0.618985855
"('power_rating', 'mv_usd', 'elo_rating', 'life_exp', 'qol', 'mv_play_dom', 'num_play_dom', 'mv_play_int', 'dom_int_mv_ratio', 'int_perc')",0.618985855
"('power_rating', 'mv_usd', 'elo_rating', 'life_exp', 'qol', 'mv_play_dom', 'num_play_dom', 'mv_play_int', 'dom_int_mv_ratio', 'dom_perc', 'int_perc')",0.618985855
"('gdp_usd', 'mv_usd', 'elo_rating', 'bmi', 'life_exp', 'qol', 'mv_play_dom', 'num_play_dom', 'mv_play_int', 'num_play_int', 'dom_int_mv_ratio')",0.618905155
"('power_rating', 'mv_usd', 'elo_rating', 'bmi', 'qol', 'mv_play_dom', 'mv_play_int', 'num_play_int', 'dom_int_mv_ratio')",0.618894038
"('power_rating', 'gdp_usd', 'bmi', 'mv_play_int', 'num_play_int', 'dom_perc')",0.618858547
"('power_rating', 'gdp_usd', 'bmi', 'mv_play_int', 'num_play_int', 'int_perc')",0.618858547
"('power_rating', 'gdp_usd', 'bmi', 'mv_play_int', 'num_play_int', 'dom_perc', 'int_perc')",0.618858547
"('gdp_usd', 'mv_usd', 'elo_rating', 'life_exp', 'qol', 'mv_play_dom', 'num_play_dom', 'mv_play_int', 'num_play_int', 'dom_int_mv_ratio', 'dom_perc')",0.618819161
"('gdp_usd', 'mv_usd', 'elo_rating', 'life_exp', 'qol', 'mv_play_dom', 'num_play_dom', 'mv_play_int', 'num_play_int', 'dom_int_mv_ratio', 'int_perc')",0.618819161
"('gdp_usd', 'mv_usd', 'elo_rating', 'life_exp', 'qol', 'mv_play_dom', 'num_play_dom', 'mv_play_int', 'num_play_int', 'dom_int_mv_ratio', 'dom_perc', 'int_perc')",0.618819161
"('power_rating', 'mv_usd', 'elo_rating', 'qol', 'mv_play_dom', 'mv_play_int', 'num_play_int', 'dom_int_mv_ratio')",0.618792071
"('power_rating', 'gdp_usd', 'mv_usd', 'elo_rating', 'life_exp', 'qol', 'mv_play_int', 'num_play_int', 'dom_int_mv_ratio')",0.618705628
"('power_rating', 'gdp_usd', 'mv_usd', 'qol', 'mv_play_dom', 'num_play_dom', 'mv_play_int', 'num_play_int', 'dom_int_mv_ratio')",0.618602604
"('power_rating', 'gdp_usd', 'mv_usd', 'elo_rating', 'bmi', 'num_play_dom', 'num_play_int', 'dom_int_mv_ratio', 'dom_perc')",0.618539557
"('power_rating', 'gdp_usd', 'mv_usd', 'elo_rating', 'bmi', 'num_play_dom', 'num_play_int', 'dom_int_mv_ratio', 'int_perc')",0.618539557
"('power_rating', 'gdp_usd', 'mv_usd', 'elo_rating', 'bmi', 'num_play_dom', 'num_play_int', 'dom_int_mv_ratio', 'dom_perc', 'int_perc')",0.618539557
"('power_rating', 'gdp_usd', 'qol', 'mv_play_int', 'num_play_int', 'dom_perc')",0.618529845
"('power_rating', 'gdp_usd', 'qol', 'mv_play_int', 'num_play_int', 'int_perc')",0.618529845
"('power_rating', 'gdp_usd', 'qol', 'mv_play_int', 'num_play_int', 'dom_perc', 'int_perc')",0.618529845
"('power_rating', 'mv_usd', 'elo_rating', 'qol', 'mv_play_dom', 'num_play_dom', 'mv_play_int', 'num_play_int')",0.618509105
"('mv_play_dom', 'mv_play_int', 'dom_perc')",0.618492793
"('mv_play_dom', 'mv_play_int', 'int_perc')",0.618492793
"('mv_play_dom', 'mv_play_int', 'dom_perc', 'int_perc')",0.618492793
"('power_rating', 'mv_usd', 'elo_rating', 'bmi', 'life_exp', 'qol', 'mv_play_dom', 'num_play_dom', 'mv_play_int', 'dom_int_mv_ratio')",0.618464451
"('power_rating', 'gdp_usd', 'mv_usd', 'elo_rating', 'bmi', 'qol', 'num_play_dom', 'mv_play_int', 'num_play_int')",0.618412425
"('power_rating', 'qol', 'mv_play_int', 'num_play_int', 'dom_perc')",0.618412059
"('power_rating', 'qol', 'mv_play_int', 'num_play_int', 'int_perc')",0.618412059
"('power_rating', 'qol', 'mv_play_int', 'num_play_int', 'dom_perc', 'int_perc')",0.618412059
"('power_rating', 'mv_usd', 'elo_rating', 'life_exp', 'qol', 'mv_play_int', 'num_play_int', 'dom_int_mv_ratio')",0.618403622
"('power_rating', 'mv_usd', 'elo_rating', 'bmi', 'qol', 'num_play_dom', 'mv_play_int', 'num_play_int')",0.618397344
"('power_rating', 'mv_usd', 'elo_rating', 'life_exp', 'qol', 'mv_play_dom', 'num_play_dom', 'mv_play_int', 'dom_int_mv_ratio')",0.618376455
"('power_rating', 'gdp_usd', 'elo_rating', 'qol', 'num_play_dom', 'mv_play_int', 'num_play_int', 'dom_int_mv_ratio')",0.618340081
"('power_rating', 'gdp_usd', 'mv_usd', 'bmi', 'life_exp', 'mv_play_dom', 'num_play_dom', 'num_play_int', 'dom_perc')",0.618328508
"('power_rating', 'gdp_usd', 'mv_usd', 'bmi', 'life_exp', 'mv_play_dom', 'num_play_dom', 'num_play_int', 'int_perc')",0.618328508
"('power_rating', 'gdp_usd', 'mv_usd', 'bmi', 'life_exp', 'mv_play_dom', 'num_play_dom', 'num_play_int', 'dom_perc', 'int_perc')",0.618328508
"('power_rating', 'elo_rating', 'qol', 'num_play_dom', 'mv_play_int', 'num_play_int', 'dom_int_mv_ratio')",0.618312005
"('power_rating', 'gdp_usd', 'elo_rating', 'bmi', 'life_exp', 'qol', 'mv_play_dom', 'num_play_dom', 'mv_play_int', 'dom_int_mv_ratio')",0.61830094
"('power_rating', 'mv_usd', 'qol', 'mv_play_dom', 'num_play_dom', 'mv_play_int', 'num_play_int', 'dom_int_mv_ratio')",0.618268808
"('power_rating', 'gdp_usd', 'elo_rating', 'life_exp', 'qol', 'mv_play_dom', 'num_play_dom', 'mv_play_int', 'dom_int_mv_ratio')",0.618210882
"('power_rating', 'elo_rating', 'bmi', 'life_exp', 'qol', 'mv_play_dom', 'num_play_dom', 'mv_play_int', 'dom_int_mv_ratio', 'dom_perc')",0.618104535
"('power_rating', 'elo_rating', 'bmi', 'life_exp', 'qol', 'mv_play_dom', 'num_play_dom', 'mv_play_int', 'dom_int_mv_ratio', 'int_perc')",0.618104535
"('power_rating', 'elo_rating', 'bmi', 'life_exp', 'qol', 'mv_play_dom', 'num_play_dom', 'mv_play_int', 'dom_int_mv_ratio', 'dom_perc', 'int_perc')",0.618104535
"('power_rating', 'elo_rating', 'life_exp', 'qol', 'mv_play_dom', 'num_play_dom', 'mv_play_int', 'dom_int_mv_ratio', 'dom_perc')",0.618071427
"('power_rating', 'elo_rating', 'life_exp', 'qol', 'mv_play_dom', 'num_play_dom', 'mv_play_int', 'dom_int_mv_ratio', 'int_perc')",0.618071427
"('power_rating', 'elo_rating', 'life_exp', 'qol', 'mv_play_dom', 'num_play_dom', 'mv_play_int', 'dom_int_mv_ratio', 'dom_perc', 'int_perc')",0.618071427
"('power_rating', 'gdp_usd', 'mv_usd', 'life_exp', 'qol', 'mv_play_dom', 'num_play_dom', 'num_play_int', 'dom_perc')",0.617884231
"('power_rating', 'gdp_usd', 'mv_usd', 'life_exp', 'qol', 'mv_play_dom', 'num_play_dom', 'num_play_int', 'int_perc')",0.617884231
"('power_rating', 'gdp_usd', 'mv_usd', 'life_exp', 'qol', 'mv_play_dom', 'num_play_dom', 'num_play_int', 'dom_perc', 'int_perc')",0.617884231
"('power_rating', 'gdp_usd', 'mv_usd', 'life_exp', 'qol', 'num_play_dom', 'num_play_int', 'dom_perc')",0.617870873
"('power_rating', 'gdp_usd', 'mv_usd', 'life_exp', 'qol', 'num_play_dom', 'num_play_int', 'int_perc')",0.617870873
"('power_rating', 'gdp_usd', 'mv_usd', 'life_exp', 'qol', 'num_play_dom', 'num_play_int', 'dom_perc', 'int_perc')",0.617870873
"('power_rating', 'gdp_usd', 'mv_usd', 'elo_rating', 'bmi', 'qol', 'mv_play_dom', 'num_play_dom', 'mv_play_int', 'dom_int_mv_ratio')",0.617848242
"('power_rating', 'gdp_usd', 'mv_usd', 'elo_rating', 'bmi', 'life_exp', 'qol', 'mv_play_dom', 'num_play_dom', 'mv_play_int', 'dom_perc')",0.617816462
"('power_rating', 'gdp_usd', 'mv_usd', 'elo_rating', 'bmi', 'life_exp', 'qol', 'mv_play_dom', 'num_play_dom', 'mv_play_int', 'int_perc')",0.617816462
"('power_rating', 'gdp_usd', 'mv_usd', 'elo_rating', 'bmi', 'life_exp', 'qol', 'mv_play_dom', 'num_play_dom', 'mv_play_int', 'dom_perc', 'int_perc')",0.617816462
"('power_rating', 'gdp_usd', 'mv_usd', 'bmi', 'qol', 'num_play_dom', 'mv_play_int', 'num_play_int')",0.617782364
"('power_rating', 'mv_usd', 'bmi', 'qol', 'num_play_dom', 'mv_play_int', 'num_play_int')",0.617765573
"('power_rating', 'gdp_usd', 'bmi', 'life_exp', 'qol', 'mv_play_dom', 'mv_play_int', 'num_play_int')",0.617685785
"('power_rating', 'gdp_usd', 'life_exp', 'qol', 'mv_play_dom', 'mv_play_int', 'num_play_int')",0.617685776
"('power_rating', 'mv_usd', 'elo_rating', 'bmi', 'life_exp', 'qol', 'mv_play_dom', 'mv_play_int', 'dom_int_mv_ratio', 'dom_perc')",0.617651949
"('power_rating', 'mv_usd', 'elo_rating', 'bmi', 'life_exp', 'qol', 'mv_play_dom', 'mv_play_int', 'dom_int_mv_ratio', 'int_perc')",0.617651949
"('power_rating', 'mv_usd', 'elo_rating', 'bmi', 'life_exp', 'qol', 'mv_play_dom', 'mv_play_int', 'dom_int_mv_ratio', 'dom_perc', 'int_perc')",0.617651949
"('power_rating', 'gdp_usd', 'mv_usd', 'elo_rating', 'bmi', 'life_exp', 'qol', 'mv_play_dom', 'mv_play_int', 'dom_perc')",0.617645766
"('power_rating', 'gdp_usd', 'mv_usd', 'elo_rating', 'bmi', 'life_exp', 'qol', 'mv_play_dom', 'mv_play_int', 'int_perc')",0.617645766
"('power_rating', 'gdp_usd', 'mv_usd', 'elo_rating', 'bmi', 'life_exp', 'qol', 'mv_play_dom', 'mv_play_int', 'dom_perc', 'int_perc')",0.617645766
"('power_rating', 'gdp_usd', 'mv_usd', 'bmi', 'qol', 'mv_play_dom', 'num_play_dom', 'num_play_int', 'dom_int_mv_ratio', 'dom_perc')",0.617642806
"('power_rating', 'gdp_usd', 'mv_usd', 'bmi', 'qol', 'mv_play_dom', 'num_play_dom', 'num_play_int', 'dom_int_mv_ratio', 'int_perc')",0.617642806
"('power_rating', 'gdp_usd', 'mv_usd', 'bmi', 'qol', 'mv_play_dom', 'num_play_dom', 'num_play_int', 'dom_int_mv_ratio', 'dom_perc', 'int_perc')",0.617642806
"('power_rating', 'gdp_usd', 'mv_usd', 'bmi', 'qol', 'num_play_dom', 'num_play_int', 'dom_int_mv_ratio', 'dom_perc')",0.617642255
"('power_rating', 'gdp_usd', 'mv_usd', 'bmi', 'qol', 'num_play_dom', 'num_play_int', 'dom_int_mv_ratio', 'int_perc')",0.617642255
"('power_rating', 'gdp_usd', 'mv_usd', 'bmi', 'qol', 'num_play_dom', 'num_play_int', 'dom_int_mv_ratio', 'dom_perc', 'int_perc')",0.617642255
"('power_rating', 'mv_usd', 'life_exp', 'qol', 'mv_play_dom', 'num_play_dom', 'num_play_int', 'dom_perc')",0.617638622
"('power_rating', 'mv_usd', 'life_exp', 'qol', 'mv_play_dom', 'num_play_dom', 'num_play_int', 'int_perc')",0.617638622
"('power_rating', 'mv_usd', 'life_exp', 'qol', 'mv_play_dom', 'num_play_dom', 'num_play_int', 'dom_perc', 'int_perc')",0.617638622
"('power_rating', 'gdp_usd', 'elo_rating', 'bmi', 'qol', 'mv_play_dom', 'num_play_dom', 'mv_play_int', 'num_play_int')",0.61763606
"('power_rating', 'elo_rating', 'bmi', 'qol', 'mv_play_dom', 'num_play_dom', 'mv_play_int', 'num_play_int')",0.617635993
"('power_rating', 'gdp_usd', 'elo_rating', 'bmi', 'qol', 'num_play_dom', 'mv_play_int', 'num_play_int')",0.617612887
"('power_rating', 'elo_rating', 'bmi', 'qol', 'num_play_dom', 'mv_play_int', 'num_play_int')",0.617612871
"('power_rating', 'gdp_usd', 'mv_usd', 'elo_rating', 'life_exp', 'qol', 'mv_play_dom', 'num_play_dom', 'mv_play_int', 'dom_perc')",0.617577448
"('power_rating', 'gdp_usd', 'mv_usd', 'elo_rating', 'life_exp', 'qol', 'mv_play_dom', 'num_play_dom', 'mv_play_int', 'int_perc')",0.617577448
"('power_rating', 'gdp_usd', 'mv_usd', 'elo_rating', 'life_exp', 'qol', 'mv_play_dom', 'num_play_dom', 'mv_play_int', 'dom_perc', 'int_perc')",0.617577448
"('power_rating', 'mv_usd', 'elo_rating', 'life_exp', 'qol', 'mv_play_dom', 'mv_play_int', 'dom_int_mv_ratio', 'dom_perc')",0.617569233
"('power_rating', 'mv_usd', 'elo_rating', 'life_exp', 'qol', 'mv_play_dom', 'mv_play_int', 'dom_int_mv_ratio', 'int_perc')",0.617569233
"('power_rating', 'mv_usd', 'elo_rating', 'life_exp', 'qol', 'mv_play_dom', 'mv_play_int', 'dom_int_mv_ratio', 'dom_perc', 'int_perc')",0.617569233
"('power_rating', 'elo_rating', 'bmi', 'life_exp', 'qol', 'mv_play_dom', 'num_play_dom', 'mv_play_int', 'dom_int_mv_ratio')",0.617549502
"('power_rating', 'mv_usd', 'life_exp', 'qol', 'num_play_dom', 'num_play_int', 'dom_perc')",0.617537929
"('power_rating', 'mv_usd', 'life_exp', 'qol', 'num_play_dom', 'num_play_int', 'int_perc')",0.617537929
"('power_rating', 'mv_usd', 'life_exp', 'qol', 'num_play_dom', 'num_play_int', 'dom_perc', 'int_perc')",0.617537929
"('power_rating', 'bmi', 'life_exp', 'qol', 'mv_play_dom', 'mv_play_int', 'num_play_int')",0.617487468
"('power_rating', 'life_exp', 'qol', 'mv_play_dom', 'mv_play_int', 'num_play_int')",0.617480158
"('power_rating', 'elo_rating', 'life_exp', 'qol', 'mv_play_dom', 'num_play_dom', 'mv_play_int', 'dom_int_mv_ratio')",0.617472696
"('power_rating', 'mv_usd', 'elo_rating', 'bmi', 'num_play_dom', 'num_play_int', 'dom_int_mv_ratio', 'dom_perc')",0.617440374
"('power_rating', 'mv_usd', 'elo_rating', 'bmi', 'num_play_dom', 'num_play_int', 'dom_int_mv_ratio', 'int_perc')",0.617440374
"('power_rating', 'mv_usd', 'elo_rating', 'bmi', 'num_play_dom', 'num_play_int', 'dom_int_mv_ratio', 'dom_perc', 'int_perc')",0.617440374
"('power_rating', 'gdp_usd', 'mv_usd', 'bmi', 'life_exp', 'mv_play_dom', 'mv_play_int', 'num_play_int', 'dom_int_mv_ratio')",0.617278526
"('power_rating', 'mv_usd', 'bmi', 'life_exp', 'mv_play_dom', 'mv_play_int', 'num_play_int', 'dom_int_mv_ratio')",0.617273615
"('gdp_usd', 'mv_usd', 'elo_rating', 'life_exp', 'qol', 'mv_play_dom', 'num_play_dom', 'mv_play_int', 'num_play_int', 'dom_int_mv_ratio')",0.617222825
"('power_rating', 'gdp_usd', 'mv_usd', 'elo_rating', 'qol', 'mv_play_dom', 'num_play_dom', 'mv_play_int', 'dom_int_mv_ratio')",0.617220755
"('power_rating', 'gdp_usd', 'mv_usd', 'elo_rating', 'life_exp', 'qol', 'mv_play_dom', 'mv_play_int', 'dom_perc')",0.617207085
"('power_rating', 'gdp_usd', 'mv_usd', 'elo_rating', 'life_exp', 'qol', 'mv_play_dom', 'mv_play_int', 'int_perc')",0.617207085
"('power_rating', 'gdp_usd', 'mv_usd', 'elo_rating', 'life_exp', 'qol', 'mv_play_dom', 'mv_play_int', 'dom_perc', 'int_perc')",0.617207085
"('power_rating', 'gdp_usd', 'mv_usd', 'bmi', 'life_exp', 'num_play_dom', 'num_play_int', 'dom_perc')",0.61706281
"('power_rating', 'gdp_usd', 'mv_usd', 'bmi', 'life_exp', 'num_play_dom', 'num_play_int', 'int_perc')",0.61706281
"('power_rating', 'gdp_usd', 'mv_usd', 'bmi', 'life_exp', 'num_play_dom', 'num_play_int', 'dom_perc', 'int_perc')",0.61706281
"('mv_usd', 'num_play_dom', 'mv_play_int', 'dom_int_mv_ratio')",0.617037448
"('power_rating', 'mv_usd', 'bmi', 'life_exp', 'mv_play_dom', 'num_play_dom', 'num_play_int', 'dom_perc')",0.61702308
"('power_rating', 'mv_usd', 'bmi', 'life_exp', 'mv_play_dom', 'num_play_dom', 'num_play_int', 'int_perc')",0.61702308
"('power_rating', 'mv_usd', 'bmi', 'life_exp', 'mv_play_dom', 'num_play_dom', 'num_play_int', 'dom_perc', 'int_perc')",0.61702308
"('power_rating', 'gdp_usd', 'mv_usd', 'elo_rating', 'bmi', 'life_exp', 'qol', 'mv_play_dom', 'mv_play_int', 'dom_int_mv_ratio')",0.617009506
"('power_rating', 'gdp_usd', 'elo_rating', 'bmi', 'life_exp', 'mv_play_dom', 'mv_play_int', 'num_play_int')",0.617007465
"('power_rating', 'gdp_usd', 'mv_usd', 'life_exp', 'mv_play_dom', 'mv_play_int', 'num_play_int', 'dom_int_mv_ratio')",0.616960488
"('power_rating', 'mv_usd', 'life_exp', 'mv_play_dom', 'mv_play_int', 'num_play_int', 'dom_int_mv_ratio')",0.616943319
"('power_rating', 'elo_rating', 'bmi', 'life_exp', 'mv_play_dom', 'mv_play_int', 'num_play_int')",0.616927003
"('power_rating', 'gdp_usd', 'elo_rating', 'life_exp', 'mv_play_dom', 'mv_play_int', 'num_play_int')",0.616912209
"('power_rating', 'gdp_usd', 'mv_usd', 'elo_rating', 'bmi', 'life_exp', 'qol', 'num_play_dom', 'mv_play_int', 'dom_int_mv_ratio', 'dom_perc')",0.616904555
"('power_rating', 'gdp_usd', 'mv_usd', 'elo_rating', 'bmi', 'life_exp', 'qol', 'num_play_dom', 'mv_play_int', 'dom_int_mv_ratio', 'int_perc')",0.616904555
"('power_rating', 'gdp_usd', 'mv_usd', 'elo_rating', 'bmi', 'life_exp', 'qol', 'num_play_dom', 'mv_play_int', 'dom_int_mv_ratio', 'dom_perc', 'int_perc')",0.616904555
"('power_rating', 'gdp_usd', 'mv_usd', 'bmi', 'life_exp', 'qol', 'mv_play_int', 'num_play_int', 'dom_int_mv_ratio')",0.616891377
"('power_rating', 'gdp_usd', 'qol', 'mv_play_dom', 'num_play_dom', 'mv_play_int', 'num_play_int', 'dom_int_mv_ratio')",0.616865444
"('power_rating', 'qol', 'mv_play_dom', 'num_play_dom', 'mv_play_int', 'num_play_int', 'dom_int_mv_ratio')",0.616863628
"('power_rating', 'gdp_usd', 'mv_usd', 'elo_rating', 'life_exp', 'qol', 'mv_play_dom', 'mv_play_int', 'dom_int_mv_ratio')",0.616795496
"('power_rating', 'gdp_usd', 'mv_usd', 'elo_rating', 'life_exp', 'qol', 'num_play_dom', 'mv_play_int', 'dom_int_mv_ratio', 'dom_perc')",0.616776115
"('power_rating', 'gdp_usd', 'mv_usd', 'elo_rating', 'life_exp', 'qol', 'num_play_dom', 'mv_play_int', 'dom_int_mv_ratio', 'int_perc')",0.616776115
"('power_rating', 'gdp_usd', 'mv_usd', 'elo_rating', 'life_exp', 'qol', 'num_play_dom', 'mv_play_int', 'dom_int_mv_ratio', 'dom_perc', 'int_perc')",0.616776115
"('power_rating', 'elo_rating', 'life_exp', 'mv_play_dom', 'mv_play_int', 'num_play_int')",0.616761675
"('power_rating', 'gdp_usd', 'elo_rating', 'bmi', 'mv_play_dom', 'num_play_dom', 'num_play_int', 'dom_int_mv_ratio', 'dom_perc')",0.61669833
"('power_rating', 'gdp_usd', 'elo_rating', 'bmi', 'mv_play_dom', 'num_play_dom', 'num_play_int', 'dom_int_mv_ratio', 'int_perc')",0.61669833
"('power_rating', 'gdp_usd', 'elo_rating', 'bmi', 'mv_play_dom', 'num_play_dom', 'num_play_int', 'dom_int_mv_ratio', 'dom_perc', 'int_perc')",0.61669833
"('power_rating', 'mv_usd', 'bmi', 'life_exp', 'qol', 'mv_play_int', 'num_play_int', 'dom_int_mv_ratio')",0.616663287
"('power_rating', 'gdp_usd', 'mv_usd', 'life_exp', 'qol', 'mv_play_int', 'num_play_int', 'dom_int_mv_ratio')",0.616648663
"('power_rating', 'gdp_usd', 'elo_rating', 'bmi', 'qol', 'mv_play_dom', 'mv_play_int', 'num_play_int', 'dom_int_mv_ratio')",0.616511477
"('power_rating', 'gdp_usd', 'mv_usd', 'bmi', 'life_exp', 'mv_play_dom', 'mv_play_int', 'num_play_int')",0.616494018
"('power_rating', 'mv_usd', 'bmi', 'life_exp', 'mv_play_dom', 'mv_play_int', 'num_play_int')",0.616446525
"('power_rating', 'gdp_usd', 'mv_usd', 'elo_rating', 'bmi', 'life_exp', 'qol', 'mv_play_int', 'dom_int_mv_ratio', 'dom_perc')",0.616442391
"('power_rating', 'gdp_usd', 'mv_usd', 'elo_rating', 'bmi', 'life_exp', 'qol', 'mv_play_int', 'dom_int_mv_ratio', 'int_perc')",0.616442391
"('power_rating', 'gdp_usd', 'mv_usd', 'elo_rating', 'bmi', 'life_exp', 'qol', 'mv_play_int', 'dom_int_mv_ratio', 'dom_perc', 'int_perc')",0.616442391
"('power_rating', 'gdp_usd', 'elo_rating', 'qol', 'mv_play_dom', 'mv_play_int', 'num_play_int', 'dom_int_mv_ratio')",0.616438283
"('power_rating', 'gdp_usd', 'mv_usd', 'elo_rating', 'life_exp', 'qol', 'mv_play_int', 'dom_int_mv_ratio', 'dom_perc')",0.616419375
"('power_rating', 'gdp_usd', 'mv_usd', 'elo_rating', 'life_exp', 'qol', 'mv_play_int', 'dom_int_mv_ratio', 'int_perc')",0.616419375
"('power_rating', 'gdp_usd', 'mv_usd', 'elo_rating', 'life_exp', 'qol', 'mv_play_int', 'dom_int_mv_ratio', 'dom_perc', 'int_perc')",0.616419375
"('power_rating', 'elo_rating', 'bmi', 'life_exp', 'qol', 'mv_play_dom', 'mv_play_int', 'dom_int_mv_ratio', 'dom_perc')",0.616377619
"('power_rating', 'elo_rating', 'bmi', 'life_exp', 'qol', 'mv_play_dom', 'mv_play_int', 'dom_int_mv_ratio', 'int_perc')",0.616377619
"('power_rating', 'elo_rating', 'bmi', 'life_exp', 'qol', 'mv_play_dom', 'mv_play_int', 'dom_int_mv_ratio', 'dom_perc', 'int_perc')",0.616377619
"('power_rating', 'gdp_usd', 'elo_rating', 'bmi', 'qol', 'mv_play_dom', 'num_play_dom', 'mv_play_int', 'dom_int_mv_ratio', 'dom_perc')",0.61637741
"('power_rating', 'gdp_usd', 'elo_rating', 'bmi', 'qol', 'mv_play_dom', 'num_play_dom', 'mv_play_int', 'dom_int_mv_ratio', 'int_perc')",0.61637741
"('power_rating', 'gdp_usd', 'elo_rating', 'bmi', 'qol', 'mv_play_dom', 'num_play_dom', 'mv_play_int', 'dom_int_mv_ratio', 'dom_perc', 'int_perc')",0.61637741
"('power_rating', 'gdp_usd', 'elo_rating', 'bmi', 'qol', 'mv_play_dom', 'mv_play_int', 'dom_int_mv_ratio', 'dom_perc')",0.616369818
"('power_rating', 'gdp_usd', 'elo_rating', 'bmi', 'qol', 'mv_play_dom', 'mv_play_int', 'dom_int_mv_ratio', 'int_perc')",0.616369818
"('power_rating', 'gdp_usd', 'elo_rating', 'bmi', 'qol', 'mv_play_dom', 'mv_play_int', 'dom_int_mv_ratio', 'dom_perc', 'int_perc')",0.616369818
"('power_rating', 'gdp_usd', 'mv_usd', 'elo_rating', 'bmi', 'qol', 'mv_play_dom', 'num_play_dom', 'mv_play_int', 'dom_perc')",0.616336743
"('power_rating', 'gdp_usd', 'mv_usd', 'elo_rating', 'bmi', 'qol', 'mv_play_dom', 'num_play_dom', 'mv_play_int', 'int_perc')",0.616336743
"('power_rating', 'gdp_usd', 'mv_usd', 'elo_rating', 'bmi', 'qol', 'mv_play_dom', 'num_play_dom', 'mv_play_int', 'dom_perc', 'int_perc')",0.616336743
"('power_rating', 'gdp_usd', 'mv_usd', 'qol', 'num_play_dom', 'mv_play_int', 'num_play_int', 'dom_int_mv_ratio')",0.616333717
"('power_rating', 'mv_usd', 'qol', 'num_play_dom', 'mv_play_int', 'num_play_int', 'dom_int_mv_ratio')",0.616331936
"('power_rating', 'gdp_usd', 'qol', 'num_play_dom', 'mv_play_int', 'num_play_int', 'dom_int_mv_ratio')",0.616301794
"('power_rating', 'qol', 'num_play_dom', 'mv_play_int', 'num_play_int', 'dom_int_mv_ratio')",0.616294842
"('power_rating', 'mv_usd', 'bmi', 'life_exp', 'num_play_dom', 'num_play_int', 'dom_perc')",0.616290251
"('power_rating', 'mv_usd', 'bmi', 'life_exp', 'num_play_dom', 'num_play_int', 'int_perc')",0.616290251
"('power_rating', 'mv_usd', 'bmi', 'life_exp', 'num_play_dom', 'num_play_int', 'dom_perc', 'int_perc')",0.616290251
"('power_rating', 'mv_usd', 'life_exp', 'qol', 'mv_play_int', 'num_play_int', 'dom_int_mv_ratio')",0.616289042
"('power_rating', 'elo_rating', 'life_exp', 'qol', 'mv_play_dom', 'mv_play_int', 'dom_int_mv_ratio', 'dom_perc')",0.616233354
"('power_rating', 'elo_rating', 'life_exp', 'qol', 'mv_play_dom', 'mv_play_int', 'dom_int_mv_ratio', 'int_perc')",0.616233354
"('power_rating', 'elo_rating', 'life_exp', 'qol', 'mv_play_dom', 'mv_play_int', 'dom_int_mv_ratio', 'dom_perc', 'int_perc')",0.616233354
"('power_rating', 'gdp_usd', 'elo_rating', 'bmi', 'life_exp', 'qol', 'num_play_dom', 'mv_play_int', 'dom_int_mv_ratio', 'dom_perc')",0.616191064
"('power_rating', 'gdp_usd', 'elo_rating', 'bmi', 'life_exp', 'qol', 'num_play_dom', 'mv_play_int', 'dom_int_mv_ratio', 'int_perc')",0.616191064
"('power_rating', 'gdp_usd', 'elo_rating', 'bmi', 'life_exp', 'qol', 'num_play_dom', 'mv_play_int', 'dom_int_mv_ratio', 'dom_perc', 'int_perc')",0.616191064
"('mv_usd', 'bmi', 'life_exp', 'num_play_dom', 'dom_int_mv_ratio')",0.616127095
"('power_rating', 'gdp_usd', 'bmi', 'qol', 'mv_play_dom', 'num_play_dom', 'mv_play_int', 'num_play_int')",0.616106656
"('power_rating', 'bmi', 'qol', 'mv_play_dom', 'num_play_dom', 'mv_play_int', 'num_play_int')",0.61610037
"('power_rating', 'gdp_usd', 'elo_rating', 'bmi', 'num_play_dom', 'num_play_int', 'dom_int_mv_ratio', 'dom_perc')",0.61610024
"('power_rating', 'gdp_usd', 'elo_rating', 'bmi', 'num_play_dom', 'num_play_int', 'dom_int_mv_ratio', 'int_perc')",0.61610024
"('power_rating', 'gdp_usd', 'elo_rating', 'bmi', 'num_play_dom', 'num_play_int', 'dom_int_mv_ratio', 'dom_perc', 'int_perc')",0.61610024
"('power_rating', 'mv_usd', 'bmi', 'qol', 'mv_play_dom', 'num_play_dom', 'num_play_int', 'dom_int_mv_ratio', 'dom_perc')",0.616049237
"('power_rating', 'mv_usd', 'bmi', 'qol', 'mv_play_dom', 'num_play_dom', 'num_play_int', 'dom_int_mv_ratio', 'dom_perc', 'int_perc')",0.616049237
"('power_rating', 'mv_usd', 'bmi', 'qol', 'mv_play_dom', 'num_play_dom', 'num_play_int', 'dom_int_mv_ratio', 'int_perc')",0.616049237
"('power_rating', 'gdp_usd', 'elo_rating', 'qol', 'mv_play_dom', 'num_play_dom', 'mv_play_int', 'dom_int_mv_ratio', 'dom_perc', 'int_perc')",0.616044932
"('power_rating', 'gdp_usd', 'elo_rating', 'qol', 'mv_play_dom', 'num_play_dom', 'mv_play_int', 'dom_int_mv_ratio', 'dom_perc')",0.616044932
"('power_rating', 'gdp_usd', 'elo_rating', 'qol', 'mv_play_dom', 'num_play_dom', 'mv_play_int', 'dom_int_mv_ratio', 'int_perc')",0.616044932
"('power_rating', 'gdp_usd', 'elo_rating', 'qol', 'mv_play_dom', 'mv_play_int', 'dom_int_mv_ratio', 'dom_perc')",0.616018535
"('power_rating', 'gdp_usd', 'elo_rating', 'qol', 'mv_play_dom', 'mv_play_int', 'dom_int_mv_ratio', 'int_perc')",0.616018535
"('power_rating', 'gdp_usd', 'elo_rating', 'qol', 'mv_play_dom', 'mv_play_int', 'dom_int_mv_ratio', 'dom_perc', 'int_perc')",0.616018535
"('power_rating', 'gdp_usd', 'elo_rating', 'life_exp', 'qol', 'num_play_dom', 'mv_play_int', 'dom_int_mv_ratio', 'dom_perc')",0.615931195
"('power_rating', 'gdp_usd', 'elo_rating', 'life_exp', 'qol', 'num_play_dom', 'mv_play_int', 'dom_int_mv_ratio', 'int_perc')",0.615931195
"('power_rating', 'gdp_usd', 'elo_rating', 'life_exp', 'qol', 'num_play_dom', 'mv_play_int', 'dom_int_mv_ratio', 'dom_perc', 'int_perc')",0.615931195
"('power_rating', 'gdp_usd', 'mv_usd', 'life_exp', 'mv_play_dom', 'mv_play_int', 'num_play_int')",0.615893912
"('power_rating', 'mv_usd', 'life_exp', 'mv_play_dom', 'mv_play_int', 'num_play_int')",0.615892972
"('power_rating', 'mv_usd', 'bmi', 'qol', 'num_play_dom', 'num_play_int', 'dom_int_mv_ratio', 'dom_perc')",0.615871208
"('power_rating', 'mv_usd', 'bmi', 'qol', 'num_play_dom', 'num_play_int', 'dom_int_mv_ratio', 'dom_perc', 'int_perc')",0.615871208
"('power_rating', 'mv_usd', 'bmi', 'qol', 'num_play_dom', 'num_play_int', 'dom_int_mv_ratio', 'int_perc')",0.615871208
"('mv_usd', 'bmi', 'qol', 'num_play_dom', 'mv_play_int', 'dom_perc')",0.615857545
"('mv_usd', 'bmi', 'qol', 'num_play_dom', 'mv_play_int', 'int_perc')",0.615857545
"('mv_usd', 'bmi', 'qol', 'num_play_dom', 'mv_play_int', 'dom_perc', 'int_perc')",0.615857545
"('power_rating', 'gdp_usd', 'bmi', 'life_exp', 'mv_play_dom', 'mv_play_int', 'num_play_int', 'dom_int_mv_ratio')",0.615856087
"('power_rating', 'gdp_usd', 'elo_rating', 'bmi', 'life_exp', 'qol', 'mv_play_int', 'dom_int_mv_ratio', 'dom_perc')",0.615844227
"('power_rating', 'gdp_usd', 'elo_rating', 'bmi', 'life_exp', 'qol', 'mv_play_int', 'dom_int_mv_ratio', 'int_perc')",0.615844227
"('power_rating', 'gdp_usd', 'elo_rating', 'bmi', 'life_exp', 'qol', 'mv_play_int', 'dom_int_mv_ratio', 'dom_perc', 'int_perc')",0.615844227
"('mv_usd', 'qol', 'num_play_dom', 'mv_play_int', 'dom_perc')",0.61581322
"('mv_usd', 'qol', 'num_play_dom', 'mv_play_int', 'int_perc')",0.61581322
"('mv_usd', 'qol', 'num_play_dom', 'mv_play_int', 'dom_perc', 'int_perc')",0.61581322
"('power_rating', 'gdp_usd', 'life_exp', 'mv_play_dom', 'mv_play_int', 'num_play_int', 'dom_int_mv_ratio')",0.615788444
"('power_rating', 'bmi', 'mv_play_int', 'num_play_int', 'dom_perc')",0.615785876
"('power_rating', 'bmi', 'mv_play_int', 'num_play_int', 'int_perc')",0.615785876
"('power_rating', 'bmi', 'mv_play_int', 'num_play_int', 'dom_perc', 'int_perc')",0.615785876
"('power_rating', 'bmi', 'life_exp', 'mv_play_dom', 'mv_play_int', 'num_play_int', 'dom_int_mv_ratio')",0.615767335
"('power_rating', 'gdp_usd', 'mv_usd', 'elo_rating', 'bmi', 'life_exp', 'qol', 'mv_play_int', 'num_play_int')",0.615750738
"('power_rating', 'gdp_usd', 'mv_usd', 'elo_rating', 'bmi', 'qol', 'mv_play_dom', 'mv_play_int', 'dom_perc')",0.615741572
"('power_rating', 'gdp_usd', 'mv_usd', 'elo_rating', 'bmi', 'qol', 'mv_play_dom', 'mv_play_int', 'int_perc')",0.615741572
"('power_rating', 'gdp_usd', 'mv_usd', 'elo_rating', 'bmi', 'qol', 'mv_play_dom', 'mv_play_int', 'dom_perc', 'int_perc')",0.615741572
"('power_rating', 'gdp_usd', 'elo_rating', 'life_exp', 'qol', 'mv_play_int', 'dom_int_mv_ratio', 'dom_perc')",0.615736415
"('power_rating', 'gdp_usd', 'elo_rating', 'life_exp', 'qol', 'mv_play_int', 'dom_int_mv_ratio', 'int_perc')",0.615736415
"('power_rating', 'gdp_usd', 'elo_rating', 'life_exp', 'qol', 'mv_play_int', 'dom_int_mv_ratio', 'dom_perc', 'int_perc')",0.615736415
"('power_rating', 'gdp_usd', 'mv_usd', 'elo_rating', 'qol', 'mv_play_dom', 'num_play_dom', 'mv_play_int', 'dom_perc')",0.615735386
"('power_rating', 'gdp_usd', 'mv_usd', 'elo_rating', 'qol', 'mv_play_dom', 'num_play_dom', 'mv_play_int', 'int_perc')",0.615735386
"('power_rating', 'gdp_usd', 'mv_usd', 'elo_rating', 'qol', 'mv_play_dom', 'num_play_dom', 'mv_play_int', 'dom_perc', 'int_perc')",0.615735386
"('power_rating', 'gdp_usd', 'mv_usd', 'elo_rating', 'bmi', 'life_exp', 'qol', 'mv_play_dom', 'num_play_dom', 'mv_play_int')",0.615728186
"('power_rating', 'gdp_usd', 'mv_usd', 'life_exp', 'num_play_dom', 'num_play_int', 'dom_int_mv_ratio', 'dom_perc')",0.615684869
"('power_rating', 'gdp_usd', 'mv_usd', 'life_exp', 'num_play_dom', 'num_play_int', 'dom_int_mv_ratio', 'int_perc')",0.615684869
"('power_rating', 'gdp_usd', 'mv_usd', 'life_exp', 'num_play_dom', 'num_play_int', 'dom_int_mv_ratio', 'dom_perc', 'int_perc')",0.615684869
"('power_rating', 'mv_usd', 'elo_rating', 'bmi', 'life_exp', 'qol', 'num_play_dom', 'mv_play_int', 'dom_int_mv_ratio', 'dom_perc')",0.615640175
"('power_rating', 'mv_usd', 'elo_rating', 'bmi', 'life_exp', 'qol', 'num_play_dom', 'mv_play_int', 'dom_int_mv_ratio', 'int_perc')",0.615640175
"('power_rating', 'mv_usd', 'elo_rating', 'bmi', 'life_exp', 'qol', 'num_play_dom', 'mv_play_int', 'dom_int_mv_ratio', 'dom_perc', 'int_perc')",0.615640175
"('power_rating', 'life_exp', 'mv_play_dom', 'mv_play_int', 'num_play_int', 'dom_int_mv_ratio')",0.615637146
"('power_rating', 'gdp_usd', 'mv_usd', 'elo_rating', 'life_exp', 'qol', 'mv_play_int', 'num_play_int')",0.615624964
"('mv_usd', 'bmi', 'num_play_dom', 'mv_play_int', 'dom_perc')",0.615624617
"('mv_usd', 'bmi', 'num_play_dom', 'mv_play_int', 'int_perc')",0.615624617
"('mv_usd', 'bmi', 'num_play_dom', 'mv_play_int', 'dom_perc', 'int_perc')",0.615624617
"('mv_usd', 'num_play_dom', 'mv_play_int', 'dom_perc')",0.615613711
"('mv_usd', 'num_play_dom', 'mv_play_int', 'int_perc')",0.615613711
"('mv_usd', 'num_play_dom', 'mv_play_int', 'dom_perc', 'int_perc')",0.615613711
"('power_rating', 'gdp_usd', 'bmi', 'qol', 'num_play_dom', 'mv_play_int', 'num_play_int')",0.61554741
"('power_rating', 'bmi', 'qol', 'num_play_dom', 'mv_play_int', 'num_play_int')",0.615538611
"('power_rating', 'mv_usd', 'elo_rating', 'life_exp', 'qol', 'num_play_dom', 'mv_play_int', 'dom_int_mv_ratio', 'dom_perc')",0.615521274
"('power_rating', 'mv_usd', 'elo_rating', 'life_exp', 'qol', 'num_play_dom', 'mv_play_int', 'dom_int_mv_ratio', 'int_perc')",0.615521274
"('power_rating', 'mv_usd', 'elo_rating', 'life_exp', 'qol', 'num_play_dom', 'mv_play_int', 'dom_int_mv_ratio', 'dom_perc', 'int_perc')",0.615521274
"('power_rating', 'gdp_usd', 'mv_usd', 'bmi', 'qol', 'mv_play_dom', 'mv_play_int', 'num_play_int', 'dom_int_mv_ratio')",0.615433492
"('power_rating', 'mv_usd', 'elo_rating', 'bmi', 'life_exp', 'qol', 'mv_play_int', 'num_play_int')",0.615385322
"('mv_usd', 'bmi', 'life_exp', 'qol', 'mv_play_int', 'num_play_int', 'dom_perc')",0.615327113
"('mv_usd', 'bmi', 'life_exp', 'qol', 'mv_play_int', 'num_play_int', 'int_perc')",0.615327113
"('mv_usd', 'bmi', 'life_exp', 'qol', 'mv_play_int', 'num_play_int', 'dom_perc', 'int_perc')",0.615327113
"('power_rating', 'gdp_usd', 'mv_usd', 'elo_rating', 'bmi', 'life_exp', 'qol', 'num_play_dom', 'mv_play_int', 'dom_int_mv_ratio')",0.615294811
"('power_rating', 'gdp_usd', 'mv_usd', 'elo_rating', 'life_exp', 'qol', 'mv_play_dom', 'num_play_dom', 'mv_play_int')",0.615294201
"('elo_rating', 'qol', 'mv_play_dom', 'dom_int_mv_ratio', 'dom_perc')",0.615249126
"('elo_rating', 'qol', 'mv_play_dom', 'dom_int_mv_ratio', 'int_perc')",0.615249126
"('elo_rating', 'qol', 'mv_play_dom', 'dom_int_mv_ratio', 'dom_perc', 'int_perc')",0.615249126
"('power_rating', 'gdp_usd', 'mv_usd', 'qol', 'mv_play_dom', 'num_play_dom', 'mv_play_int', 'num_play_int')",0.615213026
"('power_rating', 'mv_usd', 'elo_rating', 'life_exp', 'qol', 'mv_play_int', 'num_play_int')",0.615145152
"('power_rating', 'gdp_usd', 'mv_usd', 'elo_rating', 'bmi', 'qol', 'mv_play_dom', 'mv_play_int', 'dom_int_mv_ratio')",0.615127133
"('power_rating', 'gdp_usd', 'mv_usd', 'elo_rating', 'qol', 'mv_play_dom', 'mv_play_int', 'dom_int_mv_ratio')",0.615126854
"('gdp_usd', 'mv_usd', 'elo_rating', 'bmi', 'life_exp', 'qol', 'mv_play_dom', 'num_play_dom', 'num_play_int', 'dom_int_mv_ratio', 'dom_perc')",0.615106784
"('gdp_usd', 'mv_usd', 'elo_rating', 'bmi', 'life_exp', 'qol', 'mv_play_dom', 'num_play_dom', 'num_play_int', 'dom_int_mv_ratio', 'int_perc')",0.615106784
"('gdp_usd', 'mv_usd', 'elo_rating', 'bmi', 'life_exp', 'qol', 'mv_play_dom', 'num_play_dom', 'num_play_int', 'dom_int_mv_ratio', 'dom_perc', 'int_perc')",0.615106784
"('elo_rating', 'qol', 'mv_play_dom', 'dom_perc')",0.615097572
"('elo_rating', 'qol', 'mv_play_dom', 'int_perc')",0.615097572
"('elo_rating', 'qol', 'mv_play_dom', 'dom_perc', 'int_perc')",0.615097572
"('power_rating', 'mv_usd', 'elo_rating', 'bmi', 'qol', 'mv_play_dom', 'num_play_dom', 'mv_play_int', 'dom_int_mv_ratio', 'dom_perc')",0.615048429
"('power_rating', 'mv_usd', 'elo_rating', 'bmi', 'qol', 'mv_play_dom', 'num_play_dom', 'mv_play_int', 'dom_int_mv_ratio', 'int_perc')",0.615048429
"('power_rating', 'mv_usd', 'elo_rating', 'bmi', 'qol', 'mv_play_dom', 'num_play_dom', 'mv_play_int', 'dom_int_mv_ratio', 'dom_perc', 'int_perc')",0.615048429
"('power_rating', 'gdp_usd', 'mv_usd', 'elo_rating', 'life_exp', 'qol', 'num_play_dom', 'mv_play_int', 'dom_int_mv_ratio')",0.615041534
"('power_rating', 'mv_usd', 'elo_rating', 'bmi', 'qol', 'mv_play_dom', 'mv_play_int', 'num_play_int')",0.614944287
"('power_rating', 'mv_usd', 'elo_rating', 'bmi', 'life_exp', 'qol', 'num_play_dom', 'mv_play_int', 'dom_int_mv_ratio')",0.614894061
"('gdp_usd', 'mv_usd', 'elo_rating', 'bmi', 'life_exp', 'qol', 'mv_play_dom', 'num_play_dom', 'num_play_int', 'dom_int_mv_ratio')",0.614884006
"('mv_usd', 'life_exp', 'qol', 'num_play_dom', 'dom_int_mv_ratio')",0.614875267
"('power_rating', 'mv_usd', 'elo_rating', 'life_exp', 'qol', 'num_play_dom', 'mv_play_int', 'dom_int_mv_ratio')",0.614681407
"('power_rating', 'elo_rating', 'bmi', 'qol', 'mv_play_dom', 'mv_play_int', 'num_play_int', 'dom_int_mv_ratio')",0.614612096
"('power_rating', 'gdp_usd', 'mv_usd', 'bmi', 'life_exp', 'qol', 'mv_play_int', 'num_play_int')",0.614606878
"('power_rating', 'elo_rating', 'qol', 'mv_play_dom', 'mv_play_int', 'num_play_int', 'dom_int_mv_ratio')",0.614604745
"('mv_usd', 'qol', 'num_play_dom', 'dom_int_mv_ratio')",0.614596217
"('power_rating', 'elo_rating', 'bmi', 'mv_play_dom', 'num_play_dom', 'num_play_int', 'dom_int_mv_ratio', 'dom_perc')",0.61458872
"('power_rating', 'elo_rating', 'bmi', 'mv_play_dom', 'num_play_dom', 'num_play_int', 'dom_int_mv_ratio', 'int_perc')",0.61458872
"('power_rating', 'elo_rating', 'bmi', 'mv_play_dom', 'num_play_dom', 'num_play_int', 'dom_int_mv_ratio', 'dom_perc', 'int_perc')",0.61458872
"('power_rating', 'mv_usd', 'elo_rating', 'qol', 'mv_play_dom', 'num_play_dom', 'mv_play_int', 'dom_int_mv_ratio', 'dom_perc')",0.614564491
"('power_rating', 'mv_usd', 'elo_rating', 'qol', 'mv_play_dom', 'num_play_dom', 'mv_play_int', 'dom_int_mv_ratio', 'int_perc')",0.614564491
"('power_rating', 'mv_usd', 'elo_rating', 'qol', 'mv_play_dom', 'num_play_dom', 'mv_play_int', 'dom_int_mv_ratio', 'dom_perc', 'int_perc')",0.614564491
"('power_rating', 'gdp_usd', 'mv_usd', 'life_exp', 'qol', 'mv_play_int', 'num_play_int')",0.614554535
"('power_rating', 'gdp_usd', 'mv_usd', 'qol', 'mv_play_dom', 'mv_play_int', 'num_play_int', 'dom_int_mv_ratio')",0.614412155
"('power_rating', 'gdp_usd', 'mv_usd', 'bmi', 'qol', 'mv_play_dom', 'mv_play_int', 'num_play_int')",0.614337433
"('power_rating', 'mv_usd', 'life_exp', 'mv_play_dom', 'num_play_dom', 'num_play_int', 'dom_int_mv_ratio', 'dom_perc')",0.614302382
"('power_rating', 'mv_usd', 'life_exp', 'mv_play_dom', 'num_play_dom', 'num_play_int', 'dom_int_mv_ratio', 'int_perc')",0.614302382
"('power_rating', 'mv_usd', 'life_exp', 'mv_play_dom', 'num_play_dom', 'num_play_int', 'dom_int_mv_ratio', 'dom_perc', 'int_perc')",0.614302382
"('power_rating', 'gdp_usd', 'mv_usd', 'elo_rating', 'qol', 'mv_play_dom', 'mv_play_int', 'dom_perc', 'int_perc')",0.614291878
"('power_rating', 'gdp_usd', 'mv_usd', 'elo_rating', 'qol', 'mv_play_dom', 'mv_play_int', 'dom_perc')",0.614291878
"('power_rating', 'gdp_usd', 'mv_usd', 'elo_rating', 'qol', 'mv_play_dom', 'mv_play_int', 'int_perc')",0.614291878
"('power_rating', 'mv_usd', 'elo_rating', 'qol', 'mv_play_dom', 'mv_play_int', 'num_play_int')",0.614283249
"('mv_usd', 'bmi', 'life_exp', 'mv_play_int', 'num_play_int', 'dom_perc')",0.614264636
"('mv_usd', 'bmi', 'life_exp', 'mv_play_int', 'num_play_int', 'int_perc')",0.614264636
"('mv_usd', 'bmi', 'life_exp', 'mv_play_int', 'num_play_int', 'dom_perc', 'int_perc')",0.614264636
"('power_rating', 'mv_usd', 'bmi', 'life_exp', 'qol', 'mv_play_int', 'num_play_int')",0.614187694
"('gdp_usd', 'mv_usd', 'elo_rating', 'life_exp', 'qol', 'mv_play_dom', 'num_play_dom', 'num_play_int', 'dom_int_mv_ratio', 'dom_perc')",0.614150145
"('gdp_usd', 'mv_usd', 'elo_rating', 'life_exp', 'qol', 'mv_play_dom', 'num_play_dom', 'num_play_int', 'dom_int_mv_ratio', 'int_perc')",0.614150145
"('gdp_usd', 'mv_usd', 'elo_rating', 'life_exp', 'qol', 'mv_play_dom', 'num_play_dom', 'num_play_int', 'dom_int_mv_ratio', 'dom_perc', 'int_perc')",0.614150145
"('power_rating', 'mv_usd', 'elo_rating', 'bmi', 'qol', 'mv_play_dom', 'num_play_dom', 'mv_play_int', 'dom_int_mv_ratio')",0.614147494
"('power_rating', 'mv_usd', 'life_exp', 'qol', 'mv_play_int', 'num_play_int')",0.614052129
"('power_rating', 'mv_usd', 'elo_rating', 'bmi', 'qol', 'mv_play_dom', 'mv_play_int', 'dom_int_mv_ratio', 'dom_perc')",0.614025595
"('power_rating', 'mv_usd', 'elo_rating', 'bmi', 'qol', 'mv_play_dom', 'mv_play_int', 'dom_int_mv_ratio', 'int_perc')",0.614025595
"('power_rating', 'mv_usd', 'elo_rating', 'bmi', 'qol', 'mv_play_dom', 'mv_play_int', 'dom_int_mv_ratio', 'dom_perc', 'int_perc')",0.614025595
"('power_rating', 'mv_usd', 'qol', 'mv_play_dom', 'num_play_dom', 'mv_play_int', 'num_play_int')",0.614021111
"('power_rating', 'gdp_usd', 'mv_usd', 'elo_rating', 'bmi', 'life_exp', 'mv_play_int', 'num_play_int', 'dom_int_mv_ratio')",0.614014926
"('power_rating', 'elo_rating', 'bmi', 'life_exp', 'qol', 'num_play_dom', 'mv_play_int', 'dom_int_mv_ratio', 'dom_perc')",0.613987454
"('power_rating', 'elo_rating', 'bmi', 'life_exp', 'qol', 'num_play_dom', 'mv_play_int', 'dom_int_mv_ratio', 'int_perc')",0.613987454
"('power_rating', 'elo_rating', 'bmi', 'life_exp', 'qol', 'num_play_dom', 'mv_play_int', 'dom_int_mv_ratio', 'dom_perc', 'int_perc')",0.613987454
"('power_rating', 'gdp_usd', 'elo_rating', 'bmi', 'qol', 'mv_play_dom', 'num_play_dom', 'mv_play_int', 'dom_int_mv_ratio')",0.613982172
"('power_rating', 'mv_usd', 'elo_rating', 'qol', 'mv_play_dom', 'mv_play_int', 'dom_int_mv_ratio', 'dom_perc')",0.613942136
"('power_rating', 'mv_usd', 'elo_rating', 'qol', 'mv_play_dom', 'mv_play_int', 'dom_int_mv_ratio', 'int_perc')",0.613942136
"('power_rating', 'mv_usd', 'elo_rating', 'qol', 'mv_play_dom', 'mv_play_int', 'dom_int_mv_ratio', 'dom_perc', 'int_perc')",0.613942136
"('power_rating', 'gdp_usd', 'mv_usd', 'elo_rating', 'life_exp', 'mv_play_int', 'num_play_int', 'dom_int_mv_ratio')",0.613925035
"('power_rating', 'gdp_usd', 'elo_rating', 'bmi', 'life_exp', 'qol', 'num_play_dom', 'mv_play_int', 'dom_int_mv_ratio')",0.613881907
"('power_rating', 'elo_rating', 'bmi', 'num_play_dom', 'num_play_int', 'dom_int_mv_ratio', 'dom_perc')",0.613846621
"('power_rating', 'elo_rating', 'bmi', 'num_play_dom', 'num_play_int', 'dom_int_mv_ratio', 'int_perc')",0.613846621
"('power_rating', 'elo_rating', 'bmi', 'num_play_dom', 'num_play_int', 'dom_int_mv_ratio', 'dom_perc', 'int_perc')",0.613846621
"('gdp_usd', 'mv_usd', 'elo_rating', 'life_exp', 'qol', 'mv_play_dom', 'num_play_dom', 'num_play_int', 'dom_int_mv_ratio')",0.613815052
"('power_rating', 'mv_usd', 'elo_rating', 'bmi', 'life_exp', 'mv_play_int', 'num_play_int', 'dom_int_mv_ratio')",0.613803954
"('power_rating', 'gdp_usd', 'elo_rating', 'bmi', 'life_exp', 'qol', 'mv_play_int', 'num_play_int', 'dom_int_mv_ratio')",0.613793404
"('power_rating', 'mv_usd', 'elo_rating', 'life_exp', 'mv_play_int', 'num_play_int', 'dom_int_mv_ratio')",0.61377819
"('power_rating', 'gdp_usd', 'bmi', 'life_exp', 'qol', 'mv_play_int', 'num_play_int', 'dom_int_mv_ratio')",0.613670552
"('power_rating', 'elo_rating', 'life_exp', 'qol', 'num_play_dom', 'mv_play_int', 'dom_int_mv_ratio', 'dom_perc')",0.613650521
"('power_rating', 'elo_rating', 'life_exp', 'qol', 'num_play_dom', 'mv_play_int', 'dom_int_mv_ratio', 'int_perc')",0.613650521
"('power_rating', 'elo_rating', 'life_exp', 'qol', 'num_play_dom', 'mv_play_int', 'dom_int_mv_ratio', 'dom_perc', 'int_perc')",0.613650521
"('power_rating', 'gdp_usd', 'mv_usd', 'elo_rating', 'bmi', 'qol', 'num_play_dom', 'mv_play_int', 'dom_int_mv_ratio', 'dom_perc')",0.613627627
"('power_rating', 'gdp_usd', 'mv_usd', 'elo_rating', 'bmi', 'qol', 'num_play_dom', 'mv_play_int', 'dom_int_mv_ratio', 'int_perc')",0.613627627
"('power_rating', 'gdp_usd', 'mv_usd', 'elo_rating', 'bmi', 'qol', 'num_play_dom', 'mv_play_int', 'dom_int_mv_ratio', 'dom_perc', 'int_perc')",0.613627627
"('power_rating', 'gdp_usd', 'elo_rating', 'life_exp', 'qol', 'mv_play_int', 'num_play_int', 'dom_int_mv_ratio')",0.613555493
"('power_rating', 'gdp_usd', 'mv_usd', 'elo_rating', 'bmi', 'qol', 'mv_play_int', 'dom_int_mv_ratio', 'dom_perc')",0.61352852
"('power_rating', 'gdp_usd', 'mv_usd', 'elo_rating', 'bmi', 'qol', 'mv_play_int', 'dom_int_mv_ratio', 'int_perc')",0.61352852
"('power_rating', 'gdp_usd', 'mv_usd', 'elo_rating', 'bmi', 'qol', 'mv_play_int', 'dom_int_mv_ratio', 'dom_perc', 'int_perc')",0.61352852
"('power_rating', 'gdp_usd', 'elo_rating', 'bmi', 'life_exp', 'qol', 'mv_play_int', 'num_play_int')",0.613505859
"('power_rating', 'gdp_usd', 'life_exp', 'qol', 'mv_play_int', 'num_play_int', 'dom_int_mv_ratio')",0.613472036
"('power_rating', 'mv_usd', 'elo_rating', 'qol', 'mv_play_dom', 'num_play_dom', 'mv_play_int', 'dom_int_mv_ratio')",0.613423197
"('power_rating', 'gdp_usd', 'elo_rating', 'bmi', 'qol', 'num_play_dom', 'mv_play_int', 'dom_int_mv_ratio', 'dom_perc')",0.613416379
"('power_rating', 'gdp_usd', 'elo_rating', 'bmi', 'qol', 'num_play_dom', 'mv_play_int', 'dom_int_mv_ratio', 'int_perc')",0.613416379
"('power_rating', 'gdp_usd', 'elo_rating', 'bmi', 'qol', 'num_play_dom', 'mv_play_int', 'dom_int_mv_ratio', 'dom_perc', 'int_perc')",0.613416379
"('power_rating', 'gdp_usd', 'bmi', 'life_exp', 'mv_play_dom', 'mv_play_int', 'num_play_int')",0.613415616
"('power_rating', 'bmi', 'life_exp', 'mv_play_dom', 'mv_play_int', 'num_play_int')",0.613359772
"('power_rating', 'gdp_usd', 'elo_rating', 'life_exp', 'qol', 'mv_play_int', 'num_play_int')",0.613349677
"('power_rating', 'gdp_usd', 'bmi', 'life_exp', 'qol', 'mv_play_int', 'num_play_int')",0.613346945
"('power_rating', 'elo_rating', 'bmi', 'qol', 'mv_play_dom', 'num_play_dom', 'mv_play_int', 'dom_int_mv_ratio', 'dom_perc')",0.613341361
"('power_rating', 'elo_rating', 'bmi', 'qol', 'mv_play_dom', 'num_play_dom', 'mv_play_int', 'dom_int_mv_ratio', 'int_perc')",0.613341361
"('power_rating', 'elo_rating', 'bmi', 'qol', 'mv_play_dom', 'num_play_dom', 'mv_play_int', 'dom_int_mv_ratio', 'dom_perc', 'int_perc')",0.613341361
"('power_rating', 'gdp_usd', 'elo_rating', 'bmi', 'qol', 'mv_play_int', 'dom_int_mv_ratio', 'int_perc')",0.613336154
"('power_rating', 'gdp_usd', 'elo_rating', 'bmi', 'qol', 'mv_play_int', 'dom_int_mv_ratio', 'dom_perc', 'int_perc')",0.613336154
"('power_rating', 'gdp_usd', 'elo_rating', 'bmi', 'qol', 'mv_play_int', 'dom_int_mv_ratio', 'dom_perc')",0.613336154
"('power_rating', 'gdp_usd', 'mv_usd', 'elo_rating', 'bmi', 'life_exp', 'qol', 'mv_play_dom', 'mv_play_int')",0.613323725
"('power_rating', 'gdp_usd', 'mv_usd', 'elo_rating', 'life_exp', 'qol', 'mv_play_dom', 'mv_play_int')",0.613322508
"('power_rating', 'gdp_usd', 'elo_rating', 'life_exp', 'qol', 'num_play_dom', 'mv_play_int', 'dom_int_mv_ratio')",0.613299648
"('power_rating', 'gdp_usd', 'elo_rating', 'qol', 'mv_play_dom', 'num_play_dom', 'mv_play_int', 'dom_int_mv_ratio')",0.613248407
"('power_rating', 'gdp_usd', 'life_exp', 'qol', 'mv_play_int', 'num_play_int')",0.61323204
"('power_rating', 'gdp_usd', 'life_exp', 'mv_play_dom', 'mv_play_int', 'num_play_int')",0.613215069
"('power_rating', 'gdp_usd', 'mv_usd', 'elo_rating', 'bmi', 'qol', 'mv_play_dom', 'num_play_dom', 'mv_play_int')",0.613179867
"('power_rating', 'gdp_usd', 'bmi', 'life_exp', 'qol', 'mv_play_dom', 'num_play_dom', 'num_play_int', 'dom_perc')",0.61317091
"('power_rating', 'gdp_usd', 'bmi', 'life_exp', 'qol', 'mv_play_dom', 'num_play_dom', 'num_play_int', 'int_perc')",0.61317091
"('power_rating', 'gdp_usd', 'bmi', 'life_exp', 'qol', 'mv_play_dom', 'num_play_dom', 'num_play_int', 'dom_perc', 'int_perc')",0.61317091
"('power_rating', 'mv_usd', 'elo_rating', 'bmi', 'life_exp', 'qol', 'mv_play_int', 'dom_int_mv_ratio', 'dom_perc')",0.613111976
"('power_rating', 'mv_usd', 'elo_rating', 'bmi', 'life_exp', 'qol', 'mv_play_int', 'dom_int_mv_ratio', 'int_perc')",0.613111976
"('power_rating', 'mv_usd', 'elo_rating', 'bmi', 'life_exp', 'qol', 'mv_play_int', 'dom_int_mv_ratio', 'dom_perc', 'int_perc')",0.613111976
"('power_rating', 'life_exp', 'mv_play_dom', 'mv_play_int', 'num_play_int')",0.613071048
"('power_rating', 'mv_usd', 'elo_rating', 'life_exp', 'qol', 'mv_play_int', 'dom_int_mv_ratio', 'dom_perc')",0.613022516
"('power_rating', 'mv_usd', 'elo_rating', 'life_exp', 'qol', 'mv_play_int', 'dom_int_mv_ratio', 'int_perc')",0.613022516
"('power_rating', 'mv_usd', 'elo_rating', 'life_exp', 'qol', 'mv_play_int', 'dom_int_mv_ratio', 'dom_perc', 'int_perc')",0.613022516
"('power_rating', 'gdp_usd', 'mv_usd', 'elo_rating', 'qol', 'num_play_dom', 'mv_play_int', 'dom_int_mv_ratio', 'dom_perc')",0.612952468
"('power_rating', 'gdp_usd', 'mv_usd', 'elo_rating', 'qol', 'num_play_dom', 'mv_play_int', 'dom_int_mv_ratio', 'int_perc')",0.612952468
"('power_rating', 'gdp_usd', 'mv_usd', 'elo_rating', 'qol', 'num_play_dom', 'mv_play_int', 'dom_int_mv_ratio', 'dom_perc', 'int_perc')",0.612952468
"('power_rating', 'gdp_usd', 'mv_usd', 'elo_rating', 'qol', 'mv_play_int', 'dom_int_mv_ratio', 'dom_perc')",0.612952466
"('power_rating', 'gdp_usd', 'mv_usd', 'elo_rating', 'qol', 'mv_play_int', 'dom_int_mv_ratio', 'int_perc')",0.612952466
"('power_rating', 'gdp_usd', 'mv_usd', 'elo_rating', 'qol', 'mv_play_int', 'dom_int_mv_ratio', 'dom_perc', 'int_perc')",0.612952466
"('power_rating', 'elo_rating', 'bmi', 'life_exp', 'qol', 'num_play_dom', 'mv_play_int', 'dom_int_mv_ratio')",0.61294508
"('power_rating', 'elo_rating', 'qol', 'mv_play_dom', 'num_play_dom', 'mv_play_int', 'dom_int_mv_ratio', 'dom_perc')",0.612819444
"('power_rating', 'elo_rating', 'qol', 'mv_play_dom', 'num_play_dom', 'mv_play_int', 'dom_int_mv_ratio', 'int_perc')",0.612819444
"('power_rating', 'elo_rating', 'qol', 'mv_play_dom', 'num_play_dom', 'mv_play_int', 'dom_int_mv_ratio', 'dom_perc', 'int_perc')",0.612819444
"('power_rating', 'life_exp', 'mv_play_dom', 'num_play_dom', 'num_play_int', 'dom_int_mv_ratio', 'dom_perc')",0.612683715
"('power_rating', 'life_exp', 'mv_play_dom', 'num_play_dom', 'num_play_int', 'dom_int_mv_ratio', 'int_perc')",0.612683715
"('power_rating', 'life_exp', 'mv_play_dom', 'num_play_dom', 'num_play_int', 'dom_int_mv_ratio', 'dom_perc', 'int_perc')",0.612683715
"('power_rating', 'gdp_usd', 'elo_rating', 'qol', 'mv_play_dom', 'num_play_dom', 'num_play_int', 'dom_perc', 'int_perc')",0.612657853
"('power_rating', 'gdp_usd', 'elo_rating', 'qol', 'mv_play_dom', 'num_play_dom', 'num_play_int', 'dom_perc')",0.612657853
"('power_rating', 'gdp_usd', 'elo_rating', 'qol', 'mv_play_dom', 'num_play_dom', 'num_play_int', 'int_perc')",0.612657853
"('power_rating', 'gdp_usd', 'mv_usd', 'qol', 'mv_play_dom', 'mv_play_int', 'num_play_int')",0.612649281
"('power_rating', 'gdp_usd', 'elo_rating', 'qol', 'num_play_dom', 'mv_play_int', 'dom_int_mv_ratio', 'dom_perc')",0.612632299
"('power_rating', 'gdp_usd', 'elo_rating', 'qol', 'num_play_dom', 'mv_play_int', 'dom_int_mv_ratio', 'int_perc')",0.612632299
"('power_rating', 'gdp_usd', 'elo_rating', 'qol', 'num_play_dom', 'mv_play_int', 'dom_int_mv_ratio', 'dom_perc', 'int_perc')",0.612632299
"('power_rating', 'gdp_usd', 'elo_rating', 'qol', 'mv_play_int', 'dom_int_mv_ratio', 'dom_perc')",0.612626711
"('power_rating', 'gdp_usd', 'elo_rating', 'qol', 'mv_play_int', 'dom_int_mv_ratio', 'int_perc')",0.612626711
"('power_rating', 'gdp_usd', 'elo_rating', 'qol', 'mv_play_int', 'dom_int_mv_ratio', 'dom_perc', 'int_perc')",0.612626711
"('power_rating', 'elo_rating', 'bmi', 'qol', 'mv_play_dom', 'num_play_dom', 'mv_play_int', 'dom_int_mv_ratio')",0.612411164
"('power_rating', 'elo_rating', 'life_exp', 'qol', 'num_play_dom', 'mv_play_int', 'dom_int_mv_ratio')",0.612387385
"('power_rating', 'gdp_usd', 'mv_usd', 'elo_rating', 'bmi', 'mv_play_dom', 'num_play_dom', 'mv_play_int', 'num_play_int', 'dom_int_mv_ratio')",0.61220061
"('power_rating', 'mv_usd', 'life_exp', 'num_play_dom', 'num_play_int', 'dom_int_mv_ratio', 'int_perc')",0.612101023
"('power_rating', 'mv_usd', 'life_exp', 'num_play_dom', 'num_play_int', 'dom_int_mv_ratio', 'dom_perc')",0.612101023
"('power_rating', 'mv_usd', 'life_exp', 'num_play_dom', 'num_play_int', 'dom_int_mv_ratio', 'dom_perc', 'int_perc')",0.612101023
"('power_rating', 'gdp_usd', 'mv_usd', 'elo_rating', 'qol', 'num_play_dom', 'mv_play_int', 'num_play_int')",0.611967136
"('power_rating', 'gdp_usd', 'mv_usd', 'elo_rating', 'qol', 'mv_play_dom', 'num_play_dom', 'mv_play_int')",0.611963729
"('power_rating', 'elo_rating', 'bmi', 'life_exp', 'qol', 'mv_play_int', 'num_play_int', 'dom_int_mv_ratio')",0.61194532
"('power_rating', 'elo_rating', 'bmi', 'qol', 'mv_play_dom', 'mv_play_int', 'dom_int_mv_ratio', 'int_perc')",0.61194409
"('power_rating', 'elo_rating', 'bmi', 'qol', 'mv_play_dom', 'mv_play_int', 'dom_int_mv_ratio', 'dom_perc')",0.61194409
"('power_rating', 'elo_rating', 'bmi', 'qol', 'mv_play_dom', 'mv_play_int', 'dom_int_mv_ratio', 'dom_perc', 'int_perc')",0.61194409
"('power_rating', 'bmi', 'life_exp', 'qol', 'mv_play_int', 'num_play_int', 'dom_int_mv_ratio')",0.61192959
"('power_rating', 'elo_rating', 'qol', 'mv_play_dom', 'mv_play_int', 'dom_int_mv_ratio', 'dom_perc')",0.611888288
"('power_rating', 'elo_rating', 'qol', 'mv_play_dom', 'mv_play_int', 'dom_int_mv_ratio', 'int_perc')",0.611888288
"('power_rating', 'elo_rating', 'qol', 'mv_play_dom', 'mv_play_int', 'dom_int_mv_ratio', 'dom_perc', 'int_perc')",0.611888288
"('power_rating', 'elo_rating', 'bmi', 'life_exp', 'qol', 'mv_play_int', 'num_play_int')",0.611836494
"('power_rating', 'bmi', 'life_exp', 'qol', 'mv_play_int', 'num_play_int')",0.611809362
"('power_rating', 'mv_usd', 'elo_rating', 'qol', 'num_play_dom', 'mv_play_int', 'num_play_int')",0.61178214
"('power_rating', 'gdp_usd', 'elo_rating', 'bmi', 'mv_play_dom', 'num_play_dom', 'mv_play_int', 'num_play_int', 'dom_int_mv_ratio')",0.611708093
"('power_rating', 'gdp_usd', 'mv_usd', 'bmi', 'life_exp', 'mv_play_int', 'num_play_int', 'dom_int_mv_ratio')",0.611685299
"('power_rating', 'gdp_usd', 'mv_usd', 'life_exp', 'mv_play_int', 'num_play_int', 'dom_int_mv_ratio')",0.611683947
"('power_rating', 'elo_rating', 'qol', 'mv_play_dom', 'num_play_dom', 'mv_play_int', 'dom_int_mv_ratio')",0.611635284
"('power_rating', 'gdp_usd', 'elo_rating', 'qol', 'mv_play_dom', 'num_play_dom', 'mv_play_int', 'num_play_int')",0.611630703
"('power_rating', 'mv_usd', 'bmi', 'life_exp', 'mv_play_int', 'num_play_int', 'dom_int_mv_ratio')",0.611569976
"('power_rating', 'mv_usd', 'life_exp', 'mv_play_int', 'num_play_int', 'dom_int_mv_ratio')",0.611564566
"('power_rating', 'elo_rating', 'qol', 'mv_play_dom', 'num_play_dom', 'mv_play_int', 'num_play_int')",0.611520645
"('power_rating', 'bmi', 'life_exp', 'qol', 'mv_play_dom', 'num_play_dom', 'num_play_int', 'dom_perc')",0.611482083
"('power_rating', 'bmi', 'life_exp', 'qol', 'mv_play_dom', 'num_play_dom', 'num_play_int', 'int_perc')",0.611482083
"('power_rating', 'bmi', 'life_exp', 'qol', 'mv_play_dom', 'num_play_dom', 'num_play_int', 'dom_perc', 'int_perc')",0.611482083
"('power_rating', 'mv_usd', 'elo_rating', 'bmi', 'life_exp', 'qol', 'mv_play_dom', 'num_play_dom', 'mv_play_int', 'dom_perc')",0.61146222
"('power_rating', 'mv_usd', 'elo_rating', 'bmi', 'life_exp', 'qol', 'mv_play_dom', 'num_play_dom', 'mv_play_int', 'int_perc')",0.61146222
"('power_rating', 'mv_usd', 'elo_rating', 'bmi', 'life_exp', 'qol', 'mv_play_dom', 'num_play_dom', 'mv_play_int', 'dom_perc', 'int_perc')",0.61146222
"('power_rating', 'gdp_usd', 'elo_rating', 'qol', 'num_play_dom', 'mv_play_int', 'num_play_int')",0.611395138
"('power_rating', 'gdp_usd', 'mv_usd', 'elo_rating', 'bmi', 'qol', 'mv_play_dom', 'mv_play_int')",0.611393863
"('power_rating', 'mv_usd', 'elo_rating', 'bmi', 'life_exp', 'qol', 'mv_play_dom', 'num_play_dom', 'mv_play_int')",0.611373925
"('power_rating', 'elo_rating', 'life_exp', 'qol', 'mv_play_int', 'num_play_int', 'dom_int_mv_ratio')",0.611343444
"('power_rating', 'life_exp', 'qol', 'mv_play_int', 'num_play_int', 'dom_int_mv_ratio')",0.611343393
"('power_rating', 'elo_rating', 'life_exp', 'qol', 'mv_play_int', 'num_play_int')",0.611317678
"('power_rating', 'life_exp', 'qol', 'mv_play_int', 'num_play_int')",0.611317322
"('power_rating', 'elo_rating', 'qol', 'num_play_dom', 'mv_play_int', 'num_play_int')",0.611288229
"('gdp_usd', 'mv_usd', 'bmi', 'life_exp', 'qol', 'mv_play_dom', 'num_play_dom', 'mv_play_int', 'num_play_int', 'dom_int_mv_ratio', 'dom_perc')",0.611260137
"('gdp_usd', 'mv_usd', 'bmi', 'life_exp', 'qol', 'mv_play_dom', 'num_play_dom', 'mv_play_int', 'num_play_int', 'dom_int_mv_ratio', 'int_perc')",0.611260137
"('gdp_usd', 'mv_usd', 'bmi', 'life_exp', 'qol', 'mv_play_dom', 'num_play_dom', 'mv_play_int', 'num_play_int', 'dom_int_mv_ratio', 'dom_perc', 'int_perc')",0.611260137
"('power_rating', 'elo_rating', 'qol', 'mv_play_dom', 'num_play_dom', 'num_play_int', 'dom_perc')",0.611173201
"('power_rating', 'elo_rating', 'qol', 'mv_play_dom', 'num_play_dom', 'num_play_int', 'dom_perc', 'int_perc')",0.611173201
"('power_rating', 'elo_rating', 'qol', 'mv_play_dom', 'num_play_dom', 'num_play_int', 'int_perc')",0.611173201
"('power_rating', 'gdp_usd', 'mv_usd', 'elo_rating', 'qol', 'mv_play_dom', 'mv_play_int')",0.611145782
"('power_rating', 'gdp_usd', 'elo_rating', 'bmi', 'life_exp', 'qol', 'mv_play_dom', 'mv_play_int', 'dom_int_mv_ratio')",0.611114383
"('power_rating', 'mv_usd', 'elo_rating', 'life_exp', 'qol', 'mv_play_dom', 'num_play_dom', 'mv_play_int', 'dom_perc')",0.611078
"('power_rating', 'mv_usd', 'elo_rating', 'life_exp', 'qol', 'mv_play_dom', 'num_play_dom', 'mv_play_int', 'int_perc')",0.611078
"('power_rating', 'mv_usd', 'elo_rating', 'life_exp', 'qol', 'mv_play_dom', 'num_play_dom', 'mv_play_int', 'dom_perc', 'int_perc')",0.611078
"('power_rating', 'mv_usd', 'elo_rating', 'bmi', 'mv_play_dom', 'num_play_dom', 'mv_play_int', 'num_play_int', 'dom_int_mv_ratio')",0.611037656
"('power_rating', 'elo_rating', 'bmi', 'life_exp', 'qol', 'mv_play_int', 'dom_int_mv_ratio', 'dom_perc')",0.61103523
"('power_rating', 'elo_rating', 'bmi', 'life_exp', 'qol', 'mv_play_int', 'dom_int_mv_ratio', 'int_perc')",0.61103523
"('power_rating', 'elo_rating', 'bmi', 'life_exp', 'qol', 'mv_play_int', 'dom_int_mv_ratio', 'dom_perc', 'int_perc')",0.61103523
"('power_rating', 'elo_rating', 'life_exp', 'qol', 'mv_play_int', 'dom_int_mv_ratio', 'dom_perc')",0.611028745
"('power_rating', 'elo_rating', 'life_exp', 'qol', 'mv_play_int', 'dom_int_mv_ratio', 'int_perc')",0.611028745
"('power_rating', 'elo_rating', 'life_exp', 'qol', 'mv_play_int', 'dom_int_mv_ratio', 'dom_perc', 'int_perc')",0.611028745
"('elo_rating', 'bmi', 'life_exp', 'qol', 'mv_play_dom', 'dom_int_mv_ratio')",0.610968832
"('power_rating', 'mv_usd', 'elo_rating', 'life_exp', 'qol', 'mv_play_dom', 'num_play_dom', 'mv_play_int')",0.610946562
"('power_rating', 'mv_usd', 'bmi', 'qol', 'mv_play_dom', 'mv_play_int', 'num_play_int', 'dom_int_mv_ratio')",0.610936443
"('gdp_usd', 'mv_usd', 'bmi', 'life_exp', 'qol', 'mv_play_dom', 'num_play_dom', 'num_play_int', 'dom_int_mv_ratio', 'dom_perc')",0.610905938
"('gdp_usd', 'mv_usd', 'bmi', 'life_exp', 'qol', 'mv_play_dom', 'num_play_dom', 'num_play_int', 'dom_int_mv_ratio', 'int_perc')",0.610905938
"('gdp_usd', 'mv_usd', 'bmi', 'life_exp', 'qol', 'mv_play_dom', 'num_play_dom', 'num_play_int', 'dom_int_mv_ratio', 'dom_perc', 'int_perc')",0.610905938
"('gdp_usd', 'mv_usd', 'life_exp', 'qol', 'mv_play_dom', 'num_play_dom', 'mv_play_int', 'num_play_int', 'dom_int_mv_ratio', 'dom_perc')",0.610876782
"('gdp_usd', 'mv_usd', 'life_exp', 'qol', 'mv_play_dom', 'num_play_dom', 'mv_play_int', 'num_play_int', 'dom_int_mv_ratio', 'int_perc')",0.610876782
"('gdp_usd', 'mv_usd', 'life_exp', 'qol', 'mv_play_dom', 'num_play_dom', 'mv_play_int', 'num_play_int', 'dom_int_mv_ratio', 'dom_perc', 'int_perc')",0.610876782
"('power_rating', 'gdp_usd', 'mv_usd', 'elo_rating', 'bmi', 'num_play_dom', 'mv_play_int', 'num_play_int', 'dom_int_mv_ratio')",0.610842762
"('power_rating', 'gdp_usd', 'mv_usd', 'elo_rating', 'bmi', 'life_exp', 'mv_play_int', 'num_play_int')",0.610832157
"('power_rating', 'gdp_usd', 'mv_usd', 'elo_rating', 'life_exp', 'mv_play_int', 'num_play_int')",0.610826102
"('power_rating', 'gdp_usd', 'bmi', 'life_exp', 'mv_play_dom', 'num_play_dom', 'num_play_int', 'dom_perc')",0.610802703
"('power_rating', 'gdp_usd', 'bmi', 'life_exp', 'mv_play_dom', 'num_play_dom', 'num_play_int', 'int_perc')",0.610802703
"('power_rating', 'gdp_usd', 'bmi', 'life_exp', 'mv_play_dom', 'num_play_dom', 'num_play_int', 'dom_perc', 'int_perc')",0.610802703
"('power_rating', 'mv_usd', 'elo_rating', 'bmi', 'life_exp', 'mv_play_int', 'num_play_int')",0.610793401
"('power_rating', 'mv_usd', 'elo_rating', 'life_exp', 'mv_play_int', 'num_play_int')",0.610772768
"('power_rating', 'gdp_usd', 'mv_usd', 'elo_rating', 'bmi', 'qol', 'num_play_dom', 'mv_play_int', 'dom_int_mv_ratio')",0.61076244
"('power_rating', 'mv_usd', 'elo_rating', 'bmi', 'qol', 'num_play_dom', 'mv_play_int', 'dom_int_mv_ratio', 'dom_perc')",0.610754921
"('power_rating', 'mv_usd', 'elo_rating', 'bmi', 'qol', 'num_play_dom', 'mv_play_int', 'dom_int_mv_ratio', 'int_perc')",0.610754921
"('power_rating', 'mv_usd', 'elo_rating', 'bmi', 'qol', 'num_play_dom', 'mv_play_int', 'dom_int_mv_ratio', 'dom_perc', 'int_perc')",0.610754921
"('power_rating', 'gdp_usd', 'mv_usd', 'qol', 'num_play_dom', 'mv_play_int', 'num_play_int')",0.610610412
"('gdp_usd', 'mv_usd', 'life_exp', 'qol', 'mv_play_dom', 'num_play_dom', 'num_play_int', 'dom_int_mv_ratio', 'dom_perc')",0.610508818
"('gdp_usd', 'mv_usd', 'life_exp', 'qol', 'mv_play_dom', 'num_play_dom', 'num_play_int', 'dom_int_mv_ratio', 'int_perc')",0.610508818
"('gdp_usd', 'mv_usd', 'life_exp', 'qol', 'mv_play_dom', 'num_play_dom', 'num_play_int', 'dom_int_mv_ratio', 'dom_perc', 'int_perc')",0.610508818
"('power_rating', 'mv_usd', 'qol', 'mv_play_dom', 'mv_play_int', 'num_play_int', 'dom_int_mv_ratio')",0.610487111
"('power_rating', 'mv_usd', 'qol', 'num_play_dom', 'mv_play_int', 'num_play_int')",0.610398373
"('power_rating', 'gdp_usd', 'mv_usd', 'elo_rating', 'mv_play_dom', 'num_play_dom', 'mv_play_int', 'num_play_int', 'dom_int_mv_ratio', 'dom_perc')",0.61037042
"('power_rating', 'gdp_usd', 'mv_usd', 'elo_rating', 'mv_play_dom', 'num_play_dom', 'mv_play_int', 'num_play_int', 'dom_int_mv_ratio', 'int_perc')",0.61037042
"('power_rating', 'gdp_usd', 'mv_usd', 'elo_rating', 'mv_play_dom', 'num_play_dom', 'mv_play_int', 'num_play_int', 'dom_int_mv_ratio', 'dom_perc', 'int_perc')",0.61037042
"('mv_usd', 'life_exp', 'qol', 'mv_play_int', 'num_play_int', 'dom_perc')",0.610364369
"('mv_usd', 'life_exp', 'qol', 'mv_play_int', 'num_play_int', 'int_perc')",0.610364369
"('mv_usd', 'life_exp', 'qol', 'mv_play_int', 'num_play_int', 'dom_perc', 'int_perc')",0.610364369
"('power_rating', 'gdp_usd', 'elo_rating', 'bmi', 'num_play_dom', 'mv_play_int', 'num_play_int', 'dom_int_mv_ratio')",0.61036085
"('power_rating', 'gdp_usd', 'bmi', 'qol', 'mv_play_dom', 'num_play_dom', 'num_play_int', 'dom_int_mv_ratio', 'dom_perc')",0.610276112
"('power_rating', 'gdp_usd', 'bmi', 'qol', 'mv_play_dom', 'num_play_dom', 'num_play_int', 'dom_int_mv_ratio', 'int_perc')",0.610276112
"('power_rating', 'gdp_usd', 'bmi', 'qol', 'mv_play_dom', 'num_play_dom', 'num_play_int', 'dom_int_mv_ratio', 'dom_perc', 'int_perc')",0.610276112
"('power_rating', 'bmi', 'qol', 'mv_play_dom', 'num_play_dom', 'num_play_int', 'dom_int_mv_ratio', 'dom_perc')",0.610257917
"('power_rating', 'bmi', 'qol', 'mv_play_dom', 'num_play_dom', 'num_play_int', 'dom_int_mv_ratio', 'int_perc')",0.610257917
"('power_rating', 'bmi', 'qol', 'mv_play_dom', 'num_play_dom', 'num_play_int', 'dom_int_mv_ratio', 'dom_perc', 'int_perc')",0.610257917
"('power_rating', 'gdp_usd', 'mv_usd', 'elo_rating', 'bmi', 'life_exp', 'qol', 'mv_play_dom', 'num_play_int', 'dom_int_mv_ratio', 'dom_perc')",0.610202581
"('power_rating', 'gdp_usd', 'mv_usd', 'elo_rating', 'bmi', 'life_exp', 'qol', 'mv_play_dom', 'num_play_int', 'dom_int_mv_ratio', 'int_perc')",0.610202581
"('power_rating', 'gdp_usd', 'mv_usd', 'elo_rating', 'bmi', 'life_exp', 'qol', 'mv_play_dom', 'num_play_int', 'dom_int_mv_ratio', 'dom_perc', 'int_perc')",0.610202581
"('power_rating', 'gdp_usd', 'elo_rating', 'mv_play_dom', 'num_play_dom', 'mv_play_int', 'num_play_int', 'dom_int_mv_ratio', 'dom_perc')",0.610146705
"('power_rating', 'gdp_usd', 'elo_rating', 'mv_play_dom', 'num_play_dom', 'mv_play_int', 'num_play_int', 'dom_int_mv_ratio', 'int_perc')",0.610146705
"('power_rating', 'gdp_usd', 'elo_rating', 'mv_play_dom', 'num_play_dom', 'mv_play_int', 'num_play_int', 'dom_int_mv_ratio', 'dom_perc', 'int_perc')",0.610146705
"('power_rating', 'gdp_usd', 'elo_rating', 'bmi', 'qol', 'num_play_dom', 'mv_play_int', 'dom_int_mv_ratio')",0.610079953
"('power_rating', 'gdp_usd', 'mv_usd', 'elo_rating', 'num_play_dom', 'mv_play_int', 'num_play_int', 'dom_int_mv_ratio', 'dom_perc')",0.610016587
"('power_rating', 'gdp_usd', 'mv_usd', 'elo_rating', 'num_play_dom', 'mv_play_int', 'num_play_int', 'dom_int_mv_ratio', 'int_perc')",0.610016587
"('power_rating', 'gdp_usd', 'mv_usd', 'elo_rating', 'num_play_dom', 'mv_play_int', 'num_play_int', 'dom_int_mv_ratio', 'dom_perc', 'int_perc')",0.610016587
"('power_rating', 'gdp_usd', 'elo_rating', 'num_play_dom', 'mv_play_int', 'num_play_int', 'dom_int_mv_ratio', 'dom_perc')",0.610007077
"('power_rating', 'gdp_usd', 'elo_rating', 'num_play_dom', 'mv_play_int', 'num_play_int', 'dom_int_mv_ratio', 'int_perc')",0.610007077
"('power_rating', 'gdp_usd', 'elo_rating', 'num_play_dom', 'mv_play_int', 'num_play_int', 'dom_int_mv_ratio', 'dom_perc', 'int_perc')",0.610007077
"('power_rating', 'gdp_usd', 'elo_rating', 'life_exp', 'qol', 'mv_play_dom', 'mv_play_int', 'dom_int_mv_ratio')",0.609946045
"('power_rating', 'gdp_usd', 'elo_rating', 'bmi', 'life_exp', 'qol', 'mv_play_dom', 'num_play_int', 'dom_int_mv_ratio', 'dom_perc')",0.609924119
"('power_rating', 'gdp_usd', 'elo_rating', 'bmi', 'life_exp', 'qol', 'mv_play_dom', 'num_play_int', 'dom_int_mv_ratio', 'int_perc')",0.609924119
"('power_rating', 'gdp_usd', 'elo_rating', 'bmi', 'life_exp', 'qol', 'mv_play_dom', 'num_play_int', 'dom_int_mv_ratio', 'dom_perc', 'int_perc')",0.609924119
"('power_rating', 'mv_usd', 'elo_rating', 'qol', 'num_play_dom', 'mv_play_int', 'dom_int_mv_ratio', 'dom_perc')",0.609901199
"('power_rating', 'mv_usd', 'elo_rating', 'qol', 'num_play_dom', 'mv_play_int', 'dom_int_mv_ratio', 'int_perc')",0.609901199
"('power_rating', 'mv_usd', 'elo_rating', 'qol', 'num_play_dom', 'mv_play_int', 'dom_int_mv_ratio', 'dom_perc', 'int_perc')",0.609901199
"('power_rating', 'elo_rating', 'bmi', 'qol', 'num_play_dom', 'mv_play_int', 'dom_int_mv_ratio', 'dom_perc')",0.609785081
"('power_rating', 'elo_rating', 'bmi', 'qol', 'num_play_dom', 'mv_play_int', 'dom_int_mv_ratio', 'int_perc')",0.609785081
"('power_rating', 'elo_rating', 'bmi', 'qol', 'num_play_dom', 'mv_play_int', 'dom_int_mv_ratio', 'dom_perc', 'int_perc')",0.609785081
"('gdp_usd', 'mv_usd', 'bmi', 'life_exp', 'qol', 'mv_play_dom', 'num_play_dom', 'mv_play_int', 'num_play_int', 'dom_int_mv_ratio')",0.609769703
"('gdp_usd', 'mv_usd', 'bmi', 'life_exp', 'qol', 'mv_play_dom', 'num_play_dom', 'num_play_int', 'dom_int_mv_ratio')",0.609759637
"('power_rating', 'gdp_usd', 'mv_usd', 'bmi', 'life_exp', 'mv_play_int', 'num_play_int')",0.609665215
"('power_rating', 'mv_usd', 'bmi', 'life_exp', 'mv_play_int', 'num_play_int')",0.60964177
"('power_rating', 'gdp_usd', 'mv_usd', 'life_exp', 'mv_play_int', 'num_play_int')",0.60962039
"('power_rating', 'elo_rating', 'bmi', 'mv_play_dom', 'num_play_dom', 'mv_play_int', 'num_play_int', 'dom_int_mv_ratio')",0.609588153
"('power_rating', 'mv_usd', 'life_exp', 'mv_play_int', 'num_play_int')",0.609569068
"('power_rating', 'mv_usd', 'elo_rating', 'bmi', 'qol', 'num_play_dom', 'mv_play_int', 'dom_int_mv_ratio')",0.609538524
"('mv_usd', 'life_exp', 'num_play_dom', 'dom_int_mv_ratio')",0.609519992
"('mv_usd', 'bmi', 'num_play_dom', 'dom_int_mv_ratio')",0.609498362
"('power_rating', 'gdp_usd', 'mv_usd', 'elo_rating', 'qol', 'num_play_dom', 'mv_play_int', 'dom_int_mv_ratio')",0.609485237
"('power_rating', 'gdp_usd', 'mv_usd', 'elo_rating', 'bmi', 'life_exp', 'qol', 'num_play_int', 'dom_int_mv_ratio', 'dom_perc')",0.609399637
"('power_rating', 'gdp_usd', 'mv_usd', 'elo_rating', 'bmi', 'life_exp', 'qol', 'num_play_int', 'dom_int_mv_ratio', 'int_perc')",0.609399637
"('power_rating', 'gdp_usd', 'mv_usd', 'elo_rating', 'bmi', 'life_exp', 'qol', 'num_play_int', 'dom_int_mv_ratio', 'dom_perc', 'int_perc')",0.609399637
"('power_rating', 'gdp_usd', 'mv_usd', 'bmi', 'mv_play_dom', 'num_play_dom', 'mv_play_int', 'num_play_int', 'dom_int_mv_ratio')",0.609395449
"('power_rating', 'gdp_usd', 'mv_usd', 'qol', 'mv_play_dom', 'num_play_dom', 'num_play_int', 'dom_int_mv_ratio', 'dom_perc')",0.609335143
"('power_rating', 'gdp_usd', 'mv_usd', 'qol', 'mv_play_dom', 'num_play_dom', 'num_play_int', 'dom_int_mv_ratio', 'int_perc')",0.609335143
"('power_rating', 'gdp_usd', 'mv_usd', 'qol', 'mv_play_dom', 'num_play_dom', 'num_play_int', 'dom_int_mv_ratio', 'dom_perc', 'int_perc')",0.609335143
"('gdp_usd', 'mv_usd', 'life_exp', 'qol', 'mv_play_dom', 'num_play_dom', 'mv_play_int', 'num_play_int', 'dom_int_mv_ratio')",0.609281963
"('gdp_usd', 'mv_usd', 'life_exp', 'qol', 'mv_play_dom', 'num_play_dom', 'num_play_int', 'dom_int_mv_ratio')",0.609273086
"('power_rating', 'gdp_usd', 'bmi', 'qol', 'mv_play_dom', 'mv_play_int', 'num_play_int', 'dom_int_mv_ratio')",0.60926601
"('power_rating', 'gdp_usd', 'mv_usd', 'qol', 'num_play_dom', 'num_play_int', 'dom_int_mv_ratio', 'dom_perc')",0.609236145
"('power_rating', 'gdp_usd', 'mv_usd', 'qol', 'num_play_dom', 'num_play_int', 'dom_int_mv_ratio', 'int_perc')",0.609236145
"('power_rating', 'gdp_usd', 'mv_usd', 'qol', 'num_play_dom', 'num_play_int', 'dom_int_mv_ratio', 'dom_perc', 'int_perc')",0.609236145
"('power_rating', 'mv_usd', 'elo_rating', 'bmi', 'life_exp', 'qol', 'mv_play_dom', 'mv_play_int', 'dom_perc')",0.609111246
"('power_rating', 'mv_usd', 'elo_rating', 'bmi', 'life_exp', 'qol', 'mv_play_dom', 'mv_play_int', 'int_perc')",0.609111246
"('power_rating', 'mv_usd', 'elo_rating', 'bmi', 'life_exp', 'qol', 'mv_play_dom', 'mv_play_int', 'dom_perc', 'int_perc')",0.609111246
"('power_rating', 'mv_usd', 'elo_rating', 'life_exp', 'qol', 'mv_play_dom', 'mv_play_int', 'dom_perc')",0.609110219
"('power_rating', 'mv_usd', 'elo_rating', 'life_exp', 'qol', 'mv_play_dom', 'mv_play_int', 'int_perc')",0.609110219
"('power_rating', 'mv_usd', 'elo_rating', 'life_exp', 'qol', 'mv_play_dom', 'mv_play_int', 'dom_perc', 'int_perc')",0.609110219
"('power_rating', 'gdp_usd', 'bmi', 'mv_play_dom', 'num_play_dom', 'mv_play_int', 'num_play_int', 'dom_int_mv_ratio')",0.609107707
"('power_rating', 'mv_usd', 'elo_rating', 'bmi', 'life_exp', 'qol', 'mv_play_dom', 'mv_play_int', 'dom_int_mv_ratio')",0.609097014
"('power_rating', 'gdp_usd', 'mv_usd', 'elo_rating', 'bmi', 'life_exp', 'mv_play_dom', 'num_play_int', 'dom_int_mv_ratio', 'dom_perc')",0.609088357
"('power_rating', 'gdp_usd', 'mv_usd', 'elo_rating', 'bmi', 'life_exp', 'mv_play_dom', 'num_play_int', 'dom_int_mv_ratio', 'int_perc')",0.609088357
"('power_rating', 'gdp_usd', 'mv_usd', 'elo_rating', 'bmi', 'life_exp', 'mv_play_dom', 'num_play_int', 'dom_int_mv_ratio', 'dom_perc', 'int_perc')",0.609088357
"('power_rating', 'gdp_usd', 'elo_rating', 'bmi', 'life_exp', 'qol', 'num_play_int', 'dom_int_mv_ratio', 'dom_perc')",0.60908231
"('power_rating', 'gdp_usd', 'elo_rating', 'bmi', 'life_exp', 'qol', 'num_play_int', 'dom_int_mv_ratio', 'int_perc')",0.60908231
"('power_rating', 'gdp_usd', 'elo_rating', 'bmi', 'life_exp', 'qol', 'num_play_int', 'dom_int_mv_ratio', 'dom_perc', 'int_perc')",0.60908231
"('power_rating', 'gdp_usd', 'mv_usd', 'elo_rating', 'bmi', 'life_exp', 'qol', 'num_play_dom', 'mv_play_int', 'dom_perc')",0.609079749
"('power_rating', 'gdp_usd', 'mv_usd', 'elo_rating', 'bmi', 'life_exp', 'qol', 'num_play_dom', 'mv_play_int', 'int_perc')",0.609079749
"('power_rating', 'gdp_usd', 'mv_usd', 'elo_rating', 'bmi', 'life_exp', 'qol', 'num_play_dom', 'mv_play_int', 'dom_perc', 'int_perc')",0.609079749
"('power_rating', 'gdp_usd', 'mv_usd', 'elo_rating', 'bmi', 'life_exp', 'mv_play_dom', 'num_play_dom', 'mv_play_int', 'dom_int_mv_ratio', 'dom_perc')",0.609075497
"('power_rating', 'gdp_usd', 'mv_usd', 'elo_rating', 'bmi', 'life_exp', 'mv_play_dom', 'num_play_dom', 'mv_play_int', 'dom_int_mv_ratio', 'int_perc')",0.609075497
"('power_rating', 'gdp_usd', 'mv_usd', 'elo_rating', 'bmi', 'life_exp', 'mv_play_dom', 'num_play_dom', 'mv_play_int', 'dom_int_mv_ratio', 'dom_perc', 'int_perc')",0.609075497
"('power_rating', 'gdp_usd', 'mv_usd', 'elo_rating', 'bmi', 'life_exp', 'mv_play_dom', 'num_play_dom', 'mv_play_int', 'dom_int_mv_ratio')",0.609074776
"('power_rating', 'gdp_usd', 'mv_usd', 'bmi', 'num_play_dom', 'mv_play_int', 'num_play_int', 'dom_int_mv_ratio')",0.609072739
"('power_rating', 'gdp_usd', 'bmi', 'num_play_dom', 'mv_play_int', 'num_play_int', 'dom_int_mv_ratio')",0.609071336
"('power_rating', 'mv_usd', 'elo_rating', 'bmi', 'life_exp', 'mv_play_dom', 'num_play_dom', 'mv_play_int', 'dom_int_mv_ratio', 'dom_perc')",0.609059069
"('power_rating', 'mv_usd', 'elo_rating', 'bmi', 'life_exp', 'mv_play_dom', 'num_play_dom', 'mv_play_int', 'dom_int_mv_ratio', 'int_perc')",0.609059069
"('power_rating', 'mv_usd', 'elo_rating', 'bmi', 'life_exp', 'mv_play_dom', 'num_play_dom', 'mv_play_int', 'dom_int_mv_ratio', 'dom_perc', 'int_perc')",0.609059069
"('power_rating', 'mv_usd', 'elo_rating', 'bmi', 'life_exp', 'mv_play_dom', 'num_play_dom', 'mv_play_int', 'dom_int_mv_ratio')",0.609054374
"('power_rating', 'gdp_usd', 'elo_rating', 'bmi', 'life_exp', 'mv_play_dom', 'num_play_int', 'dom_int_mv_ratio', 'dom_perc')",0.609043359
"('power_rating', 'gdp_usd', 'elo_rating', 'bmi', 'life_exp', 'mv_play_dom', 'num_play_int', 'dom_int_mv_ratio', 'int_perc')",0.609043359
"('power_rating', 'gdp_usd', 'elo_rating', 'bmi', 'life_exp', 'mv_play_dom', 'num_play_int', 'dom_int_mv_ratio', 'dom_perc', 'int_perc')",0.609043359
"('power_rating', 'mv_usd', 'bmi', 'qol', 'mv_play_dom', 'mv_play_int', 'num_play_int')",0.608891869
"('power_rating', 'gdp_usd', 'qol', 'mv_play_dom', 'mv_play_int', 'num_play_int', 'dom_int_mv_ratio')",0.608867174
"('power_rating', 'gdp_usd', 'mv_usd', 'elo_rating', 'bmi', 'life_exp', 'num_play_int', 'dom_int_mv_ratio', 'dom_perc')",0.608727787
"('power_rating', 'gdp_usd', 'mv_usd', 'elo_rating', 'bmi', 'life_exp', 'num_play_int', 'dom_int_mv_ratio', 'int_perc')",0.608727787
"('power_rating', 'gdp_usd', 'mv_usd', 'elo_rating', 'bmi', 'life_exp', 'num_play_int', 'dom_int_mv_ratio', 'dom_perc', 'int_perc')",0.608727787
"('power_rating', 'gdp_usd', 'elo_rating', 'bmi', 'life_exp', 'mv_play_dom', 'num_play_dom', 'mv_play_int', 'dom_int_mv_ratio', 'dom_perc')",0.608716626
"('power_rating', 'gdp_usd', 'elo_rating', 'bmi', 'life_exp', 'mv_play_dom', 'num_play_dom', 'mv_play_int', 'dom_int_mv_ratio', 'int_perc')",0.608716626
"('power_rating', 'gdp_usd', 'elo_rating', 'bmi', 'life_exp', 'mv_play_dom', 'num_play_dom', 'mv_play_int', 'dom_int_mv_ratio', 'dom_perc', 'int_perc')",0.608716626
"('power_rating', 'gdp_usd', 'elo_rating', 'bmi', 'life_exp', 'mv_play_dom', 'num_play_dom', 'mv_play_int', 'dom_int_mv_ratio')",0.608709928
"('power_rating', 'elo_rating', 'bmi', 'life_exp', 'mv_play_dom', 'num_play_dom', 'mv_play_int', 'dom_int_mv_ratio', 'dom_perc')",0.608704804
"('power_rating', 'elo_rating', 'bmi', 'life_exp', 'mv_play_dom', 'num_play_dom', 'mv_play_int', 'dom_int_mv_ratio', 'int_perc')",0.608704804
"('power_rating', 'elo_rating', 'bmi', 'life_exp', 'mv_play_dom', 'num_play_dom', 'mv_play_int', 'dom_int_mv_ratio', 'dom_perc', 'int_perc')",0.608704804
"('power_rating', 'elo_rating', 'bmi', 'life_exp', 'mv_play_dom', 'num_play_dom', 'mv_play_int', 'dom_int_mv_ratio')",0.608702025
"('power_rating', 'gdp_usd', 'qol', 'mv_play_dom', 'num_play_dom', 'mv_play_int', 'num_play_int')",0.60866983
"('power_rating', 'mv_usd', 'elo_rating', 'bmi', 'qol', 'mv_play_int', 'dom_int_mv_ratio', 'dom_perc')",0.608630785
"('power_rating', 'mv_usd', 'elo_rating', 'bmi', 'qol', 'mv_play_int', 'dom_int_mv_ratio', 'int_perc')",0.608630785
"('power_rating', 'mv_usd', 'elo_rating', 'bmi', 'qol', 'mv_play_int', 'dom_int_mv_ratio', 'dom_perc', 'int_perc')",0.608630785
"('power_rating', 'elo_rating', 'qol', 'num_play_dom', 'mv_play_int', 'dom_int_mv_ratio', 'int_perc')",0.60861688
"('power_rating', 'elo_rating', 'qol', 'num_play_dom', 'mv_play_int', 'dom_int_mv_ratio', 'dom_perc')",0.60861688
"('power_rating', 'elo_rating', 'qol', 'num_play_dom', 'mv_play_int', 'dom_int_mv_ratio', 'dom_perc', 'int_perc')",0.60861688
"('power_rating', 'qol', 'mv_play_dom', 'num_play_dom', 'mv_play_int', 'num_play_int')",0.608607198
"('power_rating', 'mv_usd', 'elo_rating', 'qol', 'mv_play_int', 'dom_int_mv_ratio', 'dom_perc')",0.608511983
"('power_rating', 'mv_usd', 'elo_rating', 'qol', 'mv_play_int', 'dom_int_mv_ratio', 'int_perc')",0.608511983
"('power_rating', 'mv_usd', 'elo_rating', 'qol', 'mv_play_int', 'dom_int_mv_ratio', 'dom_perc', 'int_perc')",0.608511983
"('power_rating', 'mv_usd', 'elo_rating', 'bmi', 'num_play_dom', 'mv_play_int', 'num_play_int', 'dom_int_mv_ratio')",0.608497706
"('power_rating', 'gdp_usd', 'mv_usd', 'elo_rating', 'bmi', 'life_exp', 'qol', 'mv_play_int', 'dom_perc')",0.608452962
"('power_rating', 'gdp_usd', 'mv_usd', 'elo_rating', 'bmi', 'life_exp', 'qol', 'mv_play_int', 'int_perc')",0.608452962
"('power_rating', 'gdp_usd', 'mv_usd', 'elo_rating', 'bmi', 'life_exp', 'qol', 'mv_play_int', 'dom_perc', 'int_perc')",0.608452962
"('power_rating', 'gdp_usd', 'elo_rating', 'qol', 'num_play_dom', 'mv_play_int', 'dom_int_mv_ratio')",0.608430046
"('power_rating', 'gdp_usd', 'mv_usd', 'elo_rating', 'life_exp', 'qol', 'num_play_dom', 'mv_play_int', 'dom_perc', 'int_perc')",0.608405434
"('power_rating', 'gdp_usd', 'mv_usd', 'elo_rating', 'life_exp', 'qol', 'num_play_dom', 'mv_play_int', 'dom_perc')",0.608405434
"('power_rating', 'gdp_usd', 'mv_usd', 'elo_rating', 'life_exp', 'qol', 'num_play_dom', 'mv_play_int', 'int_perc')",0.608405434
"('power_rating', 'gdp_usd', 'mv_usd', 'bmi', 'qol', 'mv_play_dom', 'num_play_dom', 'num_play_int', 'dom_perc')",0.608380293
"('power_rating', 'gdp_usd', 'mv_usd', 'bmi', 'qol', 'mv_play_dom', 'num_play_dom', 'num_play_int', 'int_perc')",0.608380293
"('power_rating', 'gdp_usd', 'mv_usd', 'bmi', 'qol', 'mv_play_dom', 'num_play_dom', 'num_play_int', 'dom_perc', 'int_perc')",0.608380293
"('power_rating', 'elo_rating', 'bmi', 'num_play_dom', 'mv_play_int', 'num_play_int', 'dom_int_mv_ratio')",0.608366227
"('power_rating', 'gdp_usd', 'elo_rating', 'bmi', 'life_exp', 'num_play_int', 'dom_int_mv_ratio', 'dom_perc')",0.608326401
"('power_rating', 'gdp_usd', 'elo_rating', 'bmi', 'life_exp', 'num_play_int', 'dom_int_mv_ratio', 'int_perc')",0.608326401
"('power_rating', 'gdp_usd', 'elo_rating', 'bmi', 'life_exp', 'num_play_int', 'dom_int_mv_ratio', 'dom_perc', 'int_perc')",0.608326401
"('power_rating', 'gdp_usd', 'elo_rating', 'bmi', 'life_exp', 'qol', 'mv_play_dom', 'num_play_dom', 'mv_play_int', 'dom_perc')",0.608320638
"('power_rating', 'gdp_usd', 'elo_rating', 'bmi', 'life_exp', 'qol', 'mv_play_dom', 'num_play_dom', 'mv_play_int', 'int_perc')",0.608320638
"('power_rating', 'gdp_usd', 'elo_rating', 'bmi', 'life_exp', 'qol', 'mv_play_dom', 'num_play_dom', 'mv_play_int', 'dom_perc', 'int_perc')",0.608320638
"('power_rating', 'elo_rating', 'bmi', 'qol', 'num_play_dom', 'mv_play_int', 'dom_int_mv_ratio')",0.608317418
"('power_rating', 'mv_usd', 'elo_rating', 'qol', 'num_play_dom', 'mv_play_int', 'dom_int_mv_ratio')",0.60828893
"('power_rating', 'gdp_usd', 'qol', 'num_play_dom', 'mv_play_int', 'num_play_int')",0.608219307
"('power_rating', 'gdp_usd', 'elo_rating', 'bmi', 'life_exp', 'qol', 'num_play_dom', 'mv_play_int', 'dom_perc')",0.608177928
"('power_rating', 'gdp_usd', 'elo_rating', 'bmi', 'life_exp', 'qol', 'num_play_dom', 'mv_play_int', 'int_perc')",0.608177928
"('power_rating', 'gdp_usd', 'elo_rating', 'bmi', 'life_exp', 'qol', 'num_play_dom', 'mv_play_int', 'dom_perc', 'int_perc')",0.608177928
"('power_rating', 'qol', 'num_play_dom', 'mv_play_int', 'num_play_int')",0.608164117
"('power_rating', 'mv_usd', 'elo_rating', 'mv_play_dom', 'num_play_dom', 'mv_play_int', 'num_play_int', 'dom_int_mv_ratio', 'dom_perc')",0.608138646
"('power_rating', 'mv_usd', 'elo_rating', 'mv_play_dom', 'num_play_dom', 'mv_play_int', 'num_play_int', 'dom_int_mv_ratio', 'int_perc')",0.608138646
"('power_rating', 'mv_usd', 'elo_rating', 'mv_play_dom', 'num_play_dom', 'mv_play_int', 'num_play_int', 'dom_int_mv_ratio', 'dom_perc', 'int_perc')",0.608138646
"('power_rating', 'gdp_usd', 'mv_usd', 'elo_rating', 'life_exp', 'qol', 'mv_play_int', 'dom_perc')",0.608088761
"('power_rating', 'gdp_usd', 'mv_usd', 'elo_rating', 'life_exp', 'qol', 'mv_play_int', 'int_perc')",0.608088761
"('power_rating', 'gdp_usd', 'mv_usd', 'elo_rating', 'life_exp', 'qol', 'mv_play_int', 'dom_perc', 'int_perc')",0.608088761
"('power_rating', 'gdp_usd', 'mv_usd', 'elo_rating', 'bmi', 'qol', 'mv_play_int', 'num_play_int', 'dom_int_mv_ratio')",0.608054246
"('power_rating', 'gdp_usd', 'mv_usd', 'elo_rating', 'qol', 'mv_play_int', 'num_play_int', 'dom_int_mv_ratio')",0.608040617
"('power_rating', 'mv_usd', 'bmi', 'mv_play_dom', 'num_play_dom', 'mv_play_int', 'num_play_int', 'dom_int_mv_ratio')",0.607961881
"('power_rating', 'gdp_usd', 'mv_usd', 'elo_rating', 'bmi', 'life_exp', 'qol', 'num_play_dom', 'mv_play_int')",0.607935997
"('power_rating', 'gdp_usd', 'elo_rating', 'bmi', 'life_exp', 'qol', 'mv_play_dom', 'num_play_dom', 'mv_play_int')",0.60789111
"('power_rating', 'mv_usd', 'qol', 'mv_play_dom', 'mv_play_int', 'num_play_int')",0.607880764
"('power_rating', 'gdp_usd', 'elo_rating', 'life_exp', 'qol', 'mv_play_dom', 'num_play_dom', 'mv_play_int', 'dom_perc')",0.607862161
"('power_rating', 'gdp_usd', 'elo_rating', 'life_exp', 'qol', 'mv_play_dom', 'num_play_dom', 'mv_play_int', 'int_perc')",0.607862161
"('power_rating', 'gdp_usd', 'elo_rating', 'life_exp', 'qol', 'mv_play_dom', 'num_play_dom', 'mv_play_int', 'dom_perc', 'int_perc')",0.607862161
"('power_rating', 'gdp_usd', 'elo_rating', 'life_exp', 'qol', 'num_play_dom', 'mv_play_int', 'dom_perc')",0.607639454
"('power_rating', 'gdp_usd', 'elo_rating', 'life_exp', 'qol', 'num_play_dom', 'mv_play_int', 'int_perc')",0.607639454
"('power_rating', 'gdp_usd', 'elo_rating', 'life_exp', 'qol', 'num_play_dom', 'mv_play_int', 'dom_perc', 'int_perc')",0.607639454
"('power_rating', 'gdp_usd', 'mv_usd', 'bmi', 'qol', 'num_play_dom', 'num_play_int', 'dom_perc')",0.607586019
"('power_rating', 'gdp_usd', 'mv_usd', 'bmi', 'qol', 'num_play_dom', 'num_play_int', 'int_perc')",0.607586019
"('power_rating', 'gdp_usd', 'mv_usd', 'bmi', 'qol', 'num_play_dom', 'num_play_int', 'dom_perc', 'int_perc')",0.607586019
"('mv_usd', 'num_play_dom', 'dom_int_mv_ratio')",0.607569396
"('power_rating', 'gdp_usd', 'elo_rating', 'bmi', 'life_exp', 'qol', 'num_play_dom', 'mv_play_int')",0.607559015
"('power_rating', 'gdp_usd', 'mv_usd', 'elo_rating', 'bmi', 'mv_play_dom', 'num_play_dom', 'mv_play_int', 'num_play_int')",0.607466098
"('power_rating', 'gdp_usd', 'elo_rating', 'bmi', 'life_exp', 'qol', 'mv_play_dom', 'mv_play_int', 'dom_perc')",0.607413822
"('power_rating', 'gdp_usd', 'elo_rating', 'bmi', 'life_exp', 'qol', 'mv_play_dom', 'mv_play_int', 'int_perc')",0.607413822
"('power_rating', 'gdp_usd', 'elo_rating', 'bmi', 'life_exp', 'qol', 'mv_play_dom', 'mv_play_int', 'dom_perc', 'int_perc')",0.607413822
"('power_rating', 'gdp_usd', 'elo_rating', 'bmi', 'qol', 'mv_play_dom', 'mv_play_int', 'num_play_int')",0.607380916
"('power_rating', 'gdp_usd', 'elo_rating', 'life_exp', 'qol', 'mv_play_dom', 'num_play_dom', 'mv_play_int')",0.60733142
"('power_rating', 'elo_rating', 'bmi', 'qol', 'mv_play_int', 'dom_int_mv_ratio', 'dom_perc')",0.607326652
"('power_rating', 'elo_rating', 'bmi', 'qol', 'mv_play_int', 'dom_int_mv_ratio', 'int_perc')",0.607326652
"('power_rating', 'elo_rating', 'bmi', 'qol', 'mv_play_int', 'dom_int_mv_ratio', 'dom_perc', 'int_perc')",0.607326652
"('power_rating', 'gdp_usd', 'elo_rating', 'bmi', 'qol', 'mv_play_dom', 'mv_play_int', 'dom_int_mv_ratio')",0.607271379
"('power_rating', 'gdp_usd', 'elo_rating', 'life_exp', 'qol', 'mv_play_dom', 'mv_play_int', 'dom_perc')",0.607269813
"('power_rating', 'gdp_usd', 'elo_rating', 'life_exp', 'qol', 'mv_play_dom', 'mv_play_int', 'int_perc')",0.607269813
"('power_rating', 'gdp_usd', 'elo_rating', 'life_exp', 'qol', 'mv_play_dom', 'mv_play_int', 'dom_perc', 'int_perc')",0.607269813
"('power_rating', 'gdp_usd', 'elo_rating', 'bmi', 'life_exp', 'qol', 'mv_play_int', 'dom_perc')",0.607251791
"('power_rating', 'gdp_usd', 'elo_rating', 'bmi', 'life_exp', 'qol', 'mv_play_int', 'int_perc')",0.607251791
"('power_rating', 'gdp_usd', 'elo_rating', 'bmi', 'life_exp', 'qol', 'mv_play_int', 'dom_perc', 'int_perc')",0.607251791
"('power_rating', 'elo_rating', 'qol', 'mv_play_int', 'dom_int_mv_ratio', 'dom_perc')",0.60709701
"('power_rating', 'elo_rating', 'qol', 'mv_play_int', 'dom_int_mv_ratio', 'int_perc')",0.60709701
"('power_rating', 'elo_rating', 'qol', 'mv_play_int', 'dom_int_mv_ratio', 'dom_perc', 'int_perc')",0.60709701
"('power_rating', 'gdp_usd', 'mv_usd', 'elo_rating', 'life_exp', 'qol', 'num_play_dom', 'mv_play_int')",0.607062333
"('power_rating', 'gdp_usd', 'elo_rating', 'life_exp', 'qol', 'mv_play_int', 'dom_perc')",0.607061363
"('power_rating', 'gdp_usd', 'elo_rating', 'life_exp', 'qol', 'mv_play_int', 'int_perc')",0.607061363
"('power_rating', 'gdp_usd', 'elo_rating', 'life_exp', 'qol', 'mv_play_int', 'dom_perc', 'int_perc')",0.607061363
"('power_rating', 'mv_usd', 'elo_rating', 'bmi', 'mv_play_dom', 'num_play_dom', 'mv_play_int', 'num_play_int')",0.607053682
"('power_rating', 'gdp_usd', 'elo_rating', 'qol', 'mv_play_dom', 'mv_play_int', 'dom_int_mv_ratio')",0.607026887
"('power_rating', 'bmi', 'qol', 'mv_play_dom', 'mv_play_int', 'num_play_int', 'dom_int_mv_ratio')",0.606977785
"('power_rating', 'gdp_usd', 'mv_usd', 'elo_rating', 'life_exp', 'mv_play_dom', 'num_play_dom', 'mv_play_int', 'dom_int_mv_ratio', 'dom_perc')",0.606972271
"('power_rating', 'gdp_usd', 'mv_usd', 'elo_rating', 'life_exp', 'mv_play_dom', 'num_play_dom', 'mv_play_int', 'dom_int_mv_ratio', 'int_perc')",0.606972271
"('power_rating', 'gdp_usd', 'mv_usd', 'elo_rating', 'life_exp', 'mv_play_dom', 'num_play_dom', 'mv_play_int', 'dom_int_mv_ratio', 'dom_perc', 'int_perc')",0.606972271
"('power_rating', 'gdp_usd', 'mv_usd', 'elo_rating', 'life_exp', 'mv_play_dom', 'num_play_dom', 'mv_play_int', 'dom_int_mv_ratio')",0.606969057
"('power_rating', 'mv_usd', 'bmi', 'num_play_dom', 'mv_play_int', 'num_play_int', 'dom_int_mv_ratio')",0.606959957
"('power_rating', 'mv_usd', 'elo_rating', 'life_exp', 'mv_play_dom', 'num_play_dom', 'mv_play_int', 'dom_int_mv_ratio', 'dom_perc')",0.606956016
"('power_rating', 'mv_usd', 'elo_rating', 'life_exp', 'mv_play_dom', 'num_play_dom', 'mv_play_int', 'dom_int_mv_ratio', 'int_perc')",0.606956016
"('power_rating', 'mv_usd', 'elo_rating', 'life_exp', 'mv_play_dom', 'num_play_dom', 'mv_play_int', 'dom_int_mv_ratio', 'dom_perc', 'int_perc')",0.606956016
"('power_rating', 'mv_usd', 'elo_rating', 'life_exp', 'mv_play_dom', 'num_play_dom', 'mv_play_int', 'dom_int_mv_ratio')",0.60695565
"('power_rating', 'mv_usd', 'elo_rating', 'life_exp', 'qol', 'mv_play_dom', 'mv_play_int', 'dom_int_mv_ratio')",0.606923793
"('power_rating', 'gdp_usd', 'mv_usd', 'elo_rating', 'bmi', 'life_exp', 'num_play_dom', 'mv_play_int', 'dom_int_mv_ratio', 'dom_perc')",0.606920274
"('power_rating', 'gdp_usd', 'mv_usd', 'elo_rating', 'bmi', 'life_exp', 'num_play_dom', 'mv_play_int', 'dom_int_mv_ratio', 'int_perc')",0.606920274
"('power_rating', 'gdp_usd', 'mv_usd', 'elo_rating', 'bmi', 'life_exp', 'num_play_dom', 'mv_play_int', 'dom_int_mv_ratio', 'dom_perc', 'int_perc')",0.606920274
"('power_rating', 'gdp_usd', 'mv_usd', 'elo_rating', 'bmi', 'life_exp', 'num_play_dom', 'mv_play_int', 'dom_int_mv_ratio')",0.606919545
"('power_rating', 'gdp_usd', 'elo_rating', 'bmi', 'qol', 'num_play_dom', 'num_play_int', 'dom_perc')",0.606910701
"('power_rating', 'gdp_usd', 'elo_rating', 'bmi', 'qol', 'num_play_dom', 'num_play_int', 'int_perc')",0.606910701
"('power_rating', 'gdp_usd', 'elo_rating', 'bmi', 'qol', 'num_play_dom', 'num_play_int', 'dom_perc', 'int_perc')",0.606910701
"('power_rating', 'elo_rating', 'mv_play_dom', 'num_play_dom', 'mv_play_int', 'num_play_int', 'dom_int_mv_ratio', 'dom_perc')",0.606881548
"('power_rating', 'elo_rating', 'mv_play_dom', 'num_play_dom', 'mv_play_int', 'num_play_int', 'dom_int_mv_ratio', 'int_perc')",0.606881548
"('power_rating', 'elo_rating', 'mv_play_dom', 'num_play_dom', 'mv_play_int', 'num_play_int', 'dom_int_mv_ratio', 'dom_perc', 'int_perc')",0.606881548
"('power_rating', 'mv_usd', 'elo_rating', 'num_play_dom', 'mv_play_int', 'num_play_int', 'dom_int_mv_ratio', 'dom_perc')",0.60687573
"('power_rating', 'mv_usd', 'elo_rating', 'num_play_dom', 'mv_play_int', 'num_play_int', 'dom_int_mv_ratio', 'int_perc')",0.60687573
"('power_rating', 'mv_usd', 'elo_rating', 'num_play_dom', 'mv_play_int', 'num_play_int', 'dom_int_mv_ratio', 'dom_perc', 'int_perc')",0.60687573
"('power_rating', 'mv_usd', 'qol', 'mv_play_dom', 'num_play_dom', 'num_play_int', 'dom_int_mv_ratio', 'dom_perc')",0.606856578
"('power_rating', 'mv_usd', 'qol', 'mv_play_dom', 'num_play_dom', 'num_play_int', 'dom_int_mv_ratio', 'int_perc')",0.606856578
"('power_rating', 'mv_usd', 'qol', 'mv_play_dom', 'num_play_dom', 'num_play_int', 'dom_int_mv_ratio', 'dom_perc', 'int_perc')",0.606856578
"('power_rating', 'mv_usd', 'elo_rating', 'bmi', 'life_exp', 'num_play_dom', 'mv_play_int', 'dom_int_mv_ratio', 'dom_perc')",0.606827009
"('power_rating', 'mv_usd', 'elo_rating', 'bmi', 'life_exp', 'num_play_dom', 'mv_play_int', 'dom_int_mv_ratio', 'int_perc')",0.606827009
"('power_rating', 'mv_usd', 'elo_rating', 'bmi', 'life_exp', 'num_play_dom', 'mv_play_int', 'dom_int_mv_ratio', 'dom_perc', 'int_perc')",0.606827009
"('power_rating', 'gdp_usd', 'elo_rating', 'life_exp', 'qol', 'num_play_dom', 'mv_play_int')",0.606824859
"('power_rating', 'bmi', 'mv_play_dom', 'num_play_dom', 'mv_play_int', 'num_play_int', 'dom_int_mv_ratio')",0.606823875
"('power_rating', 'mv_usd', 'elo_rating', 'bmi', 'life_exp', 'num_play_dom', 'mv_play_int', 'dom_int_mv_ratio')",0.606821769
"('power_rating', 'bmi', 'num_play_dom', 'mv_play_int', 'num_play_int', 'dom_int_mv_ratio')",0.606818258
"('power_rating', 'mv_usd', 'qol', 'num_play_dom', 'num_play_int', 'dom_int_mv_ratio', 'dom_perc')",0.60681204
"('power_rating', 'mv_usd', 'qol', 'num_play_dom', 'num_play_int', 'dom_int_mv_ratio', 'int_perc')",0.60681204
"('power_rating', 'mv_usd', 'qol', 'num_play_dom', 'num_play_int', 'dom_int_mv_ratio', 'dom_perc', 'int_perc')",0.60681204
"('power_rating', 'gdp_usd', 'elo_rating', 'life_exp', 'mv_play_dom', 'num_play_dom', 'mv_play_int', 'dom_int_mv_ratio', 'dom_perc')",0.606798537
"('power_rating', 'gdp_usd', 'elo_rating', 'life_exp', 'mv_play_dom', 'num_play_dom', 'mv_play_int', 'dom_int_mv_ratio', 'int_perc')",0.606798537
"('power_rating', 'gdp_usd', 'elo_rating', 'life_exp', 'mv_play_dom', 'num_play_dom', 'mv_play_int', 'dom_int_mv_ratio', 'dom_perc', 'int_perc')",0.606798537
"('power_rating', 'gdp_usd', 'elo_rating', 'life_exp', 'mv_play_dom', 'num_play_dom', 'mv_play_int', 'dom_int_mv_ratio')",0.606789645
"('power_rating', 'qol', 'mv_play_dom', 'mv_play_int', 'num_play_int', 'dom_int_mv_ratio')",0.606784686
"('power_rating', 'elo_rating', 'num_play_dom', 'mv_play_int', 'num_play_int', 'dom_int_mv_ratio', 'int_perc')",0.606783638
"('power_rating', 'elo_rating', 'num_play_dom', 'mv_play_int', 'num_play_int', 'dom_int_mv_ratio', 'dom_perc')",0.606783638
"('power_rating', 'elo_rating', 'num_play_dom', 'mv_play_int', 'num_play_int', 'dom_int_mv_ratio', 'dom_perc', 'int_perc')",0.606783638
"('power_rating', 'elo_rating', 'life_exp', 'mv_play_dom', 'num_play_dom', 'mv_play_int', 'dom_int_mv_ratio', 'dom_perc')",0.606707297
"('power_rating', 'elo_rating', 'life_exp', 'mv_play_dom', 'num_play_dom', 'mv_play_int', 'dom_int_mv_ratio', 'int_perc')",0.606707297
"('power_rating', 'elo_rating', 'life_exp', 'mv_play_dom', 'num_play_dom', 'mv_play_int', 'dom_int_mv_ratio', 'dom_perc', 'int_perc')",0.606707297
"('power_rating', 'elo_rating', 'life_exp', 'mv_play_dom', 'num_play_dom', 'mv_play_int', 'dom_int_mv_ratio')",0.606707248
"('power_rating', 'gdp_usd', 'mv_usd', 'elo_rating', 'life_exp', 'qol', 'mv_play_dom', 'num_play_int', 'dom_int_mv_ratio', 'dom_perc')",0.606697012
"('power_rating', 'gdp_usd', 'mv_usd', 'elo_rating', 'life_exp', 'qol', 'mv_play_dom', 'num_play_int', 'dom_int_mv_ratio', 'int_perc')",0.606697012
"('power_rating', 'gdp_usd', 'mv_usd', 'elo_rating', 'life_exp', 'qol', 'mv_play_dom', 'num_play_int', 'dom_int_mv_ratio', 'dom_perc', 'int_perc')",0.606697012
"('power_rating', 'elo_rating', 'bmi', 'life_exp', 'qol', 'mv_play_dom', 'num_play_dom', 'mv_play_int', 'dom_perc')",0.606583995
"('power_rating', 'elo_rating', 'bmi', 'life_exp', 'qol', 'mv_play_dom', 'num_play_dom', 'mv_play_int', 'int_perc')",0.606583995
"('power_rating', 'elo_rating', 'bmi', 'life_exp', 'qol', 'mv_play_dom', 'num_play_dom', 'mv_play_int', 'dom_perc', 'int_perc')",0.606583995
"('power_rating', 'elo_rating', 'qol', 'num_play_dom', 'mv_play_int', 'dom_int_mv_ratio')",0.606571674
"('power_rating', 'elo_rating', 'bmi', 'life_exp', 'qol', 'mv_play_dom', 'num_play_dom', 'mv_play_int')",0.606567473
"('power_rating', 'mv_usd', 'elo_rating', 'bmi', 'life_exp', 'qol', 'num_play_dom', 'mv_play_int', 'dom_perc')",0.60655502
"('power_rating', 'mv_usd', 'elo_rating', 'bmi', 'life_exp', 'qol', 'num_play_dom', 'mv_play_int', 'int_perc')",0.60655502
"('power_rating', 'mv_usd', 'elo_rating', 'bmi', 'life_exp', 'qol', 'num_play_dom', 'mv_play_int', 'dom_perc', 'int_perc')",0.60655502
"('power_rating', 'mv_usd', 'elo_rating', 'bmi', 'qol', 'mv_play_dom', 'num_play_dom', 'mv_play_int', 'dom_perc')",0.606552174
"('power_rating', 'mv_usd', 'elo_rating', 'bmi', 'qol', 'mv_play_dom', 'num_play_dom', 'mv_play_int', 'int_perc')",0.606552174
"('power_rating', 'mv_usd', 'elo_rating', 'bmi', 'qol', 'mv_play_dom', 'num_play_dom', 'mv_play_int', 'dom_perc', 'int_perc')",0.606552174
"('power_rating', 'gdp_usd', 'elo_rating', 'qol', 'mv_play_dom', 'mv_play_int', 'num_play_int')",0.606481783
"('power_rating', 'gdp_usd', 'elo_rating', 'life_exp', 'qol', 'mv_play_dom', 'num_play_int', 'dom_int_mv_ratio', 'dom_perc')",0.606449801
"('power_rating', 'gdp_usd', 'elo_rating', 'life_exp', 'qol', 'mv_play_dom', 'num_play_int', 'dom_int_mv_ratio', 'int_perc')",0.606449801
"('power_rating', 'gdp_usd', 'elo_rating', 'life_exp', 'qol', 'mv_play_dom', 'num_play_int', 'dom_int_mv_ratio', 'dom_perc', 'int_perc')",0.606449801
"('mv_usd', 'life_exp', 'mv_play_int', 'num_play_int', 'dom_perc')",0.606432083
"('mv_usd', 'life_exp', 'mv_play_int', 'num_play_int', 'int_perc')",0.606432083
"('mv_usd', 'life_exp', 'mv_play_int', 'num_play_int', 'dom_perc', 'int_perc')",0.606432083
"('power_rating', 'mv_usd', 'elo_rating', 'bmi', 'life_exp', 'qol', 'num_play_dom', 'mv_play_int')",0.606404906
"('power_rating', 'elo_rating', 'bmi', 'qol', 'num_play_dom', 'num_play_int', 'dom_perc')",0.606333019
"('power_rating', 'elo_rating', 'bmi', 'qol', 'num_play_dom', 'num_play_int', 'int_perc')",0.606333019
"('power_rating', 'elo_rating', 'bmi', 'qol', 'num_play_dom', 'num_play_int', 'dom_perc', 'int_perc')",0.606333019
"('power_rating', 'mv_usd', 'elo_rating', 'bmi', 'qol', 'mv_play_dom', 'num_play_dom', 'mv_play_int')",0.606311787
"('power_rating', 'elo_rating', 'bmi', 'life_exp', 'qol', 'num_play_dom', 'mv_play_int', 'dom_perc')",0.606300135
"('power_rating', 'elo_rating', 'bmi', 'life_exp', 'qol', 'num_play_dom', 'mv_play_int', 'int_perc')",0.606300135
"('power_rating', 'elo_rating', 'bmi', 'life_exp', 'qol', 'num_play_dom', 'mv_play_int', 'dom_perc', 'int_perc')",0.606300135
"('power_rating', 'mv_usd', 'elo_rating', 'bmi', 'life_exp', 'qol', 'mv_play_dom', 'num_play_int', 'dom_int_mv_ratio', 'dom_perc')",0.606240509
"('power_rating', 'mv_usd', 'elo_rating', 'bmi', 'life_exp', 'qol', 'mv_play_dom', 'num_play_int', 'dom_int_mv_ratio', 'int_perc')",0.606240509
"('power_rating', 'mv_usd', 'elo_rating', 'bmi', 'life_exp', 'qol', 'mv_play_dom', 'num_play_int', 'dom_int_mv_ratio', 'dom_perc', 'int_perc')",0.606240509
"('power_rating', 'elo_rating', 'bmi', 'life_exp', 'qol', 'mv_play_dom', 'mv_play_int', 'dom_int_mv_ratio')",0.606237952
"('power_rating', 'elo_rating', 'bmi', 'life_exp', 'qol', 'num_play_dom', 'mv_play_int')",0.606228335
"('gdp_usd', 'mv_usd', 'elo_rating', 'bmi', 'life_exp', 'qol', 'mv_play_dom', 'num_play_dom', 'mv_play_int', 'num_play_int', 'dom_perc')",0.606145776
"('gdp_usd', 'mv_usd', 'elo_rating', 'bmi', 'life_exp', 'qol', 'mv_play_dom', 'num_play_dom', 'mv_play_int', 'num_play_int', 'int_perc')",0.606145776
"('gdp_usd', 'mv_usd', 'elo_rating', 'bmi', 'life_exp', 'qol', 'mv_play_dom', 'num_play_dom', 'mv_play_int', 'num_play_int', 'dom_perc', 'int_perc')",0.606145776
"('elo_rating', 'bmi', 'life_exp', 'qol', 'mv_play_dom')",0.606093097
"('power_rating', 'elo_rating', 'life_exp', 'qol', 'mv_play_dom', 'num_play_dom', 'mv_play_int', 'dom_perc')",0.606073386
"('power_rating', 'elo_rating', 'life_exp', 'qol', 'mv_play_dom', 'num_play_dom', 'mv_play_int', 'int_perc')",0.606073386
"('power_rating', 'elo_rating', 'life_exp', 'qol', 'mv_play_dom', 'num_play_dom', 'mv_play_int', 'dom_perc', 'int_perc')",0.606073386
"('power_rating', 'elo_rating', 'life_exp', 'qol', 'mv_play_dom', 'num_play_dom', 'mv_play_int')",0.606033116
"('power_rating', 'gdp_usd', 'elo_rating', 'bmi', 'life_exp', 'mv_play_int', 'num_play_int', 'dom_int_mv_ratio')",0.605873308
"('power_rating', 'gdp_usd', 'bmi', 'life_exp', 'mv_play_int', 'num_play_int', 'dom_int_mv_ratio')",0.605872359
"('power_rating', 'gdp_usd', 'elo_rating', 'bmi', 'life_exp', 'mv_play_int', 'num_play_int')",0.605868739
"('power_rating', 'gdp_usd', 'bmi', 'life_exp', 'mv_play_int', 'num_play_int')",0.605867204
"('power_rating', 'gdp_usd', 'elo_rating', 'life_exp', 'mv_play_int', 'num_play_int', 'dom_int_mv_ratio')",0.60584951
"('power_rating', 'gdp_usd', 'life_exp', 'mv_play_int', 'num_play_int', 'dom_int_mv_ratio')",0.605849292
"('power_rating', 'gdp_usd', 'elo_rating', 'life_exp', 'mv_play_int', 'num_play_int')",0.605847405
"('power_rating', 'gdp_usd', 'life_exp', 'mv_play_int', 'num_play_int')",0.605846953
"('power_rating', 'mv_usd', 'elo_rating', 'life_exp', 'qol', 'num_play_dom', 'mv_play_int', 'dom_perc')",0.605843701
"('power_rating', 'mv_usd', 'elo_rating', 'life_exp', 'qol', 'num_play_dom', 'mv_play_int', 'int_perc')",0.605843701
"('power_rating', 'mv_usd', 'elo_rating', 'life_exp', 'qol', 'num_play_dom', 'mv_play_int', 'dom_perc', 'int_perc')",0.605843701
"('power_rating', 'bmi', 'life_exp', 'mv_play_dom', 'num_play_dom', 'num_play_int', 'dom_perc')",0.605823967
"('power_rating', 'bmi', 'life_exp', 'mv_play_dom', 'num_play_dom', 'num_play_int', 'int_perc')",0.605823967
"('power_rating', 'bmi', 'life_exp', 'mv_play_dom', 'num_play_dom', 'num_play_int', 'dom_perc', 'int_perc')",0.605823967
"('power_rating', 'gdp_usd', 'mv_usd', 'bmi', 'mv_play_dom', 'num_play_dom', 'mv_play_int', 'num_play_int')",0.605754936
"('power_rating', 'elo_rating', 'life_exp', 'qol', 'num_play_dom', 'mv_play_int', 'dom_perc')",0.605667947
"('power_rating', 'elo_rating', 'life_exp', 'qol', 'num_play_dom', 'mv_play_int', 'int_perc')",0.605667947
"('power_rating', 'elo_rating', 'life_exp', 'qol', 'num_play_dom', 'mv_play_int', 'dom_perc', 'int_perc')",0.605667947
"('power_rating', 'mv_usd', 'elo_rating', 'life_exp', 'qol', 'num_play_dom', 'mv_play_int')",0.605612812
"('power_rating', 'mv_usd', 'elo_rating', 'bmi', 'qol', 'mv_play_int', 'num_play_int', 'dom_int_mv_ratio')",0.605600302
"('power_rating', 'mv_usd', 'elo_rating', 'qol', 'mv_play_int', 'num_play_int', 'dom_int_mv_ratio')",0.605583901
"('power_rating', 'elo_rating', 'bmi', 'life_exp', 'mv_play_int', 'num_play_int', 'dom_int_mv_ratio')",0.605580547
"('power_rating', 'elo_rating', 'life_exp', 'mv_play_int', 'num_play_int', 'dom_int_mv_ratio')",0.605580543
"('power_rating', 'bmi', 'life_exp', 'mv_play_int', 'num_play_int', 'dom_int_mv_ratio')",0.605569726
"('power_rating', 'life_exp', 'mv_play_int', 'num_play_int', 'dom_int_mv_ratio')",0.605569406
"('power_rating', 'elo_rating', 'bmi', 'life_exp', 'mv_play_int', 'num_play_int')",0.605565964
"('power_rating', 'elo_rating', 'life_exp', 'mv_play_int', 'num_play_int')",0.605565378
"('power_rating', 'bmi', 'life_exp', 'mv_play_int', 'num_play_int')",0.60555123
"('power_rating', 'life_exp', 'mv_play_int', 'num_play_int')",0.605549044
"('power_rating', 'elo_rating', 'life_exp', 'qol', 'num_play_dom', 'mv_play_int')",0.605521984
"('power_rating', 'gdp_usd', 'mv_usd', 'elo_rating', 'life_exp', 'qol', 'num_play_int', 'dom_int_mv_ratio', 'dom_perc')",0.605497487
"('power_rating', 'gdp_usd', 'mv_usd', 'elo_rating', 'life_exp', 'qol', 'num_play_int', 'dom_int_mv_ratio', 'int_perc')",0.605497487
"('power_rating', 'gdp_usd', 'mv_usd', 'elo_rating', 'life_exp', 'qol', 'num_play_int', 'dom_int_mv_ratio', 'dom_perc', 'int_perc')",0.605497487
"('power_rating', 'gdp_usd', 'mv_usd', 'bmi', 'qol', 'mv_play_int', 'num_play_int', 'dom_int_mv_ratio')",0.605453809
"('power_rating', 'gdp_usd', 'mv_usd', 'elo_rating', 'bmi', 'qol', 'num_play_dom', 'mv_play_int', 'dom_perc')",0.605327675
"('power_rating', 'gdp_usd', 'mv_usd', 'elo_rating', 'bmi', 'qol', 'num_play_dom', 'mv_play_int', 'int_perc')",0.605327675
"('power_rating', 'gdp_usd', 'mv_usd', 'elo_rating', 'bmi', 'qol', 'num_play_dom', 'mv_play_int', 'dom_perc', 'int_perc')",0.605327675
"('power_rating', 'gdp_usd', 'mv_usd', 'qol', 'mv_play_int', 'num_play_int', 'dom_int_mv_ratio')",0.605279485
"('power_rating', 'gdp_usd', 'elo_rating', 'bmi', 'qol', 'mv_play_int', 'num_play_int', 'dom_int_mv_ratio')",0.605187894
"('power_rating', 'gdp_usd', 'mv_usd', 'elo_rating', 'bmi', 'qol', 'mv_play_int', 'dom_perc')",0.605163498
"('power_rating', 'gdp_usd', 'mv_usd', 'elo_rating', 'bmi', 'qol', 'mv_play_int', 'int_perc')",0.605163498
"('power_rating', 'gdp_usd', 'mv_usd', 'elo_rating', 'bmi', 'qol', 'mv_play_int', 'dom_perc', 'int_perc')",0.605163498
"('power_rating', 'gdp_usd', 'life_exp', 'qol', 'mv_play_dom', 'num_play_dom', 'num_play_int', 'dom_perc')",0.605163166
"('power_rating', 'gdp_usd', 'life_exp', 'qol', 'mv_play_dom', 'num_play_dom', 'num_play_int', 'int_perc')",0.605163166
"('power_rating', 'gdp_usd', 'life_exp', 'qol', 'mv_play_dom', 'num_play_dom', 'num_play_int', 'dom_perc', 'int_perc')",0.605163166
"('power_rating', 'gdp_usd', 'elo_rating', 'qol', 'mv_play_int', 'num_play_int', 'dom_int_mv_ratio')",0.605137213
"('power_rating', 'mv_usd', 'bmi', 'mv_play_dom', 'num_play_dom', 'mv_play_int', 'num_play_int')",0.605128882
"('power_rating', 'mv_usd', 'elo_rating', 'qol', 'mv_play_dom', 'num_play_dom', 'mv_play_int', 'dom_perc')",0.605060883
"('power_rating', 'mv_usd', 'elo_rating', 'qol', 'mv_play_dom', 'num_play_dom', 'mv_play_int', 'int_perc')",0.605060883
"('power_rating', 'mv_usd', 'elo_rating', 'qol', 'mv_play_dom', 'num_play_dom', 'mv_play_int', 'dom_perc', 'int_perc')",0.605060883
"('power_rating', 'gdp_usd', 'mv_usd', 'elo_rating', 'bmi', 'num_play_dom', 'mv_play_int', 'num_play_int')",0.604985478
"('gdp_usd', 'mv_usd', 'elo_rating', 'bmi', 'life_exp', 'qol', 'mv_play_dom', 'num_play_dom', 'mv_play_int', 'num_play_int')",0.6049652
"('power_rating', 'gdp_usd', 'elo_rating', 'bmi', 'life_exp', 'num_play_dom', 'mv_play_int', 'dom_int_mv_ratio', 'int_perc')",0.604874017
"('power_rating', 'gdp_usd', 'elo_rating', 'bmi', 'life_exp', 'num_play_dom', 'mv_play_int', 'dom_int_mv_ratio', 'dom_perc')",0.604874017
"('power_rating', 'gdp_usd', 'elo_rating', 'bmi', 'life_exp', 'num_play_dom', 'mv_play_int', 'dom_int_mv_ratio', 'dom_perc', 'int_perc')",0.604874017
"('power_rating', 'gdp_usd', 'mv_usd', 'elo_rating', 'life_exp', 'num_play_dom', 'mv_play_int', 'dom_int_mv_ratio', 'dom_perc')",0.604870733
"('power_rating', 'gdp_usd', 'mv_usd', 'elo_rating', 'life_exp', 'num_play_dom', 'mv_play_int', 'dom_int_mv_ratio', 'int_perc')",0.604870733
"('power_rating', 'gdp_usd', 'mv_usd', 'elo_rating', 'life_exp', 'num_play_dom', 'mv_play_int', 'dom_int_mv_ratio', 'dom_perc', 'int_perc')",0.604870733
"('power_rating', 'gdp_usd', 'mv_usd', 'elo_rating', 'life_exp', 'num_play_dom', 'mv_play_int', 'dom_int_mv_ratio')",0.604867549
"('power_rating', 'elo_rating', 'bmi', 'life_exp', 'num_play_dom', 'mv_play_int', 'dom_int_mv_ratio', 'dom_perc')",0.604863251
"('power_rating', 'elo_rating', 'bmi', 'life_exp', 'num_play_dom', 'mv_play_int', 'dom_int_mv_ratio', 'int_perc')",0.604863251
"('power_rating', 'elo_rating', 'bmi', 'life_exp', 'num_play_dom', 'mv_play_int', 'dom_int_mv_ratio', 'dom_perc', 'int_perc')",0.604863251
"('power_rating', 'elo_rating', 'bmi', 'qol', 'mv_play_dom', 'mv_play_int', 'num_play_int')",0.604859702
"('power_rating', 'mv_usd', 'elo_rating', 'bmi', 'qol', 'mv_play_dom', 'mv_play_int', 'dom_int_mv_ratio')",0.604842566
"('power_rating', 'gdp_usd', 'elo_rating', 'bmi', 'life_exp', 'num_play_dom', 'mv_play_int', 'dom_int_mv_ratio')",0.604812245
"('power_rating', 'elo_rating', 'bmi', 'life_exp', 'num_play_dom', 'mv_play_int', 'dom_int_mv_ratio')",0.604810905
"('power_rating', 'mv_usd', 'elo_rating', 'bmi', 'qol', 'mv_play_dom', 'mv_play_int', 'dom_perc')",0.604662938
"('power_rating', 'mv_usd', 'elo_rating', 'bmi', 'qol', 'mv_play_dom', 'mv_play_int', 'int_perc')",0.604662938
"('power_rating', 'mv_usd', 'elo_rating', 'bmi', 'qol', 'mv_play_dom', 'mv_play_int', 'dom_perc', 'int_perc')",0.604662938
"('power_rating', 'mv_usd', 'elo_rating', 'qol', 'mv_play_dom', 'num_play_dom', 'mv_play_int')",0.60463413
"('power_rating', 'mv_usd', 'elo_rating', 'life_exp', 'num_play_dom', 'mv_play_int', 'dom_int_mv_ratio', 'dom_perc')",0.604545215
"('power_rating', 'mv_usd', 'elo_rating', 'life_exp', 'num_play_dom', 'mv_play_int', 'dom_int_mv_ratio', 'int_perc')",0.604545215
"('power_rating', 'mv_usd', 'elo_rating', 'life_exp', 'num_play_dom', 'mv_play_int', 'dom_int_mv_ratio', 'dom_perc', 'int_perc')",0.604545215
"('power_rating', 'mv_usd', 'elo_rating', 'life_exp', 'num_play_dom', 'mv_play_int', 'dom_int_mv_ratio')",0.604528351
"('power_rating', 'gdp_usd', 'bmi', 'qol', 'mv_play_int', 'num_play_int', 'dom_int_mv_ratio')",0.60451702
"('power_rating', 'gdp_usd', 'mv_usd', 'bmi', 'num_play_dom', 'mv_play_int', 'num_play_int')",0.604492032
"('power_rating', 'gdp_usd', 'elo_rating', 'life_exp', 'qol', 'num_play_int', 'dom_int_mv_ratio', 'dom_perc')",0.604400501
"('power_rating', 'gdp_usd', 'elo_rating', 'life_exp', 'qol', 'num_play_int', 'dom_int_mv_ratio', 'int_perc')",0.604400501
"('power_rating', 'gdp_usd', 'elo_rating', 'life_exp', 'qol', 'num_play_int', 'dom_int_mv_ratio', 'dom_perc', 'int_perc')",0.604400501
"('power_rating', 'gdp_usd', 'qol', 'mv_play_int', 'num_play_int', 'dom_int_mv_ratio')",0.604376035
"('power_rating', 'elo_rating', 'qol', 'mv_play_dom', 'mv_play_int', 'num_play_int')",0.6042843
"('power_rating', 'gdp_usd', 'mv_usd', 'elo_rating', 'bmi', 'mv_play_dom', 'num_play_dom', 'num_play_int', 'dom_perc')",0.604283519
"('power_rating', 'gdp_usd', 'mv_usd', 'elo_rating', 'bmi', 'mv_play_dom', 'num_play_dom', 'num_play_int', 'int_perc')",0.604283519
"('power_rating', 'gdp_usd', 'mv_usd', 'elo_rating', 'bmi', 'mv_play_dom', 'num_play_dom', 'num_play_int', 'dom_perc', 'int_perc')",0.604283519
"('power_rating', 'gdp_usd', 'mv_usd', 'elo_rating', 'bmi', 'life_exp', 'mv_play_dom', 'mv_play_int', 'dom_int_mv_ratio', 'dom_perc')",0.604283413
"('power_rating', 'gdp_usd', 'mv_usd', 'elo_rating', 'bmi', 'life_exp', 'mv_play_dom', 'mv_play_int', 'dom_int_mv_ratio', 'int_perc')",0.604283413
"('power_rating', 'gdp_usd', 'mv_usd', 'elo_rating', 'bmi', 'life_exp', 'mv_play_dom', 'mv_play_int', 'dom_int_mv_ratio', 'dom_perc', 'int_perc')",0.604283413
"('power_rating', 'mv_usd', 'elo_rating', 'bmi', 'mv_play_dom', 'num_play_dom', 'num_play_int', 'dom_perc')",0.604248805
"('power_rating', 'mv_usd', 'elo_rating', 'bmi', 'mv_play_dom', 'num_play_dom', 'num_play_int', 'int_perc')",0.604248805
"('power_rating', 'mv_usd', 'elo_rating', 'bmi', 'mv_play_dom', 'num_play_dom', 'num_play_int', 'dom_perc', 'int_perc')",0.604248805
"('power_rating', 'gdp_usd', 'mv_usd', 'life_exp', 'mv_play_dom', 'num_play_dom', 'num_play_int', 'dom_perc')",0.604237838
"('power_rating', 'gdp_usd', 'mv_usd', 'life_exp', 'mv_play_dom', 'num_play_dom', 'num_play_int', 'int_perc')",0.604237838
"('power_rating', 'gdp_usd', 'mv_usd', 'life_exp', 'mv_play_dom', 'num_play_dom', 'num_play_int', 'dom_perc', 'int_perc')",0.604237838
"('power_rating', 'mv_usd', 'elo_rating', 'qol', 'mv_play_dom', 'mv_play_int', 'dom_perc')",0.604156736
"('power_rating', 'mv_usd', 'elo_rating', 'qol', 'mv_play_dom', 'mv_play_int', 'int_perc')",0.604156736
"('power_rating', 'mv_usd', 'elo_rating', 'qol', 'mv_play_dom', 'mv_play_int', 'dom_perc', 'int_perc')",0.604156736
"('power_rating', 'mv_usd', 'bmi', 'qol', 'mv_play_dom', 'num_play_dom', 'num_play_int', 'dom_perc')",0.6040602
"('power_rating', 'mv_usd', 'bmi', 'qol', 'mv_play_dom', 'num_play_dom', 'num_play_int', 'int_perc')",0.6040602
"('power_rating', 'mv_usd', 'bmi', 'qol', 'mv_play_dom', 'num_play_dom', 'num_play_int', 'dom_perc', 'int_perc')",0.6040602
"('power_rating', 'mv_usd', 'elo_rating', 'qol', 'mv_play_dom', 'mv_play_int', 'dom_int_mv_ratio')",0.604031114
"('power_rating', 'mv_usd', 'bmi', 'qol', 'num_play_dom', 'num_play_int', 'dom_perc')",0.603963551
"('power_rating', 'mv_usd', 'bmi', 'qol', 'num_play_dom', 'num_play_int', 'int_perc')",0.603963551
"('power_rating', 'mv_usd', 'bmi', 'qol', 'num_play_dom', 'num_play_int', 'dom_perc', 'int_perc')",0.603963551
"('power_rating', 'gdp_usd', 'elo_rating', 'bmi', 'mv_play_dom', 'num_play_dom', 'mv_play_int', 'num_play_int')",0.60395128
"('power_rating', 'gdp_usd', 'elo_rating', 'bmi', 'num_play_dom', 'mv_play_int', 'num_play_int')",0.603839983
"('power_rating', 'life_exp', 'qol', 'mv_play_dom', 'num_play_dom', 'num_play_int', 'dom_perc')",0.603742225
"('power_rating', 'life_exp', 'qol', 'mv_play_dom', 'num_play_dom', 'num_play_int', 'int_perc')",0.603742225
"('power_rating', 'life_exp', 'qol', 'mv_play_dom', 'num_play_dom', 'num_play_int', 'dom_perc', 'int_perc')",0.603742225
"('elo_rating', 'bmi', 'qol', 'mv_play_dom', 'dom_int_mv_ratio')",0.603671484
"('power_rating', 'mv_usd', 'elo_rating', 'bmi', 'num_play_dom', 'mv_play_int', 'num_play_int')",0.603648166
"('power_rating', 'gdp_usd', 'mv_usd', 'elo_rating', 'life_exp', 'mv_play_dom', 'num_play_int', 'dom_int_mv_ratio', 'dom_perc')",0.603549113
"('power_rating', 'gdp_usd', 'mv_usd', 'elo_rating', 'life_exp', 'mv_play_dom', 'num_play_int', 'dom_int_mv_ratio', 'int_perc')",0.603549113
"('power_rating', 'gdp_usd', 'mv_usd', 'elo_rating', 'life_exp', 'mv_play_dom', 'num_play_int', 'dom_int_mv_ratio', 'dom_perc', 'int_perc')",0.603549113
"('power_rating', 'gdp_usd', 'elo_rating', 'life_exp', 'mv_play_dom', 'num_play_int', 'dom_int_mv_ratio', 'dom_perc')",0.603539283
"('power_rating', 'gdp_usd', 'elo_rating', 'life_exp', 'mv_play_dom', 'num_play_int', 'dom_int_mv_ratio', 'int_perc')",0.603539283
"('power_rating', 'gdp_usd', 'elo_rating', 'life_exp', 'mv_play_dom', 'num_play_int', 'dom_int_mv_ratio', 'dom_perc', 'int_perc')",0.603539283
"('power_rating', 'gdp_usd', 'mv_usd', 'elo_rating', 'qol', 'num_play_dom', 'mv_play_int', 'dom_perc')",0.603489573
"('power_rating', 'gdp_usd', 'mv_usd', 'elo_rating', 'qol', 'num_play_dom', 'mv_play_int', 'int_perc')",0.603489573
"('power_rating', 'gdp_usd', 'mv_usd', 'elo_rating', 'qol', 'num_play_dom', 'mv_play_int', 'dom_perc', 'int_perc')",0.603489573
"('power_rating', 'gdp_usd', 'mv_usd', 'elo_rating', 'qol', 'mv_play_int', 'dom_perc')",0.603473422
"('power_rating', 'gdp_usd', 'mv_usd', 'elo_rating', 'qol', 'mv_play_int', 'int_perc')",0.603473422
"('power_rating', 'gdp_usd', 'mv_usd', 'elo_rating', 'qol', 'mv_play_int', 'dom_perc', 'int_perc')",0.603473422
"('power_rating', 'elo_rating', 'bmi', 'life_exp', 'qol', 'mv_play_dom', 'num_play_int', 'dom_int_mv_ratio', 'dom_perc')",0.603411351
"('power_rating', 'elo_rating', 'bmi', 'life_exp', 'qol', 'mv_play_dom', 'num_play_int', 'dom_int_mv_ratio', 'int_perc')",0.603411351
"('power_rating', 'elo_rating', 'bmi', 'life_exp', 'qol', 'mv_play_dom', 'num_play_int', 'dom_int_mv_ratio', 'dom_perc', 'int_perc')",0.603411351
"('power_rating', 'gdp_usd', 'mv_usd', 'elo_rating', 'bmi', 'qol', 'mv_play_int', 'num_play_int')",0.603382866
"('power_rating', 'gdp_usd', 'bmi', 'qol', 'mv_play_dom', 'mv_play_int', 'num_play_int')",0.603328637
"('power_rating', 'gdp_usd', 'elo_rating', 'bmi', 'qol', 'mv_play_int', 'num_play_int')",0.603247859
"('power_rating', 'gdp_usd', 'mv_usd', 'elo_rating', 'life_exp', 'num_play_int', 'dom_int_mv_ratio', 'dom_perc')",0.603183631
"('power_rating', 'gdp_usd', 'mv_usd', 'elo_rating', 'life_exp', 'num_play_int', 'dom_int_mv_ratio', 'int_perc')",0.603183631
"('power_rating', 'gdp_usd', 'mv_usd', 'elo_rating', 'life_exp', 'num_play_int', 'dom_int_mv_ratio', 'dom_perc', 'int_perc')",0.603183631
"('power_rating', 'mv_usd', 'bmi', 'num_play_dom', 'mv_play_int', 'num_play_int')",0.603183098
"('power_rating', 'gdp_usd', 'mv_usd', 'elo_rating', 'life_exp', 'mv_play_dom', 'mv_play_int', 'dom_int_mv_ratio', 'dom_perc')",0.603104655
"('power_rating', 'gdp_usd', 'mv_usd', 'elo_rating', 'life_exp', 'mv_play_dom', 'mv_play_int', 'dom_int_mv_ratio', 'int_perc')",0.603104655
"('power_rating', 'gdp_usd', 'mv_usd', 'elo_rating', 'life_exp', 'mv_play_dom', 'mv_play_int', 'dom_int_mv_ratio', 'dom_perc', 'int_perc')",0.603104655
"('power_rating', 'elo_rating', 'life_exp', 'qol', 'mv_play_dom', 'mv_play_int', 'dom_int_mv_ratio')",0.603098875
"('power_rating', 'gdp_usd', 'bmi', 'mv_play_dom', 'num_play_dom', 'mv_play_int', 'num_play_int')",0.603059703
"('power_rating', 'gdp_usd', 'mv_usd', 'elo_rating', 'bmi', 'qol', 'num_play_dom', 'mv_play_int')",0.603045703
"('power_rating', 'gdp_usd', 'mv_usd', 'elo_rating', 'qol', 'mv_play_int', 'num_play_int')",0.602939145
"('power_rating', 'mv_usd', 'elo_rating', 'life_exp', 'qol', 'mv_play_dom', 'num_play_int', 'dom_int_mv_ratio', 'dom_perc')",0.602897483
"('power_rating', 'mv_usd', 'elo_rating', 'life_exp', 'qol', 'mv_play_dom', 'num_play_int', 'dom_int_mv_ratio', 'int_perc')",0.602897483
"('power_rating', 'mv_usd', 'elo_rating', 'life_exp', 'qol', 'mv_play_dom', 'num_play_int', 'dom_int_mv_ratio', 'dom_perc', 'int_perc')",0.602897483
"('power_rating', 'gdp_usd', 'elo_rating', 'qol', 'mv_play_int', 'num_play_int')",0.602859558
"('power_rating', 'gdp_usd', 'mv_usd', 'elo_rating', 'bmi', 'life_exp', 'mv_play_dom', 'num_play_dom', 'mv_play_int', 'dom_perc')",0.602808868
"('power_rating', 'gdp_usd', 'mv_usd', 'elo_rating', 'bmi', 'life_exp', 'mv_play_dom', 'num_play_dom', 'mv_play_int', 'int_perc')",0.602808868
"('power_rating', 'gdp_usd', 'mv_usd', 'elo_rating', 'bmi', 'life_exp', 'mv_play_dom', 'num_play_dom', 'mv_play_int', 'dom_perc', 'int_perc')",0.602808868
"('power_rating', 'gdp_usd', 'elo_rating', 'bmi', 'life_exp', 'mv_play_dom', 'mv_play_int', 'dom_int_mv_ratio', 'dom_perc')",0.602795471
"('power_rating', 'gdp_usd', 'elo_rating', 'bmi', 'life_exp', 'mv_play_dom', 'mv_play_int', 'dom_int_mv_ratio', 'int_perc')",0.602795471
"('power_rating', 'gdp_usd', 'elo_rating', 'bmi', 'life_exp', 'mv_play_dom', 'mv_play_int', 'dom_int_mv_ratio', 'dom_perc', 'int_perc')",0.602795471
"('power_rating', 'gdp_usd', 'mv_usd', 'life_exp', 'num_play_dom', 'num_play_int', 'dom_perc')",0.602761295
"('power_rating', 'gdp_usd', 'mv_usd', 'life_exp', 'num_play_dom', 'num_play_int', 'int_perc')",0.602761295
"('power_rating', 'gdp_usd', 'mv_usd', 'life_exp', 'num_play_dom', 'num_play_int', 'dom_perc', 'int_perc')",0.602761295
"('power_rating', 'gdp_usd', 'mv_usd', 'elo_rating', 'bmi', 'life_exp', 'mv_play_dom', 'num_play_dom', 'mv_play_int')",0.602753844
"('power_rating', 'gdp_usd', 'elo_rating', 'bmi', 'qol', 'mv_play_dom', 'num_play_dom', 'mv_play_int', 'dom_perc')",0.602751956
"('power_rating', 'gdp_usd', 'elo_rating', 'bmi', 'qol', 'mv_play_dom', 'num_play_dom', 'mv_play_int', 'int_perc')",0.602751956
"('power_rating', 'gdp_usd', 'elo_rating', 'bmi', 'qol', 'mv_play_dom', 'num_play_dom', 'mv_play_int', 'dom_perc', 'int_perc')",0.602751956
"('power_rating', 'gdp_usd', 'elo_rating', 'bmi', 'qol', 'num_play_dom', 'mv_play_int', 'dom_perc')",0.602749557
"('power_rating', 'gdp_usd', 'elo_rating', 'bmi', 'qol', 'num_play_dom', 'mv_play_int', 'int_perc')",0.602749557
"('power_rating', 'gdp_usd', 'elo_rating', 'bmi', 'qol', 'num_play_dom', 'mv_play_int', 'dom_perc', 'int_perc')",0.602749557
"('gdp_usd', 'mv_usd', 'elo_rating', 'life_exp', 'qol', 'mv_play_dom', 'num_play_dom', 'mv_play_int', 'num_play_int', 'dom_perc')",0.60261364
"('gdp_usd', 'mv_usd', 'elo_rating', 'life_exp', 'qol', 'mv_play_dom', 'num_play_dom', 'mv_play_int', 'num_play_int', 'int_perc')",0.60261364
"('gdp_usd', 'mv_usd', 'elo_rating', 'life_exp', 'qol', 'mv_play_dom', 'num_play_dom', 'mv_play_int', 'num_play_int', 'dom_perc', 'int_perc')",0.60261364
"('power_rating', 'mv_usd', 'bmi', 'qol', 'mv_play_int', 'num_play_int', 'dom_int_mv_ratio')",0.602537316
"('power_rating', 'mv_usd', 'qol', 'mv_play_int', 'num_play_int', 'dom_int_mv_ratio')",0.602506588
"('power_rating', 'elo_rating', 'bmi', 'life_exp', 'qol', 'mv_play_dom', 'mv_play_int', 'dom_perc')",0.602496971
"('power_rating', 'elo_rating', 'bmi', 'life_exp', 'qol', 'mv_play_dom', 'mv_play_int', 'int_perc')",0.602496971
"('power_rating', 'elo_rating', 'bmi', 'life_exp', 'qol', 'mv_play_dom', 'mv_play_int', 'dom_perc', 'int_perc')",0.602496971
"('power_rating', 'elo_rating', 'life_exp', 'qol', 'mv_play_dom', 'mv_play_int', 'dom_perc')",0.602492306
"('power_rating', 'elo_rating', 'life_exp', 'qol', 'mv_play_dom', 'mv_play_int', 'int_perc')",0.602492306
"('power_rating', 'elo_rating', 'life_exp', 'qol', 'mv_play_dom', 'mv_play_int', 'dom_perc', 'int_perc')",0.602492306
"('power_rating', 'mv_usd', 'elo_rating', 'bmi', 'life_exp', 'mv_play_dom', 'mv_play_int', 'dom_int_mv_ratio', 'dom_perc')",0.602462837
"('power_rating', 'mv_usd', 'elo_rating', 'bmi', 'life_exp', 'mv_play_dom', 'mv_play_int', 'dom_int_mv_ratio', 'int_perc')",0.602462837
"('power_rating', 'mv_usd', 'elo_rating', 'bmi', 'life_exp', 'mv_play_dom', 'mv_play_int', 'dom_int_mv_ratio', 'dom_perc', 'int_perc')",0.602462837
"('power_rating', 'mv_usd', 'elo_rating', 'bmi', 'life_exp', 'qol', 'num_play_int', 'dom_int_mv_ratio', 'dom_perc')",0.602462683
"('power_rating', 'mv_usd', 'elo_rating', 'bmi', 'life_exp', 'qol', 'num_play_int', 'dom_int_mv_ratio', 'int_perc')",0.602462683
"('power_rating', 'mv_usd', 'elo_rating', 'bmi', 'life_exp', 'qol', 'num_play_int', 'dom_int_mv_ratio', 'dom_perc', 'int_perc')",0.602462683
"('power_rating', 'elo_rating', 'bmi', 'life_exp', 'qol', 'num_play_int', 'dom_int_mv_ratio', 'dom_perc')",0.602461088
"('power_rating', 'elo_rating', 'bmi', 'life_exp', 'qol', 'num_play_int', 'dom_int_mv_ratio', 'int_perc')",0.602461088
"('power_rating', 'elo_rating', 'bmi', 'life_exp', 'qol', 'num_play_int', 'dom_int_mv_ratio', 'dom_perc', 'int_perc')",0.602461088
"('mv_usd', 'bmi', 'life_exp', 'qol', 'mv_play_int', 'dom_perc')",0.602417237
"('mv_usd', 'bmi', 'life_exp', 'qol', 'mv_play_int', 'int_perc')",0.602417237
"('mv_usd', 'bmi', 'life_exp', 'qol', 'mv_play_int', 'dom_perc', 'int_perc')",0.602417237
"('power_rating', 'gdp_usd', 'elo_rating', 'bmi', 'qol', 'mv_play_dom', 'mv_play_int', 'dom_perc')",0.602403518
"('power_rating', 'gdp_usd', 'elo_rating', 'bmi', 'qol', 'mv_play_dom', 'mv_play_int', 'int_perc')",0.602403518
"('power_rating', 'gdp_usd', 'elo_rating', 'bmi', 'qol', 'mv_play_dom', 'mv_play_int', 'dom_perc', 'int_perc')",0.602403518
"('power_rating', 'gdp_usd', 'elo_rating', 'bmi', 'qol', 'mv_play_int', 'dom_perc')",0.602403258
"('power_rating', 'gdp_usd', 'elo_rating', 'bmi', 'qol', 'mv_play_int', 'int_perc')",0.602403258
"('power_rating', 'gdp_usd', 'elo_rating', 'bmi', 'qol', 'mv_play_int', 'dom_perc', 'int_perc')",0.602403258
"('power_rating', 'mv_usd', 'elo_rating', 'bmi', 'life_exp', 'mv_play_dom', 'num_play_dom', 'mv_play_int', 'dom_perc')",0.602340499
"('power_rating', 'mv_usd', 'elo_rating', 'bmi', 'life_exp', 'mv_play_dom', 'num_play_dom', 'mv_play_int', 'int_perc')",0.602340499
"('power_rating', 'mv_usd', 'elo_rating', 'bmi', 'life_exp', 'mv_play_dom', 'num_play_dom', 'mv_play_int', 'dom_perc', 'int_perc')",0.602340499
"('power_rating', 'gdp_usd', 'mv_usd', 'bmi', 'qol', 'mv_play_int', 'num_play_int')",0.602250179
"('power_rating', 'mv_usd', 'elo_rating', 'bmi', 'life_exp', 'qol', 'mv_play_dom', 'mv_play_int')",0.602235616
"('power_rating', 'gdp_usd', 'bmi', 'qol', 'mv_play_int', 'num_play_int')",0.602209749
"('power_rating', 'mv_usd', 'elo_rating', 'bmi', 'life_exp', 'qol', 'mv_play_int', 'dom_perc')",0.602168952
"('power_rating', 'mv_usd', 'elo_rating', 'bmi', 'life_exp', 'qol', 'mv_play_int', 'int_perc')",0.602168952
"('power_rating', 'mv_usd', 'elo_rating', 'bmi', 'life_exp', 'qol', 'mv_play_int', 'dom_perc', 'int_perc')",0.602168952
"('power_rating', 'elo_rating', 'bmi', 'mv_play_dom', 'num_play_dom', 'mv_play_int', 'num_play_int')",0.602167271
"('power_rating', 'mv_usd', 'elo_rating', 'life_exp', 'qol', 'mv_play_int', 'dom_perc')",0.602164755
"('power_rating', 'mv_usd', 'elo_rating', 'life_exp', 'qol', 'mv_play_int', 'int_perc')",0.602164755
"('power_rating', 'mv_usd', 'elo_rating', 'life_exp', 'qol', 'mv_play_int', 'dom_perc', 'int_perc')",0.602164755
"('power_rating', 'gdp_usd', 'mv_usd', 'elo_rating', 'bmi', 'qol', 'mv_play_dom', 'num_play_int', 'dom_int_mv_ratio', 'dom_perc')",0.602135177
"('power_rating', 'gdp_usd', 'mv_usd', 'elo_rating', 'bmi', 'qol', 'mv_play_dom', 'num_play_int', 'dom_int_mv_ratio', 'int_perc')",0.602135177
"('power_rating', 'gdp_usd', 'mv_usd', 'elo_rating', 'bmi', 'qol', 'mv_play_dom', 'num_play_int', 'dom_int_mv_ratio', 'dom_perc', 'int_perc')",0.602135177
"('power_rating', 'mv_usd', 'elo_rating', 'bmi', 'life_exp', 'mv_play_dom', 'num_play_dom', 'mv_play_int')",0.602105268
"('power_rating', 'gdp_usd', 'qol', 'mv_play_dom', 'mv_play_int', 'num_play_int')",0.602074094
"('power_rating', 'elo_rating', 'bmi', 'num_play_dom', 'mv_play_int', 'num_play_int')",0.602038741
"('power_rating', 'gdp_usd', 'elo_rating', 'qol', 'num_play_dom', 'num_play_int', 'dom_perc')",0.602032577
"('power_rating', 'gdp_usd', 'elo_rating', 'qol', 'num_play_dom', 'num_play_int', 'int_perc')",0.602032577
"('power_rating', 'gdp_usd', 'elo_rating', 'qol', 'num_play_dom', 'num_play_int', 'dom_perc', 'int_perc')",0.602032577
"('power_rating', 'gdp_usd', 'elo_rating', 'life_exp', 'mv_play_dom', 'mv_play_int', 'dom_int_mv_ratio', 'dom_perc')",0.602026104
"('power_rating', 'gdp_usd', 'elo_rating', 'life_exp', 'mv_play_dom', 'mv_play_int', 'dom_int_mv_ratio', 'int_perc')",0.602026104
"('power_rating', 'gdp_usd', 'elo_rating', 'life_exp', 'mv_play_dom', 'mv_play_int', 'dom_int_mv_ratio', 'dom_perc', 'int_perc')",0.602026104
"('power_rating', 'mv_usd', 'elo_rating', 'life_exp', 'mv_play_dom', 'mv_play_int', 'dom_int_mv_ratio', 'dom_perc')",0.60195311
"('power_rating', 'mv_usd', 'elo_rating', 'life_exp', 'mv_play_dom', 'mv_play_int', 'dom_int_mv_ratio', 'int_perc')",0.60195311
"('power_rating', 'mv_usd', 'elo_rating', 'life_exp', 'mv_play_dom', 'mv_play_int', 'dom_int_mv_ratio', 'dom_perc', 'int_perc')",0.60195311
"('mv_usd', 'bmi', 'life_exp', 'mv_play_int', 'dom_perc')",0.601936613
"('mv_usd', 'bmi', 'life_exp', 'mv_play_int', 'int_perc')",0.601936613
"('mv_usd', 'bmi', 'life_exp', 'mv_play_int', 'dom_perc', 'int_perc')",0.601936613
"('power_rating', 'elo_rating', 'bmi', 'life_exp', 'qol', 'mv_play_int', 'dom_perc')",0.601925065
"('power_rating', 'elo_rating', 'bmi', 'life_exp', 'qol', 'mv_play_int', 'int_perc')",0.601925065
"('power_rating', 'elo_rating', 'bmi', 'life_exp', 'qol', 'mv_play_int', 'dom_perc', 'int_perc')",0.601925065
"('power_rating', 'elo_rating', 'life_exp', 'qol', 'mv_play_int', 'dom_perc')",0.601924957
"('power_rating', 'elo_rating', 'life_exp', 'qol', 'mv_play_int', 'int_perc')",0.601924957
"('power_rating', 'elo_rating', 'life_exp', 'qol', 'mv_play_int', 'dom_perc', 'int_perc')",0.601924957
"('power_rating', 'gdp_usd', 'bmi', 'num_play_dom', 'mv_play_int', 'num_play_int')",0.601786945
"('power_rating', 'elo_rating', 'bmi', 'life_exp', 'mv_play_dom', 'mv_play_int', 'dom_int_mv_ratio', 'dom_perc')",0.601735266
"('power_rating', 'elo_rating', 'bmi', 'life_exp', 'mv_play_dom', 'mv_play_int', 'dom_int_mv_ratio', 'int_perc')",0.601735266
"('power_rating', 'elo_rating', 'bmi', 'life_exp', 'mv_play_dom', 'mv_play_int', 'dom_int_mv_ratio', 'dom_perc', 'int_perc')",0.601735266
"('power_rating', 'gdp_usd', 'elo_rating', 'bmi', 'qol', 'mv_play_dom', 'num_play_dom', 'mv_play_int')",0.60165596
"('power_rating', 'gdp_usd', 'mv_usd', 'elo_rating', 'bmi', 'life_exp', 'qol', 'mv_play_int', 'dom_int_mv_ratio')",0.601630781
"('power_rating', 'gdp_usd', 'elo_rating', 'bmi', 'qol', 'num_play_dom', 'mv_play_int')",0.601608425
"('power_rating', 'gdp_usd', 'mv_usd', 'qol', 'mv_play_int', 'num_play_int')",0.601603599
"('power_rating', 'gdp_usd', 'elo_rating', 'life_exp', 'num_play_dom', 'mv_play_int', 'dom_int_mv_ratio', 'dom_perc')",0.601510236
"('power_rating', 'gdp_usd', 'elo_rating', 'life_exp', 'num_play_dom', 'mv_play_int', 'dom_int_mv_ratio', 'int_perc')",0.601510236
"('power_rating', 'gdp_usd', 'elo_rating', 'life_exp', 'num_play_dom', 'mv_play_int', 'dom_int_mv_ratio', 'dom_perc', 'int_perc')",0.601510236
"('power_rating', 'elo_rating', 'life_exp', 'num_play_dom', 'mv_play_int', 'dom_int_mv_ratio', 'dom_perc')",0.601497255
"('power_rating', 'elo_rating', 'life_exp', 'num_play_dom', 'mv_play_int', 'dom_int_mv_ratio', 'int_perc')",0.601497255
"('power_rating', 'elo_rating', 'life_exp', 'num_play_dom', 'mv_play_int', 'dom_int_mv_ratio', 'dom_perc', 'int_perc')",0.601497255
"('power_rating', 'mv_usd', 'elo_rating', 'bmi', 'qol', 'mv_play_dom', 'num_play_int', 'dom_int_mv_ratio', 'dom_perc')",0.60145938
"('power_rating', 'mv_usd', 'elo_rating', 'bmi', 'qol', 'mv_play_dom', 'num_play_int', 'dom_int_mv_ratio', 'dom_perc', 'int_perc')",0.60145938
"('power_rating', 'mv_usd', 'elo_rating', 'bmi', 'qol', 'mv_play_dom', 'num_play_int', 'dom_int_mv_ratio', 'int_perc')",0.60145938
"('power_rating', 'gdp_usd', 'qol', 'mv_play_int', 'num_play_int')",0.601447894
"('power_rating', 'gdp_usd', 'elo_rating', 'life_exp', 'num_play_int', 'dom_int_mv_ratio', 'dom_perc')",0.601432868
"('power_rating', 'gdp_usd', 'elo_rating', 'life_exp', 'num_play_int', 'dom_int_mv_ratio', 'int_perc')",0.601432868
"('power_rating', 'gdp_usd', 'elo_rating', 'life_exp', 'num_play_int', 'dom_int_mv_ratio', 'dom_perc', 'int_perc')",0.601432868
"('power_rating', 'gdp_usd', 'elo_rating', 'life_exp', 'num_play_dom', 'mv_play_int', 'dom_int_mv_ratio')",0.601421618
"('life_exp', 'qol', 'mv_play_dom', 'num_play_dom', 'mv_play_int', 'num_play_int', 'dom_int_mv_ratio', 'dom_perc')",0.601411278
"('life_exp', 'qol', 'mv_play_dom', 'num_play_dom', 'mv_play_int', 'num_play_int', 'dom_int_mv_ratio', 'int_perc')",0.601411278
"('life_exp', 'qol', 'mv_play_dom', 'num_play_dom', 'mv_play_int', 'num_play_int', 'dom_int_mv_ratio', 'dom_perc', 'int_perc')",0.601411278
"('power_rating', 'elo_rating', 'life_exp', 'num_play_dom', 'mv_play_int', 'dom_int_mv_ratio')",0.601379207
"('power_rating', 'elo_rating', 'life_exp', 'mv_play_dom', 'mv_play_int', 'dom_int_mv_ratio', 'dom_perc')",0.601338103
"('power_rating', 'elo_rating', 'life_exp', 'mv_play_dom', 'mv_play_int', 'dom_int_mv_ratio', 'int_perc')",0.601338103
"('power_rating', 'elo_rating', 'life_exp', 'mv_play_dom', 'mv_play_int', 'dom_int_mv_ratio', 'dom_perc', 'int_perc')",0.601338103
"('power_rating', 'gdp_usd', 'qol', 'mv_play_dom', 'num_play_dom', 'num_play_int', 'dom_int_mv_ratio', 'dom_perc')",0.601207198
"('power_rating', 'gdp_usd', 'qol', 'mv_play_dom', 'num_play_dom', 'num_play_int', 'dom_int_mv_ratio', 'int_perc')",0.601207198
"('power_rating', 'gdp_usd', 'qol', 'mv_play_dom', 'num_play_dom', 'num_play_int', 'dom_int_mv_ratio', 'dom_perc', 'int_perc')",0.601207198
"('power_rating', 'mv_usd', 'life_exp', 'mv_play_dom', 'num_play_dom', 'num_play_int', 'dom_perc')",0.601181957
"('power_rating', 'mv_usd', 'life_exp', 'mv_play_dom', 'num_play_dom', 'num_play_int', 'int_perc')",0.601181957
"('power_rating', 'mv_usd', 'life_exp', 'mv_play_dom', 'num_play_dom', 'num_play_int', 'dom_perc', 'int_perc')",0.601181957
"('gdp_usd', 'mv_usd', 'elo_rating', 'life_exp', 'qol', 'mv_play_dom', 'num_play_dom', 'mv_play_int', 'num_play_int')",0.601162261
"('power_rating', 'gdp_usd', 'mv_usd', 'elo_rating', 'bmi', 'life_exp', 'qol', 'mv_play_dom', 'num_play_dom', 'dom_int_mv_ratio', 'dom_perc')",0.60115631
"('power_rating', 'gdp_usd', 'mv_usd', 'elo_rating', 'bmi', 'life_exp', 'qol', 'mv_play_dom', 'num_play_dom', 'dom_int_mv_ratio', 'int_perc')",0.60115631
"('power_rating', 'gdp_usd', 'mv_usd', 'elo_rating', 'bmi', 'life_exp', 'qol', 'mv_play_dom', 'num_play_dom', 'dom_int_mv_ratio', 'dom_perc', 'int_perc')",0.60115631
"('power_rating', 'bmi', 'mv_play_dom', 'num_play_dom', 'mv_play_int', 'num_play_int')",0.601153219
"('power_rating', 'mv_usd', 'elo_rating', 'life_exp', 'qol', 'mv_play_dom', 'mv_play_int')",0.601103753
"('power_rating', 'gdp_usd', 'mv_usd', 'elo_rating', 'life_exp', 'qol', 'mv_play_dom', 'num_play_dom', 'dom_int_mv_ratio', 'dom_perc')",0.601061471
"('power_rating', 'gdp_usd', 'mv_usd', 'elo_rating', 'life_exp', 'qol', 'mv_play_dom', 'num_play_dom', 'dom_int_mv_ratio', 'int_perc')",0.601061471
"('power_rating', 'gdp_usd', 'mv_usd', 'elo_rating', 'life_exp', 'qol', 'mv_play_dom', 'num_play_dom', 'dom_int_mv_ratio', 'dom_perc', 'int_perc')",0.601061471
"('power_rating', 'qol', 'mv_play_dom', 'num_play_dom', 'num_play_int', 'dom_int_mv_ratio', 'dom_perc', 'int_perc')",0.601029498
"('power_rating', 'qol', 'mv_play_dom', 'num_play_dom', 'num_play_int', 'dom_int_mv_ratio', 'dom_perc')",0.601029498
"('power_rating', 'qol', 'mv_play_dom', 'num_play_dom', 'num_play_int', 'dom_int_mv_ratio', 'int_perc')",0.601029498
"('power_rating', 'gdp_usd', 'elo_rating', 'qol', 'mv_play_dom', 'num_play_dom', 'mv_play_int', 'dom_perc')",0.601006598
"('power_rating', 'gdp_usd', 'elo_rating', 'qol', 'mv_play_dom', 'num_play_dom', 'mv_play_int', 'int_perc')",0.601006598
"('power_rating', 'gdp_usd', 'elo_rating', 'qol', 'mv_play_dom', 'num_play_dom', 'mv_play_int', 'dom_perc', 'int_perc')",0.601006598
"('power_rating', 'gdp_usd', 'elo_rating', 'qol', 'num_play_dom', 'mv_play_int', 'dom_perc')",0.601001405
"('power_rating', 'gdp_usd', 'elo_rating', 'qol', 'num_play_dom', 'mv_play_int', 'int_perc')",0.601001405
"('power_rating', 'gdp_usd', 'elo_rating', 'qol', 'num_play_dom', 'mv_play_int', 'dom_perc', 'int_perc')",0.601001405
"('power_rating', 'gdp_usd', 'elo_rating', 'qol', 'mv_play_dom', 'mv_play_int', 'dom_perc')",0.601000645
"('power_rating', 'gdp_usd', 'elo_rating', 'qol', 'mv_play_dom', 'mv_play_int', 'int_perc')",0.601000645
"('power_rating', 'gdp_usd', 'elo_rating', 'qol', 'mv_play_dom', 'mv_play_int', 'dom_perc', 'int_perc')",0.601000645
"('power_rating', 'gdp_usd', 'elo_rating', 'qol', 'mv_play_int', 'dom_perc')",0.600995207
"('power_rating', 'gdp_usd', 'elo_rating', 'qol', 'mv_play_int', 'int_perc')",0.600995207
"('power_rating', 'gdp_usd', 'elo_rating', 'qol', 'mv_play_int', 'dom_perc', 'int_perc')",0.600995207
"('power_rating', 'elo_rating', 'qol', 'num_play_dom', 'num_play_int', 'dom_perc')",0.600942835
"('power_rating', 'elo_rating', 'qol', 'num_play_dom', 'num_play_int', 'int_perc')",0.600942835
"('power_rating', 'elo_rating', 'qol', 'num_play_dom', 'num_play_int', 'dom_perc', 'int_perc')",0.600942835
"('power_rating', 'gdp_usd', 'mv_usd', 'elo_rating', 'bmi', 'qol', 'mv_play_dom', 'num_play_dom', 'dom_int_mv_ratio', 'dom_perc')",0.600847294
"('power_rating', 'gdp_usd', 'mv_usd', 'elo_rating', 'bmi', 'qol', 'mv_play_dom', 'num_play_dom', 'dom_int_mv_ratio', 'int_perc')",0.600847294
"('power_rating', 'gdp_usd', 'mv_usd', 'elo_rating', 'bmi', 'qol', 'mv_play_dom', 'num_play_dom', 'dom_int_mv_ratio', 'dom_perc', 'int_perc')",0.600847294
"('power_rating', 'gdp_usd', 'mv_usd', 'elo_rating', 'qol', 'mv_play_dom', 'num_play_dom', 'dom_int_mv_ratio', 'dom_perc')",0.600814238
"('power_rating', 'gdp_usd', 'mv_usd', 'elo_rating', 'qol', 'mv_play_dom', 'num_play_dom', 'dom_int_mv_ratio', 'int_perc')",0.600814238
"('power_rating', 'gdp_usd', 'mv_usd', 'elo_rating', 'qol', 'mv_play_dom', 'num_play_dom', 'dom_int_mv_ratio', 'dom_perc', 'int_perc')",0.600814238
"('life_exp', 'qol', 'num_play_dom', 'mv_play_int', 'num_play_int', 'dom_int_mv_ratio', 'dom_perc')",0.600764669
"('life_exp', 'qol', 'num_play_dom', 'mv_play_int', 'num_play_int', 'dom_int_mv_ratio', 'int_perc')",0.600764669
"('life_exp', 'qol', 'num_play_dom', 'mv_play_int', 'num_play_int', 'dom_int_mv_ratio', 'dom_perc', 'int_perc')",0.600764669
"('elo_rating', 'life_exp', 'qol', 'mv_play_dom', 'dom_int_mv_ratio')",0.600586366
"('power_rating', 'bmi', 'qol', 'mv_play_dom', 'mv_play_int', 'num_play_int')",0.600584291
"('power_rating', 'elo_rating', 'bmi', 'qol', 'mv_play_dom', 'mv_play_int', 'dom_int_mv_ratio')",0.600567434
"('power_rating', 'mv_usd', 'life_exp', 'num_play_dom', 'num_play_int', 'dom_perc')",0.600564019
"('power_rating', 'mv_usd', 'life_exp', 'num_play_dom', 'num_play_int', 'int_perc')",0.600564019
"('power_rating', 'mv_usd', 'life_exp', 'num_play_dom', 'num_play_int', 'dom_perc', 'int_perc')",0.600564019
"('power_rating', 'mv_usd', 'elo_rating', 'bmi', 'life_exp', 'mv_play_dom', 'num_play_int', 'dom_int_mv_ratio', 'dom_perc')",0.600427749
"('power_rating', 'mv_usd', 'elo_rating', 'bmi', 'life_exp', 'mv_play_dom', 'num_play_int', 'dom_int_mv_ratio', 'int_perc')",0.600427749
"('power_rating', 'mv_usd', 'elo_rating', 'bmi', 'life_exp', 'mv_play_dom', 'num_play_int', 'dom_int_mv_ratio', 'dom_perc', 'int_perc')",0.600427749
"('power_rating', 'gdp_usd', 'mv_usd', 'elo_rating', 'qol', 'num_play_dom', 'mv_play_int')",0.600404813
"('power_rating', 'mv_usd', 'elo_rating', 'bmi', 'qol', 'num_play_dom', 'mv_play_int', 'dom_perc')",0.600287089
"('power_rating', 'mv_usd', 'elo_rating', 'bmi', 'qol', 'num_play_dom', 'mv_play_int', 'int_perc')",0.600287089
"('power_rating', 'mv_usd', 'elo_rating', 'bmi', 'qol', 'num_play_dom', 'mv_play_int', 'dom_perc', 'int_perc')",0.600287089
"('power_rating', 'gdp_usd', 'mv_usd', 'mv_play_dom', 'num_play_dom', 'mv_play_int', 'num_play_int', 'dom_int_mv_ratio', 'dom_perc')",0.600267518
"('power_rating', 'gdp_usd', 'mv_usd', 'mv_play_dom', 'num_play_dom', 'mv_play_int', 'num_play_int', 'dom_int_mv_ratio', 'int_perc')",0.600267518
"('power_rating', 'gdp_usd', 'mv_usd', 'mv_play_dom', 'num_play_dom', 'mv_play_int', 'num_play_int', 'dom_int_mv_ratio', 'dom_perc', 'int_perc')",0.600267518
"('power_rating', 'gdp_usd', 'mv_play_dom', 'num_play_dom', 'mv_play_int', 'num_play_int', 'dom_int_mv_ratio', 'dom_perc')",0.60025578
"('power_rating', 'gdp_usd', 'mv_play_dom', 'num_play_dom', 'mv_play_int', 'num_play_int', 'dom_int_mv_ratio', 'int_perc')",0.60025578
"('power_rating', 'gdp_usd', 'mv_play_dom', 'num_play_dom', 'mv_play_int', 'num_play_int', 'dom_int_mv_ratio', 'dom_perc', 'int_perc')",0.60025578
"('power_rating', 'elo_rating', 'life_exp', 'qol', 'mv_play_dom', 'num_play_int', 'dom_int_mv_ratio', 'dom_perc')",0.600251475
"('power_rating', 'elo_rating', 'life_exp', 'qol', 'mv_play_dom', 'num_play_int', 'dom_int_mv_ratio', 'int_perc')",0.600251475
"('power_rating', 'elo_rating', 'life_exp', 'qol', 'mv_play_dom', 'num_play_int', 'dom_int_mv_ratio', 'dom_perc', 'int_perc')",0.600251475
"('elo_rating', 'bmi', 'qol', 'mv_play_dom')",0.600226271
"('power_rating', 'elo_rating', 'bmi', 'qol', 'mv_play_int', 'num_play_int', 'dom_int_mv_ratio')",0.600006115
"('power_rating', 'elo_rating', 'qol', 'mv_play_int', 'num_play_int', 'dom_int_mv_ratio')",0.599996118
"('power_rating', 'gdp_usd', 'elo_rating', 'bmi', 'life_exp', 'qol', 'mv_play_dom', 'mv_play_int')",0.59999595
"('power_rating', 'gdp_usd', 'mv_usd', 'elo_rating', 'life_exp', 'qol', 'mv_play_int', 'dom_int_mv_ratio')",0.599913315
"('power_rating', 'mv_usd', 'elo_rating', 'bmi', 'qol', 'num_play_dom', 'mv_play_int')",0.599902081
"('power_rating', 'gdp_usd', 'mv_usd', 'num_play_dom', 'mv_play_int', 'num_play_int', 'dom_int_mv_ratio', 'dom_perc')",0.599886172
"('power_rating', 'gdp_usd', 'mv_usd', 'num_play_dom', 'mv_play_int', 'num_play_int', 'dom_int_mv_ratio', 'int_perc')",0.599886172
"('power_rating', 'gdp_usd', 'mv_usd', 'num_play_dom', 'mv_play_int', 'num_play_int', 'dom_int_mv_ratio', 'dom_perc', 'int_perc')",0.599886172
"('power_rating', 'bmi', 'qol', 'mv_play_int', 'num_play_int', 'dom_int_mv_ratio')",0.599726953
"('power_rating', 'qol', 'mv_play_int', 'num_play_int', 'dom_int_mv_ratio')",0.599726928
"('power_rating', 'qol', 'mv_play_dom', 'mv_play_int', 'num_play_int')",0.599725358
"('power_rating', 'gdp_usd', 'elo_rating', 'bmi', 'qol', 'mv_play_dom', 'num_play_int', 'dom_int_mv_ratio', 'dom_perc')",0.599707734
"('power_rating', 'gdp_usd', 'elo_rating', 'bmi', 'qol', 'mv_play_dom', 'num_play_int', 'dom_int_mv_ratio', 'int_perc')",0.599707734
"('power_rating', 'gdp_usd', 'elo_rating', 'bmi', 'qol', 'mv_play_dom', 'num_play_int', 'dom_int_mv_ratio', 'dom_perc', 'int_perc')",0.599707734
"('power_rating', 'gdp_usd', 'mv_usd', 'elo_rating', 'bmi', 'num_play_dom', 'num_play_int', 'dom_perc')",0.599704182
"('power_rating', 'gdp_usd', 'mv_usd', 'elo_rating', 'bmi', 'num_play_dom', 'num_play_int', 'int_perc')",0.599704182
"('power_rating', 'gdp_usd', 'mv_usd', 'elo_rating', 'bmi', 'num_play_dom', 'num_play_int', 'dom_perc', 'int_perc')",0.599704182
"('power_rating', 'bmi', 'num_play_dom', 'mv_play_int', 'num_play_int')",0.599688083
"('life_exp', 'qol', 'mv_play_dom', 'num_play_dom', 'num_play_int', 'dom_int_mv_ratio', 'dom_perc')",0.599667339
"('life_exp', 'qol', 'mv_play_dom', 'num_play_dom', 'num_play_int', 'dom_int_mv_ratio', 'int_perc')",0.599667339
"('life_exp', 'qol', 'mv_play_dom', 'num_play_dom', 'num_play_int', 'dom_int_mv_ratio', 'dom_perc', 'int_perc')",0.599667339
"('power_rating', 'mv_usd', 'elo_rating', 'bmi', 'qol', 'mv_play_int', 'num_play_int')",0.599605985
"('power_rating', 'gdp_usd', 'elo_rating', 'life_exp', 'qol', 'mv_play_dom', 'mv_play_int')",0.599586347
"('power_rating', 'mv_usd', 'elo_rating', 'bmi', 'num_play_dom', 'num_play_int', 'dom_perc')",0.599535877
"('power_rating', 'mv_usd', 'elo_rating', 'bmi', 'num_play_dom', 'num_play_int', 'int_perc')",0.599535877
"('power_rating', 'mv_usd', 'elo_rating', 'bmi', 'num_play_dom', 'num_play_int', 'dom_perc', 'int_perc')",0.599535877
"('power_rating', 'gdp_usd', 'mv_usd', 'elo_rating', 'bmi', 'life_exp', 'mv_play_int', 'dom_int_mv_ratio', 'dom_perc')",0.599468109
"('power_rating', 'gdp_usd', 'mv_usd', 'elo_rating', 'bmi', 'life_exp', 'mv_play_int', 'dom_int_mv_ratio', 'int_perc')",0.599468109
"('power_rating', 'gdp_usd', 'mv_usd', 'elo_rating', 'bmi', 'life_exp', 'mv_play_int', 'dom_int_mv_ratio', 'dom_perc', 'int_perc')",0.599468109
"('power_rating', 'gdp_usd', 'elo_rating', 'qol', 'mv_play_dom', 'num_play_dom', 'mv_play_int')",0.599420991
"('power_rating', 'mv_usd', 'elo_rating', 'qol', 'mv_play_int', 'num_play_int')",0.59941707
"('power_rating', 'gdp_usd', 'elo_rating', 'qol', 'num_play_dom', 'mv_play_int')",0.599242329
"('power_rating', 'elo_rating', 'qol', 'mv_play_dom', 'mv_play_int', 'dom_int_mv_ratio')",0.599233247
"('power_rating', 'gdp_usd', 'elo_rating', 'bmi', 'life_exp', 'mv_play_dom', 'num_play_dom', 'mv_play_int', 'dom_perc')",0.59917986
"('power_rating', 'gdp_usd', 'elo_rating', 'bmi', 'life_exp', 'mv_play_dom', 'num_play_dom', 'mv_play_int', 'int_perc')",0.59917986
"('power_rating', 'gdp_usd', 'elo_rating', 'bmi', 'life_exp', 'mv_play_dom', 'num_play_dom', 'mv_play_int', 'dom_perc', 'int_perc')",0.59917986
"('power_rating', 'elo_rating', 'bmi', 'life_exp', 'mv_play_dom', 'num_play_dom', 'mv_play_int', 'dom_perc')",0.599175597
"('power_rating', 'elo_rating', 'bmi', 'life_exp', 'mv_play_dom', 'num_play_dom', 'mv_play_int', 'int_perc')",0.599175597
"('power_rating', 'elo_rating', 'bmi', 'life_exp', 'mv_play_dom', 'num_play_dom', 'mv_play_int', 'dom_perc', 'int_perc')",0.599175597
"('power_rating', 'gdp_usd', 'mv_usd', 'elo_rating', 'life_exp', 'mv_play_dom', 'num_play_dom', 'mv_play_int', 'dom_perc')",0.599149005
"('power_rating', 'gdp_usd', 'mv_usd', 'elo_rating', 'life_exp', 'mv_play_dom', 'num_play_dom', 'mv_play_int', 'int_perc')",0.599149005
"('power_rating', 'gdp_usd', 'mv_usd', 'elo_rating', 'life_exp', 'mv_play_dom', 'num_play_dom', 'mv_play_int', 'dom_perc', 'int_perc')",0.599149005
"('mv_usd', 'elo_rating', 'bmi', 'life_exp', 'qol', 'mv_play_int', 'num_play_int')",0.599114841
"('power_rating', 'gdp_usd', 'mv_usd', 'elo_rating', 'life_exp', 'mv_play_dom', 'num_play_dom', 'mv_play_int')",0.599057344
"('power_rating', 'elo_rating', 'bmi', 'qol', 'mv_play_dom', 'num_play_dom', 'mv_play_int', 'dom_perc')",0.599029165
"('power_rating', 'elo_rating', 'bmi', 'qol', 'mv_play_dom', 'num_play_dom', 'mv_play_int', 'int_perc')",0.599029165
"('power_rating', 'elo_rating', 'bmi', 'qol', 'mv_play_dom', 'num_play_dom', 'mv_play_int', 'dom_perc', 'int_perc')",0.599029165
"('power_rating', 'elo_rating', 'bmi', 'qol', 'num_play_dom', 'mv_play_int', 'dom_perc')",0.599019692
"('power_rating', 'elo_rating', 'bmi', 'qol', 'num_play_dom', 'mv_play_int', 'int_perc')",0.599019692
"('power_rating', 'elo_rating', 'bmi', 'qol', 'num_play_dom', 'mv_play_int', 'dom_perc', 'int_perc')",0.599019692
"('power_rating', 'mv_usd', 'elo_rating', 'life_exp', 'mv_play_dom', 'num_play_dom', 'mv_play_int', 'dom_perc')",0.598976757
"('power_rating', 'mv_usd', 'elo_rating', 'life_exp', 'mv_play_dom', 'num_play_dom', 'mv_play_int', 'int_perc')",0.598976757
"('power_rating', 'mv_usd', 'elo_rating', 'life_exp', 'mv_play_dom', 'num_play_dom', 'mv_play_int', 'dom_perc', 'int_perc')",0.598976757
"('power_rating', 'elo_rating', 'bmi', 'qol', 'mv_play_dom', 'num_play_dom', 'mv_play_int')",0.5989222
"('power_rating', 'gdp_usd', 'elo_rating', 'bmi', 'life_exp', 'mv_play_dom', 'num_play_dom', 'mv_play_int')",0.598917337
"('power_rating', 'gdp_usd', 'mv_usd', 'elo_rating', 'bmi', 'life_exp', 'num_play_dom', 'mv_play_int', 'dom_perc')",0.59889588
"('power_rating', 'gdp_usd', 'mv_usd', 'elo_rating', 'bmi', 'life_exp', 'num_play_dom', 'mv_play_int', 'int_perc')",0.59889588
"('power_rating', 'gdp_usd', 'mv_usd', 'elo_rating', 'bmi', 'life_exp', 'num_play_dom', 'mv_play_int', 'dom_perc', 'int_perc')",0.59889588
"('power_rating', 'elo_rating', 'bmi', 'qol', 'num_play_dom', 'mv_play_int')",0.598889617
"('power_rating', 'gdp_usd', 'mv_usd', 'elo_rating', 'bmi', 'qol', 'num_play_int', 'dom_int_mv_ratio', 'dom_perc')",0.598872739
"('power_rating', 'gdp_usd', 'mv_usd', 'elo_rating', 'bmi', 'qol', 'num_play_int', 'dom_int_mv_ratio', 'int_perc')",0.598872739
"('power_rating', 'gdp_usd', 'mv_usd', 'elo_rating', 'bmi', 'qol', 'num_play_int', 'dom_int_mv_ratio', 'dom_perc', 'int_perc')",0.598872739
"('power_rating', 'gdp_usd', 'elo_rating', 'bmi', 'qol', 'num_play_int', 'dom_int_mv_ratio', 'dom_perc')",0.598871603
"('power_rating', 'gdp_usd', 'elo_rating', 'bmi', 'qol', 'num_play_int', 'dom_int_mv_ratio', 'int_perc')",0.598871603
"('power_rating', 'gdp_usd', 'elo_rating', 'bmi', 'qol', 'num_play_int', 'dom_int_mv_ratio', 'dom_perc', 'int_perc')",0.598871603
"('power_rating', 'elo_rating', 'bmi', 'life_exp', 'mv_play_dom', 'num_play_dom', 'mv_play_int')",0.598864748
"('power_rating', 'mv_usd', 'elo_rating', 'bmi', 'life_exp', 'num_play_dom', 'mv_play_int', 'dom_perc')",0.598862203
"('power_rating', 'mv_usd', 'elo_rating', 'bmi', 'life_exp', 'num_play_dom', 'mv_play_int', 'int_perc')",0.598862203
"('power_rating', 'mv_usd', 'elo_rating', 'bmi', 'life_exp', 'num_play_dom', 'mv_play_int', 'dom_perc', 'int_perc')",0.598862203
"('power_rating', 'gdp_usd', 'mv_usd', 'elo_rating', 'bmi', 'life_exp', 'num_play_dom', 'mv_play_int')",0.598824891
"('power_rating', 'gdp_usd', 'elo_rating', 'bmi', 'life_exp', 'num_play_dom', 'mv_play_int', 'dom_perc')",0.598815168
"('power_rating', 'gdp_usd', 'elo_rating', 'bmi', 'life_exp', 'num_play_dom', 'mv_play_int', 'int_perc')",0.598815168
"('power_rating', 'gdp_usd', 'elo_rating', 'bmi', 'life_exp', 'num_play_dom', 'mv_play_int', 'dom_perc', 'int_perc')",0.598815168
"('power_rating', 'elo_rating', 'bmi', 'life_exp', 'num_play_dom', 'mv_play_int', 'dom_perc')",0.598800334
"('power_rating', 'elo_rating', 'bmi', 'life_exp', 'num_play_dom', 'mv_play_int', 'int_perc')",0.598800334
"('power_rating', 'elo_rating', 'bmi', 'life_exp', 'num_play_dom', 'mv_play_int', 'dom_perc', 'int_perc')",0.598800334
"('mv_usd', 'elo_rating', 'bmi', 'life_exp', 'qol', 'num_play_int')",0.598798209
"('power_rating', 'mv_usd', 'elo_rating', 'life_exp', 'mv_play_dom', 'num_play_dom', 'mv_play_int')",0.598762359
"('power_rating', 'mv_usd', 'elo_rating', 'bmi', 'life_exp', 'num_play_dom', 'mv_play_int')",0.598741297
"('power_rating', 'gdp_usd', 'elo_rating', 'bmi', 'life_exp', 'num_play_dom', 'mv_play_int')",0.598680543
"('power_rating', 'elo_rating', 'bmi', 'life_exp', 'num_play_dom', 'mv_play_int')",0.59862445
"('power_rating', 'gdp_usd', 'mv_usd', 'elo_rating', 'life_exp', 'mv_play_int', 'dom_int_mv_ratio', 'dom_perc')",0.598582692
"('power_rating', 'gdp_usd', 'mv_usd', 'elo_rating', 'life_exp', 'mv_play_int', 'dom_int_mv_ratio', 'int_perc')",0.598582692
"('power_rating', 'gdp_usd', 'mv_usd', 'elo_rating', 'life_exp', 'mv_play_int', 'dom_int_mv_ratio', 'dom_perc', 'int_perc')",0.598582692
"('power_rating', 'elo_rating', 'bmi', 'qol', 'mv_play_int', 'num_play_int')",0.598552828
"('power_rating', 'mv_usd', 'elo_rating', 'bmi', 'life_exp', 'mv_play_int', 'dom_int_mv_ratio', 'dom_perc')",0.59850974
"('power_rating', 'mv_usd', 'elo_rating', 'bmi', 'life_exp', 'mv_play_int', 'dom_int_mv_ratio', 'int_perc')",0.59850974
"('power_rating', 'mv_usd', 'elo_rating', 'bmi', 'life_exp', 'mv_play_int', 'dom_int_mv_ratio', 'dom_perc', 'int_perc')",0.59850974
"('power_rating', 'elo_rating', 'qol', 'mv_play_int', 'num_play_int')",0.598488161
"('power_rating', 'gdp_usd', 'mv_usd', 'elo_rating', 'mv_play_dom', 'mv_play_int', 'num_play_int', 'dom_int_mv_ratio', 'dom_perc')",0.598437406
"('power_rating', 'gdp_usd', 'mv_usd', 'elo_rating', 'mv_play_dom', 'mv_play_int', 'num_play_int', 'dom_int_mv_ratio', 'int_perc')",0.598437406
"('power_rating', 'gdp_usd', 'mv_usd', 'elo_rating', 'mv_play_dom', 'mv_play_int', 'num_play_int', 'dom_int_mv_ratio', 'dom_perc', 'int_perc')",0.598437406
"('power_rating', 'gdp_usd', 'elo_rating', 'mv_play_dom', 'mv_play_int', 'num_play_int', 'dom_int_mv_ratio', 'dom_perc')",0.59843487
"('power_rating', 'gdp_usd', 'elo_rating', 'mv_play_dom', 'mv_play_int', 'num_play_int', 'dom_int_mv_ratio', 'int_perc')",0.59843487
"('power_rating', 'gdp_usd', 'elo_rating', 'mv_play_dom', 'mv_play_int', 'num_play_int', 'dom_int_mv_ratio', 'dom_perc', 'int_perc')",0.59843487
"('power_rating', 'mv_usd', 'elo_rating', 'life_exp', 'qol', 'num_play_int', 'dom_int_mv_ratio', 'dom_perc')",0.59829637
"('power_rating', 'mv_usd', 'elo_rating', 'life_exp', 'qol', 'num_play_int', 'dom_int_mv_ratio', 'int_perc')",0.59829637
"('power_rating', 'mv_usd', 'elo_rating', 'life_exp', 'qol', 'num_play_int', 'dom_int_mv_ratio', 'dom_perc', 'int_perc')",0.59829637
"('power_rating', 'mv_usd', 'bmi', 'qol', 'mv_play_int', 'num_play_int')",0.598291721
"('power_rating', 'gdp_usd', 'mv_usd', 'elo_rating', 'mv_play_int', 'num_play_int', 'dom_int_mv_ratio', 'dom_perc')",0.598248098
"('power_rating', 'gdp_usd', 'mv_usd', 'elo_rating', 'mv_play_int', 'num_play_int', 'dom_int_mv_ratio', 'int_perc')",0.598248098
"('power_rating', 'gdp_usd', 'mv_usd', 'elo_rating', 'mv_play_int', 'num_play_int', 'dom_int_mv_ratio', 'dom_perc', 'int_perc')",0.598248098
"('power_rating', 'elo_rating', 'bmi', 'life_exp', 'mv_play_dom', 'num_play_int', 'dom_int_mv_ratio', 'dom_perc')",0.598236044
"('power_rating', 'elo_rating', 'bmi', 'life_exp', 'mv_play_dom', 'num_play_int', 'dom_int_mv_ratio', 'int_perc')",0.598236044
"('power_rating', 'elo_rating', 'bmi', 'life_exp', 'mv_play_dom', 'num_play_int', 'dom_int_mv_ratio', 'dom_perc', 'int_perc')",0.598236044
"('power_rating', 'elo_rating', 'life_exp', 'qol', 'num_play_int', 'dom_int_mv_ratio', 'dom_perc')",0.598099083
"('power_rating', 'elo_rating', 'life_exp', 'qol', 'num_play_int', 'dom_int_mv_ratio', 'int_perc')",0.598099083
"('power_rating', 'elo_rating', 'life_exp', 'qol', 'num_play_int', 'dom_int_mv_ratio', 'dom_perc', 'int_perc')",0.598099083
"('mv_usd', 'elo_rating', 'bmi', 'life_exp', 'qol', 'mv_play_int')",0.598084364
"('mv_usd', 'elo_rating', 'bmi', 'life_exp', 'qol')",0.598078129
"('power_rating', 'gdp_usd', 'mv_usd', 'elo_rating', 'bmi', 'life_exp', 'mv_play_dom', 'mv_play_int', 'dom_perc')",0.598065947
"('power_rating', 'gdp_usd', 'mv_usd', 'elo_rating', 'bmi', 'life_exp', 'mv_play_dom', 'mv_play_int', 'int_perc')",0.598065947
"('power_rating', 'gdp_usd', 'mv_usd', 'elo_rating', 'bmi', 'life_exp', 'mv_play_dom', 'mv_play_int', 'dom_perc', 'int_perc')",0.598065947
"('power_rating', 'mv_usd', 'elo_rating', 'life_exp', 'mv_play_int', 'dom_int_mv_ratio', 'dom_perc')",0.598042025
"('power_rating', 'mv_usd', 'elo_rating', 'life_exp', 'mv_play_int', 'dom_int_mv_ratio', 'int_perc')",0.598042025
"('power_rating', 'mv_usd', 'elo_rating', 'life_exp', 'mv_play_int', 'dom_int_mv_ratio', 'dom_perc', 'int_perc')",0.598042025
"('power_rating', 'bmi', 'qol', 'mv_play_int', 'num_play_int')",0.598039646
"('power_rating', 'mv_usd', 'qol', 'mv_play_int', 'num_play_int')",0.597959835
"('power_rating', 'qol', 'mv_play_int', 'num_play_int')",0.597835906
"('power_rating', 'mv_usd', 'elo_rating', 'qol', 'num_play_dom', 'mv_play_int', 'dom_perc')",0.597809377
"('power_rating', 'mv_usd', 'elo_rating', 'qol', 'num_play_dom', 'mv_play_int', 'int_perc')",0.597809377
"('power_rating', 'mv_usd', 'elo_rating', 'qol', 'num_play_dom', 'mv_play_int', 'dom_perc', 'int_perc')",0.597809377
"('power_rating', 'gdp_usd', 'mv_usd', 'elo_rating', 'bmi', 'qol', 'mv_play_int', 'dom_int_mv_ratio')",0.597707548
"('power_rating', 'gdp_usd', 'life_exp', 'mv_play_dom', 'num_play_dom', 'num_play_int', 'dom_perc')",0.597663941
"('power_rating', 'gdp_usd', 'life_exp', 'mv_play_dom', 'num_play_dom', 'num_play_int', 'int_perc')",0.597663941
"('power_rating', 'gdp_usd', 'life_exp', 'mv_play_dom', 'num_play_dom', 'num_play_int', 'dom_perc', 'int_perc')",0.597663941
"('life_exp', 'qol', 'num_play_dom', 'num_play_int', 'dom_int_mv_ratio', 'dom_perc')",0.597658075
"('life_exp', 'qol', 'num_play_dom', 'num_play_int', 'dom_int_mv_ratio', 'int_perc')",0.597658075
"('life_exp', 'qol', 'num_play_dom', 'num_play_int', 'dom_int_mv_ratio', 'dom_perc', 'int_perc')",0.597658075
"('power_rating', 'mv_usd', 'elo_rating', 'bmi', 'life_exp', 'num_play_int', 'dom_int_mv_ratio', 'dom_perc')",0.597596501
"('power_rating', 'mv_usd', 'elo_rating', 'bmi', 'life_exp', 'num_play_int', 'dom_int_mv_ratio', 'int_perc')",0.597596501
"('power_rating', 'mv_usd', 'elo_rating', 'bmi', 'life_exp', 'num_play_int', 'dom_int_mv_ratio', 'dom_perc', 'int_perc')",0.597596501
"('power_rating', 'gdp_usd', 'elo_rating', 'bmi', 'life_exp', 'mv_play_int', 'dom_int_mv_ratio', 'dom_perc')",0.597594161
"('power_rating', 'gdp_usd', 'elo_rating', 'bmi', 'life_exp', 'mv_play_int', 'dom_int_mv_ratio', 'int_perc')",0.597594161
"('power_rating', 'gdp_usd', 'elo_rating', 'bmi', 'life_exp', 'mv_play_int', 'dom_int_mv_ratio', 'dom_perc', 'int_perc')",0.597594161
"('power_rating', 'elo_rating', 'bmi', 'life_exp', 'num_play_int', 'dom_int_mv_ratio', 'dom_perc')",0.597589323
"('power_rating', 'elo_rating', 'bmi', 'life_exp', 'num_play_int', 'dom_int_mv_ratio', 'int_perc')",0.597589323
"('power_rating', 'elo_rating', 'bmi', 'life_exp', 'num_play_int', 'dom_int_mv_ratio', 'dom_perc', 'int_perc')",0.597589323
"('power_rating', 'gdp_usd', 'num_play_dom', 'mv_play_int', 'num_play_int', 'dom_int_mv_ratio', 'dom_perc')",0.59753646
"('power_rating', 'gdp_usd', 'num_play_dom', 'mv_play_int', 'num_play_int', 'dom_int_mv_ratio', 'int_perc')",0.59753646
"('power_rating', 'gdp_usd', 'num_play_dom', 'mv_play_int', 'num_play_int', 'dom_int_mv_ratio', 'dom_perc', 'int_perc')",0.59753646
"('power_rating', 'gdp_usd', 'elo_rating', 'bmi', 'life_exp', 'qol', 'mv_play_int', 'dom_int_mv_ratio')",0.597519156
"('power_rating', 'gdp_usd', 'mv_usd', 'qol', 'mv_play_dom', 'num_play_dom', 'num_play_int', 'dom_perc')",0.597491113
"('power_rating', 'gdp_usd', 'mv_usd', 'qol', 'mv_play_dom', 'num_play_dom', 'num_play_int', 'int_perc')",0.597491113
"('power_rating', 'gdp_usd', 'mv_usd', 'qol', 'mv_play_dom', 'num_play_dom', 'num_play_int', 'dom_perc', 'int_perc')",0.597491113
"('power_rating', 'gdp_usd', 'elo_rating', 'mv_play_int', 'num_play_int', 'dom_int_mv_ratio', 'dom_perc')",0.597426844
"('power_rating', 'gdp_usd', 'elo_rating', 'mv_play_int', 'num_play_int', 'dom_int_mv_ratio', 'int_perc')",0.597426844
"('power_rating', 'gdp_usd', 'elo_rating', 'mv_play_int', 'num_play_int', 'dom_int_mv_ratio', 'dom_perc', 'int_perc')",0.597426844
"('power_rating', 'elo_rating', 'bmi', 'qol', 'mv_play_dom', 'num_play_int', 'dom_int_mv_ratio', 'dom_perc')",0.597289029
"('power_rating', 'elo_rating', 'bmi', 'qol', 'mv_play_dom', 'num_play_int', 'dom_int_mv_ratio', 'int_perc')",0.597289029
"('power_rating', 'elo_rating', 'bmi', 'qol', 'mv_play_dom', 'num_play_int', 'dom_int_mv_ratio', 'dom_perc', 'int_perc')",0.597289029
"('power_rating', 'mv_usd', 'elo_rating', 'bmi', 'qol', 'mv_play_dom', 'mv_play_int')",0.59725259
"('power_rating', 'gdp_usd', 'mv_usd', 'elo_rating', 'qol', 'mv_play_int', 'dom_int_mv_ratio')",0.597218669
"('power_rating', 'mv_usd', 'elo_rating', 'qol', 'mv_play_dom', 'mv_play_int')",0.597104334
"('power_rating', 'mv_usd', 'elo_rating', 'qol', 'num_play_dom', 'mv_play_int')",0.597095675
"('power_rating', 'mv_usd', 'mv_play_dom', 'num_play_dom', 'mv_play_int', 'num_play_int', 'dom_int_mv_ratio', 'dom_perc')",0.596900496
"('power_rating', 'mv_usd', 'mv_play_dom', 'num_play_dom', 'mv_play_int', 'num_play_int', 'dom_int_mv_ratio', 'int_perc')",0.596900496
"('power_rating', 'mv_usd', 'mv_play_dom', 'num_play_dom', 'mv_play_int', 'num_play_int', 'dom_int_mv_ratio', 'dom_perc', 'int_perc')",0.596900496
"('power_rating', 'mv_usd', 'num_play_dom', 'mv_play_int', 'num_play_int', 'dom_int_mv_ratio', 'int_perc')",0.596895516
"('power_rating', 'mv_usd', 'num_play_dom', 'mv_play_int', 'num_play_int', 'dom_int_mv_ratio', 'dom_perc', 'int_perc')",0.596895516
"('power_rating', 'mv_usd', 'num_play_dom', 'mv_play_int', 'num_play_int', 'dom_int_mv_ratio', 'dom_perc')",0.596895516
"('power_rating', 'gdp_usd', 'mv_usd', 'elo_rating', 'qol', 'mv_play_dom', 'num_play_int', 'dom_int_mv_ratio', 'dom_perc')",0.596849495
"('power_rating', 'gdp_usd', 'mv_usd', 'elo_rating', 'qol', 'mv_play_dom', 'num_play_int', 'dom_int_mv_ratio', 'int_perc')",0.596849495
"('power_rating', 'gdp_usd', 'mv_usd', 'elo_rating', 'qol', 'mv_play_dom', 'num_play_int', 'dom_int_mv_ratio', 'dom_perc', 'int_perc')",0.596849495
"('power_rating', 'elo_rating', 'qol', 'mv_play_dom', 'num_play_dom', 'mv_play_int', 'dom_perc')",0.5967519
"('power_rating', 'elo_rating', 'qol', 'mv_play_dom', 'num_play_dom', 'mv_play_int', 'int_perc')",0.5967519
"('power_rating', 'elo_rating', 'qol', 'mv_play_dom', 'num_play_dom', 'mv_play_int', 'dom_perc', 'int_perc')",0.5967519
"('power_rating', 'elo_rating', 'qol', 'num_play_dom', 'mv_play_int', 'dom_perc')",0.596690251
"('power_rating', 'elo_rating', 'qol', 'num_play_dom', 'mv_play_int', 'int_perc')",0.596690251
"('power_rating', 'elo_rating', 'qol', 'num_play_dom', 'mv_play_int', 'dom_perc', 'int_perc')",0.596690251
"('power_rating', 'elo_rating', 'qol', 'mv_play_dom', 'num_play_dom', 'mv_play_int')",0.596483796
"('power_rating', 'mv_usd', 'elo_rating', 'qol', 'mv_play_dom', 'num_play_int', 'dom_int_mv_ratio', 'dom_perc')",0.596483438
"('power_rating', 'mv_usd', 'elo_rating', 'qol', 'mv_play_dom', 'num_play_int', 'dom_int_mv_ratio', 'int_perc')",0.596483438
"('power_rating', 'mv_usd', 'elo_rating', 'qol', 'mv_play_dom', 'num_play_int', 'dom_int_mv_ratio', 'dom_perc', 'int_perc')",0.596483438
"('power_rating', 'mv_usd', 'elo_rating', 'bmi', 'qol', 'num_play_int', 'dom_int_mv_ratio', 'dom_perc')",0.596448446
"('power_rating', 'mv_usd', 'elo_rating', 'bmi', 'qol', 'num_play_int', 'dom_int_mv_ratio', 'int_perc')",0.596448446
"('power_rating', 'mv_usd', 'elo_rating', 'bmi', 'qol', 'num_play_int', 'dom_int_mv_ratio', 'dom_perc', 'int_perc')",0.596448446
"('power_rating', 'elo_rating', 'bmi', 'qol', 'num_play_int', 'dom_int_mv_ratio', 'dom_perc')",0.596382301
"('power_rating', 'elo_rating', 'bmi', 'qol', 'num_play_int', 'dom_int_mv_ratio', 'int_perc')",0.596382301
"('power_rating', 'elo_rating', 'bmi', 'qol', 'num_play_int', 'dom_int_mv_ratio', 'dom_perc', 'int_perc')",0.596382301
"('power_rating', 'gdp_usd', 'elo_rating', 'life_exp', 'qol', 'mv_play_int', 'dom_int_mv_ratio')",0.596379984
"('power_rating', 'mv_usd', 'elo_rating', 'bmi', 'qol', 'mv_play_int', 'dom_perc')",0.596373105
"('power_rating', 'mv_usd', 'elo_rating', 'bmi', 'qol', 'mv_play_int', 'int_perc')",0.596373105
"('power_rating', 'mv_usd', 'elo_rating', 'bmi', 'qol', 'mv_play_int', 'dom_perc', 'int_perc')",0.596373105
"('power_rating', 'elo_rating', 'qol', 'num_play_dom', 'mv_play_int')",0.596329653
"('power_rating', 'mv_play_dom', 'num_play_dom', 'mv_play_int', 'num_play_int', 'dom_int_mv_ratio', 'dom_perc')",0.596179788
"('power_rating', 'mv_play_dom', 'num_play_dom', 'mv_play_int', 'num_play_int', 'dom_int_mv_ratio', 'int_perc')",0.596179788
"('power_rating', 'mv_play_dom', 'num_play_dom', 'mv_play_int', 'num_play_int', 'dom_int_mv_ratio', 'dom_perc', 'int_perc')",0.596179788
"('elo_rating', 'life_exp', 'qol', 'mv_play_dom')",0.596178959
"('power_rating', 'mv_usd', 'elo_rating', 'bmi', 'life_exp', 'qol', 'mv_play_int', 'dom_int_mv_ratio')",0.595959571
"('power_rating', 'gdp_usd', 'elo_rating', 'life_exp', 'mv_play_dom', 'num_play_dom', 'mv_play_int', 'dom_perc')",0.595919902
"('power_rating', 'gdp_usd', 'elo_rating', 'life_exp', 'mv_play_dom', 'num_play_dom', 'mv_play_int', 'int_perc')",0.595919902
"('power_rating', 'gdp_usd', 'elo_rating', 'life_exp', 'mv_play_dom', 'num_play_dom', 'mv_play_int', 'dom_perc', 'int_perc')",0.595919902
"('power_rating', 'elo_rating', 'life_exp', 'mv_play_dom', 'num_play_dom', 'mv_play_int', 'dom_perc', 'int_perc')",0.595889764
"('power_rating', 'elo_rating', 'life_exp', 'mv_play_dom', 'num_play_dom', 'mv_play_int', 'dom_perc')",0.595889764
"('power_rating', 'elo_rating', 'life_exp', 'mv_play_dom', 'num_play_dom', 'mv_play_int', 'int_perc')",0.595889764
"('power_rating', 'gdp_usd', 'elo_rating', 'life_exp', 'mv_play_int', 'dom_int_mv_ratio', 'dom_perc')",0.595830381
"('power_rating', 'gdp_usd', 'elo_rating', 'life_exp', 'mv_play_int', 'dom_int_mv_ratio', 'int_perc')",0.595830381
"('power_rating', 'gdp_usd', 'elo_rating', 'life_exp', 'mv_play_int', 'dom_int_mv_ratio', 'dom_perc', 'int_perc')",0.595830381
"('power_rating', 'gdp_usd', 'mv_usd', 'elo_rating', 'life_exp', 'mv_play_dom', 'mv_play_int', 'dom_perc')",0.595660336
"('power_rating', 'gdp_usd', 'mv_usd', 'elo_rating', 'life_exp', 'mv_play_dom', 'mv_play_int', 'int_perc')",0.595660336
"('power_rating', 'gdp_usd', 'mv_usd', 'elo_rating', 'life_exp', 'mv_play_dom', 'mv_play_int', 'dom_perc', 'int_perc')",0.595660336
"('power_rating', 'gdp_usd', 'mv_usd', 'elo_rating', 'mv_play_dom', 'num_play_dom', 'mv_play_int', 'num_play_int', 'dom_perc')",0.595658062
"('power_rating', 'gdp_usd', 'mv_usd', 'elo_rating', 'mv_play_dom', 'num_play_dom', 'mv_play_int', 'num_play_int', 'int_perc')",0.595658062
"('power_rating', 'gdp_usd', 'mv_usd', 'elo_rating', 'mv_play_dom', 'num_play_dom', 'mv_play_int', 'num_play_int', 'dom_perc', 'int_perc')",0.595658062
"('power_rating', 'mv_usd', 'elo_rating', 'qol', 'mv_play_int', 'dom_perc')",0.595649488
"('power_rating', 'mv_usd', 'elo_rating', 'qol', 'mv_play_int', 'int_perc')",0.595649488
"('power_rating', 'mv_usd', 'elo_rating', 'qol', 'mv_play_int', 'dom_perc', 'int_perc')",0.595649488
"('power_rating', 'gdp_usd', 'elo_rating', 'life_exp', 'mv_play_dom', 'num_play_dom', 'mv_play_int')",0.59560366
"('power_rating', 'elo_rating', 'life_exp', 'mv_play_dom', 'num_play_dom', 'mv_play_int')",0.595603624
"('power_rating', 'gdp_usd', 'mv_usd', 'qol', 'num_play_dom', 'num_play_int', 'dom_perc')",0.59560236
"('power_rating', 'gdp_usd', 'mv_usd', 'qol', 'num_play_dom', 'num_play_int', 'int_perc')",0.59560236
"('power_rating', 'gdp_usd', 'mv_usd', 'qol', 'num_play_dom', 'num_play_int', 'dom_perc', 'int_perc')",0.59560236
"('power_rating', 'gdp_usd', 'mv_usd', 'bmi', 'life_exp', 'qol', 'mv_play_dom', 'num_play_dom', 'mv_play_int', 'dom_int_mv_ratio', 'dom_perc')",0.595582837
"('power_rating', 'gdp_usd', 'mv_usd', 'bmi', 'life_exp', 'qol', 'mv_play_dom', 'num_play_dom', 'mv_play_int', 'dom_int_mv_ratio', 'int_perc')",0.595582837
"('power_rating', 'gdp_usd', 'mv_usd', 'bmi', 'life_exp', 'qol', 'mv_play_dom', 'num_play_dom', 'mv_play_int', 'dom_int_mv_ratio', 'dom_perc', 'int_perc')",0.595582837
"('power_rating', 'elo_rating', 'bmi', 'life_exp', 'mv_play_int', 'dom_int_mv_ratio', 'dom_perc')",0.595452685
"('power_rating', 'elo_rating', 'bmi', 'life_exp', 'mv_play_int', 'dom_int_mv_ratio', 'int_perc')",0.595452685
"('power_rating', 'elo_rating', 'bmi', 'life_exp', 'mv_play_int', 'dom_int_mv_ratio', 'dom_perc', 'int_perc')",0.595452685
"('power_rating', 'gdp_usd', 'bmi', 'life_exp', 'qol', 'num_play_dom', 'num_play_int', 'dom_int_mv_ratio', 'dom_perc')",0.595298702
"('power_rating', 'gdp_usd', 'bmi', 'life_exp', 'qol', 'num_play_dom', 'num_play_int', 'dom_int_mv_ratio', 'int_perc')",0.595298702
"('power_rating', 'gdp_usd', 'bmi', 'life_exp', 'qol', 'num_play_dom', 'num_play_int', 'dom_int_mv_ratio', 'dom_perc', 'int_perc')",0.595298702
"('power_rating', 'elo_rating', 'bmi', 'qol', 'mv_play_dom', 'mv_play_int', 'dom_perc')",0.595282919
"('power_rating', 'elo_rating', 'bmi', 'qol', 'mv_play_dom', 'mv_play_int', 'int_perc')",0.595282919
"('power_rating', 'elo_rating', 'bmi', 'qol', 'mv_play_dom', 'mv_play_int', 'dom_perc', 'int_perc')",0.595282919
"('power_rating', 'mv_usd', 'elo_rating', 'bmi', 'life_exp', 'qol', 'mv_play_dom', 'num_play_dom', 'dom_int_mv_ratio', 'dom_perc')",0.595252874
"('power_rating', 'mv_usd', 'elo_rating', 'bmi', 'life_exp', 'qol', 'mv_play_dom', 'num_play_dom', 'dom_int_mv_ratio', 'int_perc')",0.595252874
"('power_rating', 'mv_usd', 'elo_rating', 'bmi', 'life_exp', 'qol', 'mv_play_dom', 'num_play_dom', 'dom_int_mv_ratio', 'dom_perc', 'int_perc')",0.595252874
"('power_rating', 'gdp_usd', 'mv_usd', 'elo_rating', 'bmi', 'life_exp', 'qol', 'mv_play_int')",0.595197993
"('power_rating', 'gdp_usd', 'mv_usd', 'elo_rating', 'bmi', 'life_exp', 'mv_play_dom', 'mv_play_int', 'dom_int_mv_ratio')",0.595188668
"('power_rating', 'elo_rating', 'bmi', 'qol', 'mv_play_int', 'dom_perc')",0.595179351
"('power_rating', 'elo_rating', 'bmi', 'qol', 'mv_play_int', 'int_perc')",0.595179351
"('power_rating', 'elo_rating', 'bmi', 'qol', 'mv_play_int', 'dom_perc', 'int_perc')",0.595179351
"('power_rating', 'mv_usd', 'elo_rating', 'life_exp', 'qol', 'mv_play_dom', 'num_play_dom', 'dom_int_mv_ratio', 'dom_perc')",0.595170921
"('power_rating', 'mv_usd', 'elo_rating', 'life_exp', 'qol', 'mv_play_dom', 'num_play_dom', 'dom_int_mv_ratio', 'int_perc')",0.595170921
"('power_rating', 'mv_usd', 'elo_rating', 'life_exp', 'qol', 'mv_play_dom', 'num_play_dom', 'dom_int_mv_ratio', 'dom_perc', 'int_perc')",0.595170921
"('power_rating', 'gdp_usd', 'mv_usd', 'elo_rating', 'life_exp', 'mv_play_dom', 'mv_play_int', 'dom_int_mv_ratio')",0.595130322
"('power_rating', 'gdp_usd', 'mv_usd', 'elo_rating', 'life_exp', 'num_play_dom', 'mv_play_int', 'dom_perc')",0.595075644
"('power_rating', 'gdp_usd', 'mv_usd', 'elo_rating', 'life_exp', 'num_play_dom', 'mv_play_int', 'int_perc')",0.595075644
"('power_rating', 'gdp_usd', 'mv_usd', 'elo_rating', 'life_exp', 'num_play_dom', 'mv_play_int', 'dom_perc', 'int_perc')",0.595075644
"('power_rating', 'gdp_usd', 'elo_rating', 'life_exp', 'num_play_dom', 'mv_play_int', 'dom_perc')",0.595071795
"('power_rating', 'gdp_usd', 'elo_rating', 'life_exp', 'num_play_dom', 'mv_play_int', 'int_perc')",0.595071795
"('power_rating', 'gdp_usd', 'elo_rating', 'life_exp', 'num_play_dom', 'mv_play_int', 'dom_perc', 'int_perc')",0.595071795
"('power_rating', 'mv_usd', 'elo_rating', 'life_exp', 'num_play_dom', 'mv_play_int', 'dom_perc')",0.595061742
"('power_rating', 'mv_usd', 'elo_rating', 'life_exp', 'num_play_dom', 'mv_play_int', 'int_perc')",0.595061742
"('power_rating', 'mv_usd', 'elo_rating', 'life_exp', 'num_play_dom', 'mv_play_int', 'dom_perc', 'int_perc')",0.595061742
"('power_rating', 'elo_rating', 'life_exp', 'num_play_dom', 'mv_play_int', 'dom_perc')",0.595060263
"('power_rating', 'elo_rating', 'life_exp', 'num_play_dom', 'mv_play_int', 'int_perc')",0.595060263
"('power_rating', 'elo_rating', 'life_exp', 'num_play_dom', 'mv_play_int', 'dom_perc', 'int_perc')",0.595060263
"('power_rating', 'gdp_usd', 'mv_usd', 'bmi', 'life_exp', 'qol', 'num_play_dom', 'mv_play_int', 'dom_int_mv_ratio', 'dom_perc')",0.594995375
"('power_rating', 'gdp_usd', 'mv_usd', 'bmi', 'life_exp', 'qol', 'num_play_dom', 'mv_play_int', 'dom_int_mv_ratio', 'int_perc')",0.594995375
"('power_rating', 'gdp_usd', 'mv_usd', 'bmi', 'life_exp', 'qol', 'num_play_dom', 'mv_play_int', 'dom_int_mv_ratio', 'dom_perc', 'int_perc')",0.594995375
"('power_rating', 'mv_usd', 'elo_rating', 'mv_play_dom', 'num_play_dom', 'mv_play_int', 'num_play_int', 'dom_perc')",0.594981041
"('power_rating', 'mv_usd', 'elo_rating', 'mv_play_dom', 'num_play_dom', 'mv_play_int', 'num_play_int', 'int_perc')",0.594981041
"('power_rating', 'mv_usd', 'elo_rating', 'mv_play_dom', 'num_play_dom', 'mv_play_int', 'num_play_int', 'dom_perc', 'int_perc')",0.594981041
"('power_rating', 'gdp_usd', 'mv_usd', 'elo_rating', 'life_exp', 'num_play_dom', 'mv_play_int')",0.594962211
"('power_rating', 'mv_usd', 'elo_rating', 'life_exp', 'num_play_dom', 'mv_play_int')",0.594962172
"('power_rating', 'gdp_usd', 'elo_rating', 'life_exp', 'num_play_dom', 'mv_play_int')",0.594960705
"('power_rating', 'elo_rating', 'life_exp', 'num_play_dom', 'mv_play_int')",0.594960584
"('power_rating', 'gdp_usd', 'elo_rating', 'bmi', 'life_exp', 'qol', 'mv_play_int')",0.594927922
"('power_rating', 'gdp_usd', 'elo_rating', 'bmi', 'qol', 'mv_play_int', 'dom_int_mv_ratio')",0.594876149
"('power_rating', 'elo_rating', 'qol', 'mv_play_dom', 'mv_play_int', 'dom_perc')",0.59466316
"('power_rating', 'elo_rating', 'qol', 'mv_play_dom', 'mv_play_int', 'int_perc')",0.59466316
"('power_rating', 'elo_rating', 'qol', 'mv_play_dom', 'mv_play_int', 'dom_perc', 'int_perc')",0.59466316
"('power_rating', 'gdp_usd', 'mv_usd', 'life_exp', 'qol', 'mv_play_dom', 'num_play_dom', 'mv_play_int', 'dom_int_mv_ratio', 'dom_perc')",0.594556696
"('power_rating', 'gdp_usd', 'mv_usd', 'life_exp', 'qol', 'mv_play_dom', 'num_play_dom', 'mv_play_int', 'dom_int_mv_ratio', 'int_perc')",0.594556696
"('power_rating', 'gdp_usd', 'mv_usd', 'life_exp', 'qol', 'mv_play_dom', 'num_play_dom', 'mv_play_int', 'dom_int_mv_ratio', 'dom_perc', 'int_perc')",0.594556696
"('power_rating', 'gdp_usd', 'elo_rating', 'qol', 'mv_play_int', 'dom_int_mv_ratio')",0.594529896
"('power_rating', 'elo_rating', 'qol', 'mv_play_int', 'dom_perc')",0.594527851
"('power_rating', 'elo_rating', 'qol', 'mv_play_int', 'int_perc')",0.594527851
"('power_rating', 'elo_rating', 'qol', 'mv_play_int', 'dom_perc', 'int_perc')",0.594527851
"('power_rating', 'gdp_usd', 'mv_usd', 'elo_rating', 'life_exp', 'qol', 'mv_play_int')",0.594519982
"('power_rating', 'elo_rating', 'life_exp', 'mv_play_int', 'dom_int_mv_ratio', 'dom_perc')",0.594428178
"('power_rating', 'elo_rating', 'life_exp', 'mv_play_int', 'dom_int_mv_ratio', 'int_perc')",0.594428178
"('power_rating', 'elo_rating', 'life_exp', 'mv_play_int', 'dom_int_mv_ratio', 'dom_perc', 'int_perc')",0.594428178
"('power_rating', 'gdp_usd', 'elo_rating', 'bmi', 'qol', 'mv_play_dom', 'mv_play_int')",0.594302219
"('power_rating', 'gdp_usd', 'elo_rating', 'qol', 'mv_play_dom', 'mv_play_int')",0.594274838
"('power_rating', 'gdp_usd', 'elo_rating', 'life_exp', 'qol', 'mv_play_int')",0.594245859
"('power_rating', 'gdp_usd', 'elo_rating', 'qol', 'mv_play_dom', 'num_play_int', 'dom_int_mv_ratio', 'dom_perc')",0.594177163
"('power_rating', 'gdp_usd', 'elo_rating', 'qol', 'mv_play_dom', 'num_play_int', 'dom_int_mv_ratio', 'int_perc')",0.594177163
"('power_rating', 'gdp_usd', 'elo_rating', 'qol', 'mv_play_dom', 'num_play_int', 'dom_int_mv_ratio', 'dom_perc', 'int_perc')",0.594177163
"('power_rating', 'gdp_usd', 'mv_usd', 'bmi', 'qol', 'mv_play_dom', 'num_play_dom', 'mv_play_int', 'dom_int_mv_ratio', 'dom_perc')",0.594146403
"('power_rating', 'gdp_usd', 'mv_usd', 'bmi', 'qol', 'mv_play_dom', 'num_play_dom', 'mv_play_int', 'dom_int_mv_ratio', 'int_perc')",0.594146403
"('power_rating', 'gdp_usd', 'mv_usd', 'bmi', 'qol', 'mv_play_dom', 'num_play_dom', 'mv_play_int', 'dom_int_mv_ratio', 'dom_perc', 'int_perc')",0.594146403
"('power_rating', 'mv_usd', 'elo_rating', 'bmi', 'life_exp', 'mv_play_dom', 'mv_play_int', 'dom_perc')",0.593994409
"('power_rating', 'mv_usd', 'elo_rating', 'bmi', 'life_exp', 'mv_play_dom', 'mv_play_int', 'int_perc')",0.593994409
"('power_rating', 'mv_usd', 'elo_rating', 'bmi', 'life_exp', 'mv_play_dom', 'mv_play_int', 'dom_perc', 'int_perc')",0.593994409
"('power_rating', 'gdp_usd', 'bmi', 'life_exp', 'qol', 'mv_play_dom', 'num_play_dom', 'mv_play_int', 'dom_int_mv_ratio', 'dom_perc')",0.593984251
"('power_rating', 'gdp_usd', 'bmi', 'life_exp', 'qol', 'mv_play_dom', 'num_play_dom', 'mv_play_int', 'dom_int_mv_ratio', 'int_perc')",0.593984251
"('power_rating', 'gdp_usd', 'bmi', 'life_exp', 'qol', 'mv_play_dom', 'num_play_dom', 'mv_play_int', 'dom_int_mv_ratio', 'dom_perc', 'int_perc')",0.593984251
"('mv_usd', 'bmi', 'qol', 'mv_play_int', 'num_play_int', 'dom_perc')",0.593925754
"('mv_usd', 'bmi', 'qol', 'mv_play_int', 'num_play_int', 'int_perc')",0.593925754
"('mv_usd', 'bmi', 'qol', 'mv_play_int', 'num_play_int', 'dom_perc', 'int_perc')",0.593925754
"('power_rating', 'gdp_usd', 'mv_usd', 'life_exp', 'qol', 'num_play_dom', 'mv_play_int', 'dom_int_mv_ratio', 'dom_perc')",0.593924185
"('power_rating', 'gdp_usd', 'mv_usd', 'life_exp', 'qol', 'num_play_dom', 'mv_play_int', 'dom_int_mv_ratio', 'int_perc')",0.593924185
"('power_rating', 'gdp_usd', 'mv_usd', 'life_exp', 'qol', 'num_play_dom', 'mv_play_int', 'dom_int_mv_ratio', 'dom_perc', 'int_perc')",0.593924185
"('power_rating', 'gdp_usd', 'mv_usd', 'bmi', 'life_exp', 'qol', 'mv_play_dom', 'num_play_dom', 'mv_play_int', 'dom_int_mv_ratio')",0.593918727
"('power_rating', 'gdp_usd', 'mv_usd', 'elo_rating', 'bmi', 'life_exp', 'qol', 'mv_play_dom', 'dom_int_mv_ratio', 'int_perc')",0.593790014
"('power_rating', 'gdp_usd', 'mv_usd', 'elo_rating', 'bmi', 'life_exp', 'qol', 'mv_play_dom', 'dom_int_mv_ratio', 'dom_perc')",0.593790014
"('power_rating', 'gdp_usd', 'mv_usd', 'elo_rating', 'bmi', 'life_exp', 'qol', 'mv_play_dom', 'dom_int_mv_ratio', 'dom_perc', 'int_perc')",0.593790014
"('power_rating', 'gdp_usd', 'mv_usd', 'elo_rating', 'num_play_dom', 'mv_play_int', 'num_play_int', 'dom_perc')",0.593735015
"('power_rating', 'gdp_usd', 'mv_usd', 'elo_rating', 'num_play_dom', 'mv_play_int', 'num_play_int', 'int_perc')",0.593735015
"('power_rating', 'gdp_usd', 'mv_usd', 'elo_rating', 'num_play_dom', 'mv_play_int', 'num_play_int', 'dom_perc', 'int_perc')",0.593735015
"('power_rating', 'gdp_usd', 'life_exp', 'qol', 'num_play_dom', 'num_play_int', 'dom_int_mv_ratio', 'dom_perc')",0.593592401
"('power_rating', 'gdp_usd', 'life_exp', 'qol', 'num_play_dom', 'num_play_int', 'dom_int_mv_ratio', 'int_perc')",0.593592401
"('power_rating', 'gdp_usd', 'life_exp', 'qol', 'num_play_dom', 'num_play_int', 'dom_int_mv_ratio', 'dom_perc', 'int_perc')",0.593592401
"('power_rating', 'gdp_usd', 'mv_usd', 'elo_rating', 'life_exp', 'qol', 'mv_play_dom', 'dom_int_mv_ratio', 'dom_perc')",0.593476427
"('power_rating', 'gdp_usd', 'mv_usd', 'elo_rating', 'life_exp', 'qol', 'mv_play_dom', 'dom_int_mv_ratio', 'int_perc')",0.593476427
"('power_rating', 'gdp_usd', 'mv_usd', 'elo_rating', 'life_exp', 'qol', 'mv_play_dom', 'dom_int_mv_ratio', 'dom_perc', 'int_perc')",0.593476427
"('power_rating', 'gdp_usd', 'mv_usd', 'bmi', 'life_exp', 'qol', 'num_play_dom', 'mv_play_int', 'dom_int_mv_ratio')",0.593444114
"('power_rating', 'gdp_usd', 'mv_usd', 'bmi', 'life_exp', 'qol', 'mv_play_dom', 'num_play_dom', 'mv_play_int', 'dom_perc')",0.593404882
"('power_rating', 'gdp_usd', 'mv_usd', 'bmi', 'life_exp', 'qol', 'mv_play_dom', 'num_play_dom', 'mv_play_int', 'int_perc')",0.593404882
"('power_rating', 'gdp_usd', 'mv_usd', 'bmi', 'life_exp', 'qol', 'mv_play_dom', 'num_play_dom', 'mv_play_int', 'dom_perc', 'int_perc')",0.593404882
"('mv_usd', 'elo_rating', 'life_exp', 'qol', 'mv_play_int', 'num_play_int')",0.593310255
"('mv_usd', 'elo_rating', 'life_exp', 'qol', 'num_play_int')",0.593308424
"('power_rating', 'mv_usd', 'elo_rating', 'bmi', 'qol', 'mv_play_dom', 'num_play_dom', 'dom_int_mv_ratio', 'dom_perc')",0.593219125
"('power_rating', 'mv_usd', 'elo_rating', 'bmi', 'qol', 'mv_play_dom', 'num_play_dom', 'dom_int_mv_ratio', 'dom_perc', 'int_perc')",0.593219125
"('power_rating', 'mv_usd', 'elo_rating', 'bmi', 'qol', 'mv_play_dom', 'num_play_dom', 'dom_int_mv_ratio', 'int_perc')",0.593219125
"('power_rating', 'mv_usd', 'elo_rating', 'qol', 'mv_play_dom', 'num_play_dom', 'dom_int_mv_ratio', 'dom_perc')",0.593213208
"('power_rating', 'mv_usd', 'elo_rating', 'qol', 'mv_play_dom', 'num_play_dom', 'dom_int_mv_ratio', 'int_perc')",0.593213208
"('power_rating', 'mv_usd', 'elo_rating', 'qol', 'mv_play_dom', 'num_play_dom', 'dom_int_mv_ratio', 'dom_perc', 'int_perc')",0.593213208
"('power_rating', 'elo_rating', 'bmi', 'life_exp', 'qol', 'mv_play_dom', 'mv_play_int')",0.593208133
"('power_rating', 'gdp_usd', 'mv_usd', 'bmi', 'qol', 'mv_play_dom', 'num_play_dom', 'mv_play_int', 'dom_int_mv_ratio')",0.593143438
"('gdp_usd', 'mv_usd', 'elo_rating', 'bmi', 'life_exp', 'qol', 'mv_play_dom', 'num_play_dom', 'num_play_int', 'dom_perc')",0.593142528
"('gdp_usd', 'mv_usd', 'elo_rating', 'bmi', 'life_exp', 'qol', 'mv_play_dom', 'num_play_dom', 'num_play_int', 'int_perc')",0.593142528
"('gdp_usd', 'mv_usd', 'elo_rating', 'bmi', 'life_exp', 'qol', 'mv_play_dom', 'num_play_dom', 'num_play_int', 'dom_perc', 'int_perc')",0.593142528
"('power_rating', 'gdp_usd', 'bmi', 'life_exp', 'qol', 'num_play_dom', 'mv_play_int', 'dom_int_mv_ratio', 'dom_perc')",0.593139552
"('power_rating', 'gdp_usd', 'bmi', 'life_exp', 'qol', 'num_play_dom', 'mv_play_int', 'dom_int_mv_ratio', 'int_perc')",0.593139552
"('power_rating', 'gdp_usd', 'bmi', 'life_exp', 'qol', 'num_play_dom', 'mv_play_int', 'dom_int_mv_ratio', 'dom_perc', 'int_perc')",0.593139552
"('gdp_usd', 'mv_usd', 'elo_rating', 'bmi', 'life_exp', 'qol', 'mv_play_dom', 'num_play_dom', 'num_play_int')",0.593111692
"('mv_usd', 'elo_rating', 'life_exp', 'qol', 'mv_play_int')",0.593064682
"('power_rating', 'mv_usd', 'elo_rating', 'bmi', 'life_exp', 'qol', 'mv_play_dom', 'dom_int_mv_ratio', 'dom_perc')",0.593053642
"('power_rating', 'mv_usd', 'elo_rating', 'bmi', 'life_exp', 'qol', 'mv_play_dom', 'dom_int_mv_ratio', 'int_perc')",0.593053642
"('power_rating', 'mv_usd', 'elo_rating', 'bmi', 'life_exp', 'qol', 'mv_play_dom', 'dom_int_mv_ratio', 'dom_perc', 'int_perc')",0.593053642
"('power_rating', 'gdp_usd', 'life_exp', 'qol', 'mv_play_dom', 'num_play_dom', 'mv_play_int', 'dom_int_mv_ratio', 'dom_perc')",0.593020154
"('power_rating', 'gdp_usd', 'life_exp', 'qol', 'mv_play_dom', 'num_play_dom', 'mv_play_int', 'dom_int_mv_ratio', 'int_perc')",0.593020154
"('power_rating', 'gdp_usd', 'life_exp', 'qol', 'mv_play_dom', 'num_play_dom', 'mv_play_int', 'dom_int_mv_ratio', 'dom_perc', 'int_perc')",0.593020154
"('power_rating', 'gdp_usd', 'mv_usd', 'life_exp', 'qol', 'mv_play_dom', 'num_play_dom', 'mv_play_int', 'dom_int_mv_ratio')",0.593005719
"('elo_rating', 'bmi', 'life_exp', 'qol', 'mv_play_int', 'dom_int_mv_ratio', 'dom_perc')",0.592979975
"('elo_rating', 'bmi', 'life_exp', 'qol', 'mv_play_int', 'dom_int_mv_ratio', 'int_perc')",0.592979975
"('elo_rating', 'bmi', 'life_exp', 'qol', 'mv_play_int', 'dom_int_mv_ratio', 'dom_perc', 'int_perc')",0.592979975
"('power_rating', 'gdp_usd', 'mv_usd', 'bmi', 'qol', 'num_play_dom', 'mv_play_int', 'dom_int_mv_ratio', 'dom_perc')",0.592976629
"('power_rating', 'gdp_usd', 'mv_usd', 'bmi', 'qol', 'num_play_dom', 'mv_play_int', 'dom_int_mv_ratio', 'int_perc')",0.592976629
"('power_rating', 'gdp_usd', 'mv_usd', 'bmi', 'qol', 'num_play_dom', 'mv_play_int', 'dom_int_mv_ratio', 'dom_perc', 'int_perc')",0.592976629
"('power_rating', 'mv_usd', 'elo_rating', 'life_exp', 'qol', 'mv_play_dom', 'dom_int_mv_ratio', 'dom_perc')",0.592938036
"('power_rating', 'mv_usd', 'elo_rating', 'life_exp', 'qol', 'mv_play_dom', 'dom_int_mv_ratio', 'int_perc')",0.592938036
"('power_rating', 'mv_usd', 'elo_rating', 'life_exp', 'qol', 'mv_play_dom', 'dom_int_mv_ratio', 'dom_perc', 'int_perc')",0.592938036
"('power_rating', 'mv_usd', 'elo_rating', 'life_exp', 'mv_play_dom', 'mv_play_int', 'dom_perc')",0.592898629
"('power_rating', 'mv_usd', 'elo_rating', 'life_exp', 'mv_play_dom', 'mv_play_int', 'int_perc')",0.592898629
"('power_rating', 'mv_usd', 'elo_rating', 'life_exp', 'mv_play_dom', 'mv_play_int', 'dom_perc', 'int_perc')",0.592898629
"('mv_usd', 'elo_rating', 'life_exp', 'qol')",0.592889547
"('power_rating', 'gdp_usd', 'elo_rating', 'bmi', 'life_exp', 'qol', 'mv_play_dom', 'num_play_dom', 'dom_int_mv_ratio', 'dom_perc')",0.592871871
"('power_rating', 'gdp_usd', 'elo_rating', 'bmi', 'life_exp', 'qol', 'mv_play_dom', 'num_play_dom', 'dom_int_mv_ratio', 'int_perc')",0.592871871
"('power_rating', 'gdp_usd', 'elo_rating', 'bmi', 'life_exp', 'qol', 'mv_play_dom', 'num_play_dom', 'dom_int_mv_ratio', 'dom_perc', 'int_perc')",0.592871871
"('power_rating', 'mv_usd', 'bmi', 'life_exp', 'qol', 'mv_play_dom', 'num_play_dom', 'mv_play_int', 'dom_int_mv_ratio', 'dom_perc')",0.592858413
"('power_rating', 'mv_usd', 'bmi', 'life_exp', 'qol', 'mv_play_dom', 'num_play_dom', 'mv_play_int', 'dom_int_mv_ratio', 'int_perc')",0.592858413
"('power_rating', 'mv_usd', 'bmi', 'life_exp', 'qol', 'mv_play_dom', 'num_play_dom', 'mv_play_int', 'dom_int_mv_ratio', 'dom_perc', 'int_perc')",0.592858413
"('power_rating', 'num_play_dom', 'mv_play_int', 'num_play_int', 'dom_int_mv_ratio', 'dom_perc', 'int_perc')",0.592842892
"('power_rating', 'num_play_dom', 'mv_play_int', 'num_play_int', 'dom_int_mv_ratio', 'dom_perc')",0.592842892
"('power_rating', 'num_play_dom', 'mv_play_int', 'num_play_int', 'dom_int_mv_ratio', 'int_perc')",0.592842892
"('power_rating', 'mv_usd', 'bmi', 'life_exp', 'qol', 'num_play_dom', 'mv_play_int', 'dom_int_mv_ratio', 'dom_perc')",0.592835466
"('power_rating', 'mv_usd', 'bmi', 'life_exp', 'qol', 'num_play_dom', 'mv_play_int', 'dom_int_mv_ratio', 'int_perc')",0.592835466
"('power_rating', 'mv_usd', 'bmi', 'life_exp', 'qol', 'num_play_dom', 'mv_play_int', 'dom_int_mv_ratio', 'dom_perc', 'int_perc')",0.592835466
"('power_rating', 'mv_usd', 'elo_rating', 'mv_play_dom', 'mv_play_int', 'num_play_int', 'dom_int_mv_ratio', 'dom_perc')",0.592831845
"('power_rating', 'mv_usd', 'elo_rating', 'mv_play_dom', 'mv_play_int', 'num_play_int', 'dom_int_mv_ratio', 'int_perc')",0.592831845
"('power_rating', 'mv_usd', 'elo_rating', 'mv_play_dom', 'mv_play_int', 'num_play_int', 'dom_int_mv_ratio', 'dom_perc', 'int_perc')",0.592831845
"('power_rating', 'gdp_usd', 'elo_rating', 'life_exp', 'qol', 'mv_play_dom', 'num_play_dom', 'dom_int_mv_ratio', 'dom_perc')",0.592712419
"('power_rating', 'gdp_usd', 'elo_rating', 'life_exp', 'qol', 'mv_play_dom', 'num_play_dom', 'dom_int_mv_ratio', 'int_perc')",0.592712419
"('power_rating', 'gdp_usd', 'elo_rating', 'life_exp', 'qol', 'mv_play_dom', 'num_play_dom', 'dom_int_mv_ratio', 'dom_perc', 'int_perc')",0.592712419
"('power_rating', 'bmi', 'life_exp', 'qol', 'mv_play_dom', 'num_play_dom', 'mv_play_int', 'dom_int_mv_ratio', 'dom_perc')",0.592556489
"('power_rating', 'bmi', 'life_exp', 'qol', 'mv_play_dom', 'num_play_dom', 'mv_play_int', 'dom_int_mv_ratio', 'int_perc')",0.592556489
"('power_rating', 'bmi', 'life_exp', 'qol', 'mv_play_dom', 'num_play_dom', 'mv_play_int', 'dom_int_mv_ratio', 'dom_perc', 'int_perc')",0.592556489
"('power_rating', 'gdp_usd', 'mv_usd', 'life_exp', 'qol', 'num_play_dom', 'mv_play_int', 'dom_int_mv_ratio')",0.592488888
"('power_rating', 'gdp_usd', 'mv_usd', 'qol', 'mv_play_dom', 'num_play_dom', 'mv_play_int', 'dom_int_mv_ratio', 'dom_perc')",0.592432967
"('power_rating', 'gdp_usd', 'mv_usd', 'qol', 'mv_play_dom', 'num_play_dom', 'mv_play_int', 'dom_int_mv_ratio', 'int_perc')",0.592432967
"('power_rating', 'gdp_usd', 'mv_usd', 'qol', 'mv_play_dom', 'num_play_dom', 'mv_play_int', 'dom_int_mv_ratio', 'dom_perc', 'int_perc')",0.592432967
"('power_rating', 'gdp_usd', 'life_exp', 'qol', 'num_play_dom', 'mv_play_int', 'dom_int_mv_ratio', 'dom_perc')",0.592371403
"('power_rating', 'gdp_usd', 'life_exp', 'qol', 'num_play_dom', 'mv_play_int', 'dom_int_mv_ratio', 'int_perc')",0.592371403
"('power_rating', 'gdp_usd', 'life_exp', 'qol', 'num_play_dom', 'mv_play_int', 'dom_int_mv_ratio', 'dom_perc', 'int_perc')",0.592371403
"('gdp_usd', 'mv_usd', 'elo_rating', 'bmi', 'life_exp', 'qol', 'mv_play_dom', 'num_play_dom', 'mv_play_int', 'dom_int_mv_ratio', 'dom_perc')",0.592357016
"('gdp_usd', 'mv_usd', 'elo_rating', 'bmi', 'life_exp', 'qol', 'mv_play_dom', 'num_play_dom', 'mv_play_int', 'dom_int_mv_ratio', 'int_perc')",0.592357016
"('gdp_usd', 'mv_usd', 'elo_rating', 'bmi', 'life_exp', 'qol', 'mv_play_dom', 'num_play_dom', 'mv_play_int', 'dom_int_mv_ratio', 'dom_perc', 'int_perc')",0.592357016
"('power_rating', 'elo_rating', 'qol', 'mv_play_dom', 'num_play_int', 'dom_int_mv_ratio', 'dom_perc')",0.592356781
"('power_rating', 'elo_rating', 'qol', 'mv_play_dom', 'num_play_int', 'dom_int_mv_ratio', 'int_perc')",0.592356781
"('power_rating', 'elo_rating', 'qol', 'mv_play_dom', 'num_play_int', 'dom_int_mv_ratio', 'dom_perc', 'int_perc')",0.592356781
"('power_rating', 'gdp_usd', 'mv_usd', 'elo_rating', 'bmi', 'qol', 'mv_play_dom', 'dom_int_mv_ratio', 'dom_perc')",0.592296693
"('power_rating', 'gdp_usd', 'mv_usd', 'elo_rating', 'bmi', 'qol', 'mv_play_dom', 'dom_int_mv_ratio', 'int_perc')",0.592296693
"('power_rating', 'gdp_usd', 'mv_usd', 'elo_rating', 'bmi', 'qol', 'mv_play_dom', 'dom_int_mv_ratio', 'dom_perc', 'int_perc')",0.592296693
"('power_rating', 'gdp_usd', 'mv_usd', 'bmi', 'qol', 'num_play_dom', 'mv_play_int', 'dom_int_mv_ratio')",0.592230308
"('gdp_usd', 'mv_usd', 'elo_rating', 'life_exp', 'qol', 'mv_play_dom', 'num_play_dom', 'mv_play_int', 'dom_int_mv_ratio', 'dom_perc')",0.592215009
"('gdp_usd', 'mv_usd', 'elo_rating', 'life_exp', 'qol', 'mv_play_dom', 'num_play_dom', 'mv_play_int', 'dom_int_mv_ratio', 'int_perc')",0.592215009
"('gdp_usd', 'mv_usd', 'elo_rating', 'life_exp', 'qol', 'mv_play_dom', 'num_play_dom', 'mv_play_int', 'dom_int_mv_ratio', 'dom_perc', 'int_perc')",0.592215009
"('power_rating', 'elo_rating', 'mv_play_dom', 'mv_play_int', 'num_play_int', 'dom_int_mv_ratio', 'dom_perc')",0.592109405
"('power_rating', 'elo_rating', 'mv_play_dom', 'mv_play_int', 'num_play_int', 'dom_int_mv_ratio', 'int_perc')",0.592109405
"('power_rating', 'elo_rating', 'mv_play_dom', 'mv_play_int', 'num_play_int', 'dom_int_mv_ratio', 'dom_perc', 'int_perc')",0.592109405
"('power_rating', 'mv_usd', 'elo_rating', 'num_play_dom', 'mv_play_int', 'num_play_int', 'int_perc')",0.592094446
"('power_rating', 'mv_usd', 'elo_rating', 'num_play_dom', 'mv_play_int', 'num_play_int', 'dom_perc')",0.592094446
"('power_rating', 'mv_usd', 'elo_rating', 'num_play_dom', 'mv_play_int', 'num_play_int', 'dom_perc', 'int_perc')",0.592094446
"('power_rating', 'gdp_usd', 'mv_usd', 'elo_rating', 'qol', 'num_play_int', 'dom_int_mv_ratio', 'dom_perc')",0.59208119
"('power_rating', 'gdp_usd', 'mv_usd', 'elo_rating', 'qol', 'num_play_int', 'dom_int_mv_ratio', 'int_perc')",0.59208119
"('power_rating', 'gdp_usd', 'mv_usd', 'elo_rating', 'qol', 'num_play_int', 'dom_int_mv_ratio', 'dom_perc', 'int_perc')",0.59208119
"('mv_usd', 'qol', 'mv_play_int', 'num_play_int', 'dom_perc')",0.592007957
"('mv_usd', 'qol', 'mv_play_int', 'num_play_int', 'int_perc')",0.592007957
"('mv_usd', 'qol', 'mv_play_int', 'num_play_int', 'dom_perc', 'int_perc')",0.592007957
"('power_rating', 'bmi', 'life_exp', 'qol', 'num_play_dom', 'mv_play_int', 'dom_int_mv_ratio', 'dom_perc')",0.591974569
"('power_rating', 'bmi', 'life_exp', 'qol', 'num_play_dom', 'mv_play_int', 'dom_int_mv_ratio', 'int_perc')",0.591974569
"('power_rating', 'bmi', 'life_exp', 'qol', 'num_play_dom', 'mv_play_int', 'dom_int_mv_ratio', 'dom_perc', 'int_perc')",0.591974569
"('power_rating', 'gdp_usd', 'mv_usd', 'bmi', 'qol', 'mv_play_dom', 'num_play_dom', 'mv_play_int', 'dom_perc')",0.591972811
"('power_rating', 'gdp_usd', 'mv_usd', 'bmi', 'qol', 'mv_play_dom', 'num_play_dom', 'mv_play_int', 'int_perc')",0.591972811
"('power_rating', 'gdp_usd', 'mv_usd', 'bmi', 'qol', 'mv_play_dom', 'num_play_dom', 'mv_play_int', 'dom_perc', 'int_perc')",0.591972811
"('power_rating', 'gdp_usd', 'mv_usd', 'life_exp', 'qol', 'mv_play_dom', 'num_play_dom', 'mv_play_int', 'dom_perc')",0.591965189
"('power_rating', 'gdp_usd', 'mv_usd', 'life_exp', 'qol', 'mv_play_dom', 'num_play_dom', 'mv_play_int', 'int_perc')",0.591965189
"('power_rating', 'gdp_usd', 'mv_usd', 'life_exp', 'qol', 'mv_play_dom', 'num_play_dom', 'mv_play_int', 'dom_perc', 'int_perc')",0.591965189
"('power_rating', 'gdp_usd', 'mv_usd', 'bmi', 'life_exp', 'qol', 'num_play_dom', 'mv_play_int', 'dom_perc')",0.591950625
"('power_rating', 'gdp_usd', 'mv_usd', 'bmi', 'life_exp', 'qol', 'num_play_dom', 'mv_play_int', 'int_perc')",0.591950625
"('power_rating', 'gdp_usd', 'mv_usd', 'bmi', 'life_exp', 'qol', 'num_play_dom', 'mv_play_int', 'dom_perc', 'int_perc')",0.591950625
"('power_rating', 'gdp_usd', 'mv_usd', 'bmi', 'life_exp', 'qol', 'mv_play_dom', 'num_play_dom', 'mv_play_int')",0.591872672
"('elo_rating', 'bmi', 'life_exp', 'mv_play_dom', 'dom_int_mv_ratio', 'dom_perc')",0.59186005
"('elo_rating', 'bmi', 'life_exp', 'mv_play_dom', 'dom_int_mv_ratio', 'int_perc')",0.59186005
"('elo_rating', 'bmi', 'life_exp', 'mv_play_dom', 'dom_int_mv_ratio', 'dom_perc', 'int_perc')",0.59186005
"('power_rating', 'mv_usd', 'elo_rating', 'life_exp', 'mv_play_dom', 'num_play_int', 'dom_int_mv_ratio', 'dom_perc')",0.591821708
"('power_rating', 'mv_usd', 'elo_rating', 'life_exp', 'mv_play_dom', 'num_play_int', 'dom_int_mv_ratio', 'int_perc')",0.591821708
"('power_rating', 'mv_usd', 'elo_rating', 'life_exp', 'mv_play_dom', 'num_play_int', 'dom_int_mv_ratio', 'dom_perc', 'int_perc')",0.591821708
"('power_rating', 'mv_usd', 'life_exp', 'qol', 'mv_play_dom', 'num_play_dom', 'mv_play_int', 'dom_int_mv_ratio', 'dom_perc')",0.591801575
"('power_rating', 'mv_usd', 'life_exp', 'qol', 'mv_play_dom', 'num_play_dom', 'mv_play_int', 'dom_int_mv_ratio', 'int_perc')",0.591801575
"('power_rating', 'mv_usd', 'life_exp', 'qol', 'mv_play_dom', 'num_play_dom', 'mv_play_int', 'dom_int_mv_ratio', 'dom_perc', 'int_perc')",0.591801575
"('power_rating', 'mv_usd', 'life_exp', 'qol', 'num_play_dom', 'mv_play_int', 'dom_int_mv_ratio', 'dom_perc')",0.591769531
"('power_rating', 'mv_usd', 'life_exp', 'qol', 'num_play_dom', 'mv_play_int', 'dom_int_mv_ratio', 'int_perc')",0.591769531
"('power_rating', 'mv_usd', 'life_exp', 'qol', 'num_play_dom', 'mv_play_int', 'dom_int_mv_ratio', 'dom_perc', 'int_perc')",0.591769531
"('elo_rating', 'life_exp', 'mv_play_dom', 'dom_int_mv_ratio', 'dom_perc')",0.591741434
"('elo_rating', 'life_exp', 'mv_play_dom', 'dom_int_mv_ratio', 'int_perc')",0.591741434
"('elo_rating', 'life_exp', 'mv_play_dom', 'dom_int_mv_ratio', 'dom_perc', 'int_perc')",0.591741434
"('power_rating', 'gdp_usd', 'elo_rating', 'qol', 'num_play_int', 'dom_int_mv_ratio', 'dom_perc')",0.591736928
"('power_rating', 'gdp_usd', 'elo_rating', 'qol', 'num_play_int', 'dom_int_mv_ratio', 'int_perc')",0.591736928
"('power_rating', 'gdp_usd', 'elo_rating', 'qol', 'num_play_int', 'dom_int_mv_ratio', 'dom_perc', 'int_perc')",0.591736928
"('power_rating', 'gdp_usd', 'mv_usd', 'qol', 'mv_play_dom', 'num_play_dom', 'mv_play_int', 'dom_int_mv_ratio')",0.591693195
"('elo_rating', 'bmi', 'mv_play_dom', 'dom_int_mv_ratio', 'dom_perc')",0.591633029
"('elo_rating', 'bmi', 'mv_play_dom', 'dom_int_mv_ratio', 'int_perc')",0.591633029
"('elo_rating', 'bmi', 'mv_play_dom', 'dom_int_mv_ratio', 'dom_perc', 'int_perc')",0.591633029
"('power_rating', 'gdp_usd', 'bmi', 'life_exp', 'qol', 'mv_play_dom', 'num_play_dom', 'mv_play_int', 'dom_int_mv_ratio')",0.591538912
"('power_rating', 'life_exp', 'qol', 'mv_play_dom', 'num_play_dom', 'mv_play_int', 'dom_int_mv_ratio', 'dom_perc')",0.591535555
"('power_rating', 'life_exp', 'qol', 'mv_play_dom', 'num_play_dom', 'mv_play_int', 'dom_int_mv_ratio', 'int_perc')",0.591535555
"('power_rating', 'life_exp', 'qol', 'mv_play_dom', 'num_play_dom', 'mv_play_int', 'dom_int_mv_ratio', 'dom_perc', 'int_perc')",0.591535555
"('power_rating', 'mv_usd', 'elo_rating', 'bmi', 'life_exp', 'mv_play_dom', 'mv_play_int', 'dom_int_mv_ratio')",0.591496457
"('power_rating', 'gdp_usd', 'elo_rating', 'bmi', 'life_exp', 'mv_play_dom', 'mv_play_int', 'dom_int_mv_ratio')",0.591461694
"('power_rating', 'gdp_usd', 'elo_rating', 'life_exp', 'mv_play_dom', 'mv_play_int', 'dom_int_mv_ratio')",0.591386315
"('power_rating', 'elo_rating', 'bmi', 'life_exp', 'qol', 'mv_play_dom', 'num_play_dom', 'dom_int_mv_ratio', 'dom_perc')",0.591369039
"('power_rating', 'elo_rating', 'bmi', 'life_exp', 'qol', 'mv_play_dom', 'num_play_dom', 'dom_int_mv_ratio', 'int_perc')",0.591369039
"('power_rating', 'elo_rating', 'bmi', 'life_exp', 'qol', 'mv_play_dom', 'num_play_dom', 'dom_int_mv_ratio', 'dom_perc', 'int_perc')",0.591369039
"('elo_rating', 'bmi', 'qol', 'mv_play_int', 'dom_int_mv_ratio', 'dom_perc')",0.591359242
"('elo_rating', 'bmi', 'qol', 'mv_play_int', 'dom_int_mv_ratio', 'dom_perc', 'int_perc')",0.591359242
"('elo_rating', 'bmi', 'qol', 'mv_play_int', 'dom_int_mv_ratio', 'int_perc')",0.591359242
"('power_rating', 'mv_usd', 'elo_rating', 'mv_play_int', 'num_play_int', 'dom_int_mv_ratio', 'dom_perc')",0.591292393
"('power_rating', 'mv_usd', 'elo_rating', 'mv_play_int', 'num_play_int', 'dom_int_mv_ratio', 'int_perc')",0.591292393
"('power_rating', 'mv_usd', 'elo_rating', 'mv_play_int', 'num_play_int', 'dom_int_mv_ratio', 'dom_perc', 'int_perc')",0.591292393
"('power_rating', 'elo_rating', 'life_exp', 'qol', 'mv_play_dom', 'mv_play_int')",0.591265617
"('power_rating', 'gdp_usd', 'bmi', 'qol', 'mv_play_dom', 'num_play_dom', 'mv_play_int', 'dom_int_mv_ratio', 'dom_perc')",0.591261842
"('power_rating', 'gdp_usd', 'bmi', 'qol', 'mv_play_dom', 'num_play_dom', 'mv_play_int', 'dom_int_mv_ratio', 'int_perc')",0.591261842
"('power_rating', 'gdp_usd', 'bmi', 'qol', 'mv_play_dom', 'num_play_dom', 'mv_play_int', 'dom_int_mv_ratio', 'dom_perc', 'int_perc')",0.591261842
"('power_rating', 'gdp_usd', 'mv_usd', 'elo_rating', 'qol', 'mv_play_dom', 'dom_int_mv_ratio', 'dom_perc')",0.59124358
"('power_rating', 'gdp_usd', 'mv_usd', 'elo_rating', 'qol', 'mv_play_dom', 'dom_int_mv_ratio', 'int_perc')",0.59124358
"('power_rating', 'gdp_usd', 'mv_usd', 'elo_rating', 'qol', 'mv_play_dom', 'dom_int_mv_ratio', 'dom_perc', 'int_perc')",0.59124358
"('power_rating', 'mv_usd', 'elo_rating', 'life_exp', 'qol', 'mv_play_int', 'dom_int_mv_ratio')",0.591240077
"('power_rating', 'mv_usd', 'elo_rating', 'life_exp', 'mv_play_dom', 'mv_play_int', 'dom_int_mv_ratio')",0.591237271
"('power_rating', 'elo_rating', 'life_exp', 'qol', 'mv_play_dom', 'num_play_dom', 'dom_int_mv_ratio', 'dom_perc')",0.591234714
"('power_rating', 'elo_rating', 'life_exp', 'qol', 'mv_play_dom', 'num_play_dom', 'dom_int_mv_ratio', 'int_perc')",0.591234714
"('power_rating', 'elo_rating', 'life_exp', 'qol', 'mv_play_dom', 'num_play_dom', 'dom_int_mv_ratio', 'dom_perc', 'int_perc')",0.591234714
"('gdp_usd', 'mv_usd', 'bmi', 'life_exp', 'qol', 'mv_play_dom', 'num_play_dom', 'mv_play_int', 'num_play_int', 'dom_perc')",0.591200599
"('gdp_usd', 'mv_usd', 'bmi', 'life_exp', 'qol', 'mv_play_dom', 'num_play_dom', 'mv_play_int', 'num_play_int', 'int_perc')",0.591200599
"('gdp_usd', 'mv_usd', 'bmi', 'life_exp', 'qol', 'mv_play_dom', 'num_play_dom', 'mv_play_int', 'num_play_int', 'dom_perc', 'int_perc')",0.591200599
"('power_rating', 'bmi', 'life_exp', 'qol', 'num_play_dom', 'num_play_int', 'dom_int_mv_ratio', 'dom_perc')",0.591190964
"('power_rating', 'bmi', 'life_exp', 'qol', 'num_play_dom', 'num_play_int', 'dom_int_mv_ratio', 'int_perc')",0.591190964
"('power_rating', 'bmi', 'life_exp', 'qol', 'num_play_dom', 'num_play_int', 'dom_int_mv_ratio', 'dom_perc', 'int_perc')",0.591190964
"('elo_rating', 'mv_play_dom', 'dom_int_mv_ratio', 'dom_perc')",0.591137105
"('elo_rating', 'mv_play_dom', 'dom_int_mv_ratio', 'int_perc')",0.591137105
"('elo_rating', 'mv_play_dom', 'dom_int_mv_ratio', 'dom_perc', 'int_perc')",0.591137105
"('power_rating', 'life_exp', 'qol', 'num_play_dom', 'mv_play_int', 'dom_int_mv_ratio', 'dom_perc')",0.59112549
"('power_rating', 'life_exp', 'qol', 'num_play_dom', 'mv_play_int', 'dom_int_mv_ratio', 'int_perc')",0.59112549
"('power_rating', 'life_exp', 'qol', 'num_play_dom', 'mv_play_int', 'dom_int_mv_ratio', 'dom_perc', 'int_perc')",0.59112549
"('power_rating', 'elo_rating', 'mv_play_int', 'num_play_int', 'dom_int_mv_ratio', 'dom_perc')",0.591096577
"('power_rating', 'elo_rating', 'mv_play_int', 'num_play_int', 'dom_int_mv_ratio', 'int_perc')",0.591096577
"('power_rating', 'elo_rating', 'mv_play_int', 'num_play_int', 'dom_int_mv_ratio', 'dom_perc', 'int_perc')",0.591096577
"('power_rating', 'gdp_usd', 'mv_usd', 'bmi', 'qol', 'mv_play_dom', 'num_play_dom', 'mv_play_int')",0.591074786
"('power_rating', 'gdp_usd', 'elo_rating', 'bmi', 'life_exp', 'mv_play_dom', 'mv_play_int', 'dom_perc')",0.591007104
"('power_rating', 'gdp_usd', 'elo_rating', 'bmi', 'life_exp', 'mv_play_dom', 'mv_play_int', 'int_perc')",0.591007104
"('power_rating', 'gdp_usd', 'elo_rating', 'bmi', 'life_exp', 'mv_play_dom', 'mv_play_int', 'dom_perc', 'int_perc')",0.591007104
"('power_rating', 'gdp_usd', 'mv_usd', 'qol', 'num_play_dom', 'mv_play_int', 'dom_int_mv_ratio', 'dom_perc')",0.591000387
"('power_rating', 'gdp_usd', 'mv_usd', 'qol', 'num_play_dom', 'mv_play_int', 'dom_int_mv_ratio', 'int_perc')",0.591000387
"('power_rating', 'gdp_usd', 'mv_usd', 'qol', 'num_play_dom', 'mv_play_int', 'dom_int_mv_ratio', 'dom_perc', 'int_perc')",0.591000387
"('power_rating', 'gdp_usd', 'bmi', 'life_exp', 'num_play_dom', 'num_play_int', 'dom_int_mv_ratio', 'dom_perc')",0.590945667
"('power_rating', 'gdp_usd', 'bmi', 'life_exp', 'num_play_dom', 'num_play_int', 'dom_int_mv_ratio', 'int_perc')",0.590945667
"('power_rating', 'gdp_usd', 'bmi', 'life_exp', 'num_play_dom', 'num_play_int', 'dom_int_mv_ratio', 'dom_perc', 'int_perc')",0.590945667
"('power_rating', 'gdp_usd', 'mv_usd', 'elo_rating', 'bmi', 'qol', 'mv_play_int')",0.59094162
"('power_rating', 'gdp_usd', 'elo_rating', 'bmi', 'qol', 'mv_play_int')",0.590939278
"('power_rating', 'gdp_usd', 'mv_usd', 'elo_rating', 'qol', 'mv_play_int')",0.590925638
"('power_rating', 'gdp_usd', 'elo_rating', 'qol', 'mv_play_int')",0.590924425
"('power_rating', 'gdp_usd', 'elo_rating', 'bmi', 'qol', 'mv_play_dom', 'num_play_dom', 'dom_int_mv_ratio', 'dom_perc')",0.590920042
"('power_rating', 'gdp_usd', 'elo_rating', 'bmi', 'qol', 'mv_play_dom', 'num_play_dom', 'dom_int_mv_ratio', 'int_perc')",0.590920042
"('power_rating', 'gdp_usd', 'elo_rating', 'bmi', 'qol', 'mv_play_dom', 'num_play_dom', 'dom_int_mv_ratio', 'dom_perc', 'int_perc')",0.590920042
"('power_rating', 'gdp_usd', 'elo_rating', 'qol', 'mv_play_dom', 'num_play_dom', 'dom_int_mv_ratio', 'int_perc')",0.590915046
"('power_rating', 'gdp_usd', 'elo_rating', 'qol', 'mv_play_dom', 'num_play_dom', 'dom_int_mv_ratio', 'dom_perc')",0.590915046
"('power_rating', 'gdp_usd', 'elo_rating', 'qol', 'mv_play_dom', 'num_play_dom', 'dom_int_mv_ratio', 'dom_perc', 'int_perc')",0.590915046
"('power_rating', 'gdp_usd', 'mv_usd', 'elo_rating', 'bmi', 'mv_play_dom', 'mv_play_int', 'num_play_int', 'dom_int_mv_ratio')",0.590909956
"('power_rating', 'gdp_usd', 'mv_usd', 'elo_rating', 'bmi', 'life_exp', 'mv_play_dom', 'mv_play_int')",0.590908752
"('power_rating', 'mv_usd', 'elo_rating', 'bmi', 'qol', 'mv_play_dom', 'dom_int_mv_ratio', 'dom_perc')",0.590904883
"('power_rating', 'mv_usd', 'elo_rating', 'bmi', 'qol', 'mv_play_dom', 'dom_int_mv_ratio', 'int_perc')",0.590904883
"('power_rating', 'mv_usd', 'elo_rating', 'bmi', 'qol', 'mv_play_dom', 'dom_int_mv_ratio', 'dom_perc', 'int_perc')",0.590904883
"('power_rating', 'mv_usd', 'qol', 'mv_play_dom', 'num_play_dom', 'num_play_int', 'dom_perc')",0.590861687
"('power_rating', 'mv_usd', 'qol', 'mv_play_dom', 'num_play_dom', 'num_play_int', 'int_perc')",0.590861687
"('power_rating', 'mv_usd', 'qol', 'mv_play_dom', 'num_play_dom', 'num_play_int', 'dom_perc', 'int_perc')",0.590861687
"('gdp_usd', 'mv_usd', 'bmi', 'life_exp', 'qol', 'mv_play_dom', 'num_play_dom', 'mv_play_int', 'dom_int_mv_ratio', 'dom_perc')",0.590849678
"('gdp_usd', 'mv_usd', 'bmi', 'life_exp', 'qol', 'mv_play_dom', 'num_play_dom', 'mv_play_int', 'dom_int_mv_ratio', 'int_perc')",0.590849678
"('gdp_usd', 'mv_usd', 'bmi', 'life_exp', 'qol', 'mv_play_dom', 'num_play_dom', 'mv_play_int', 'dom_int_mv_ratio', 'dom_perc', 'int_perc')",0.590849678
"('gdp_usd', 'mv_usd', 'life_exp', 'qol', 'mv_play_dom', 'num_play_dom', 'mv_play_int', 'dom_int_mv_ratio', 'dom_perc')",0.590815898
"('gdp_usd', 'mv_usd', 'life_exp', 'qol', 'mv_play_dom', 'num_play_dom', 'mv_play_int', 'dom_int_mv_ratio', 'int_perc')",0.590815898
"('gdp_usd', 'mv_usd', 'life_exp', 'qol', 'mv_play_dom', 'num_play_dom', 'mv_play_int', 'dom_int_mv_ratio', 'dom_perc', 'int_perc')",0.590815898
"('elo_rating', 'bmi', 'life_exp', 'mv_play_dom', 'dom_perc')",0.590811752
"('elo_rating', 'bmi', 'life_exp', 'mv_play_dom', 'int_perc')",0.590811752
"('elo_rating', 'bmi', 'life_exp', 'mv_play_dom', 'dom_perc', 'int_perc')",0.590811752
"('power_rating', 'gdp_usd', 'mv_usd', 'mv_play_dom', 'mv_play_int', 'num_play_int', 'dom_int_mv_ratio', 'dom_perc')",0.590741995
"('power_rating', 'gdp_usd', 'mv_usd', 'mv_play_dom', 'mv_play_int', 'num_play_int', 'dom_int_mv_ratio', 'int_perc')",0.590741995
"('power_rating', 'gdp_usd', 'mv_usd', 'mv_play_dom', 'mv_play_int', 'num_play_int', 'dom_int_mv_ratio', 'dom_perc', 'int_perc')",0.590741995
"('power_rating', 'gdp_usd', 'life_exp', 'qol', 'mv_play_dom', 'num_play_dom', 'mv_play_int', 'dom_int_mv_ratio')",0.590723193
"('power_rating', 'gdp_usd', 'mv_play_dom', 'mv_play_int', 'num_play_int', 'dom_int_mv_ratio', 'dom_perc')",0.590636841
"('power_rating', 'gdp_usd', 'mv_play_dom', 'mv_play_int', 'num_play_int', 'dom_int_mv_ratio', 'int_perc')",0.590636841
"('power_rating', 'gdp_usd', 'mv_play_dom', 'mv_play_int', 'num_play_int', 'dom_int_mv_ratio', 'dom_perc', 'int_perc')",0.590636841
"('power_rating', 'gdp_usd', 'mv_usd', 'bmi', 'life_exp', 'qol', 'num_play_dom', 'mv_play_int')",0.590622696
"('power_rating', 'gdp_usd', 'mv_usd', 'life_exp', 'qol', 'mv_play_dom', 'num_play_dom', 'mv_play_int')",0.590574541
"('elo_rating', 'life_exp', 'mv_play_dom', 'dom_perc')",0.590573215
"('elo_rating', 'life_exp', 'mv_play_dom', 'int_perc')",0.590573215
"('elo_rating', 'life_exp', 'mv_play_dom', 'dom_perc', 'int_perc')",0.590573215
"('power_rating', 'gdp_usd', 'mv_usd', 'elo_rating', 'bmi', 'life_exp', 'mv_play_int', 'dom_perc')",0.590570298
"('power_rating', 'gdp_usd', 'mv_usd', 'elo_rating', 'bmi', 'life_exp', 'mv_play_int', 'int_perc')",0.590570298
"('power_rating', 'gdp_usd', 'mv_usd', 'elo_rating', 'bmi', 'life_exp', 'mv_play_int', 'dom_perc', 'int_perc')",0.590570298
"('power_rating', 'gdp_usd', 'mv_usd', 'qol', 'num_play_dom', 'mv_play_int', 'dom_int_mv_ratio')",0.590519547
"('elo_rating', 'bmi', 'mv_play_dom', 'dom_perc')",0.590421116
"('elo_rating', 'bmi', 'mv_play_dom', 'int_perc')",0.590421116
"('elo_rating', 'bmi', 'mv_play_dom', 'dom_perc', 'int_perc')",0.590421116
"('power_rating', 'mv_usd', 'qol', 'num_play_dom', 'num_play_int', 'dom_perc')",0.590366513
"('power_rating', 'mv_usd', 'qol', 'num_play_dom', 'num_play_int', 'int_perc')",0.590366513
"('power_rating', 'mv_usd', 'qol', 'num_play_dom', 'num_play_int', 'dom_perc', 'int_perc')",0.590366513
"('power_rating', 'gdp_usd', 'mv_usd', 'elo_rating', 'life_exp', 'mv_play_dom', 'mv_play_int')",0.590362887
"('gdp_usd', 'mv_usd', 'elo_rating', 'life_exp', 'qol', 'mv_play_dom', 'num_play_dom', 'num_play_int', 'dom_perc')",0.590360427
"('gdp_usd', 'mv_usd', 'elo_rating', 'life_exp', 'qol', 'mv_play_dom', 'num_play_dom', 'num_play_int', 'int_perc')",0.590360427
"('gdp_usd', 'mv_usd', 'elo_rating', 'life_exp', 'qol', 'mv_play_dom', 'num_play_dom', 'num_play_int', 'dom_perc', 'int_perc')",0.590360427
"('gdp_usd', 'mv_usd', 'elo_rating', 'life_exp', 'qol', 'mv_play_dom', 'num_play_dom', 'num_play_int')",0.590359581
"('power_rating', 'gdp_usd', 'mv_usd', 'mv_play_int', 'num_play_int', 'dom_int_mv_ratio', 'dom_perc')",0.590356237
"('power_rating', 'gdp_usd', 'mv_usd', 'mv_play_int', 'num_play_int', 'dom_int_mv_ratio', 'int_perc')",0.590356237
"('power_rating', 'gdp_usd', 'mv_usd', 'mv_play_int', 'num_play_int', 'dom_int_mv_ratio', 'dom_perc', 'int_perc')",0.590356237
"('power_rating', 'gdp_usd', 'elo_rating', 'bmi', 'life_exp', 'mv_play_int', 'dom_perc')",0.590341994
"('power_rating', 'gdp_usd', 'elo_rating', 'bmi', 'life_exp', 'mv_play_int', 'int_perc')",0.590341994
"('power_rating', 'gdp_usd', 'elo_rating', 'bmi', 'life_exp', 'mv_play_int', 'dom_perc', 'int_perc')",0.590341994
"('power_rating', 'gdp_usd', 'mv_usd', 'life_exp', 'qol', 'num_play_dom', 'mv_play_int', 'dom_perc')",0.590315512
"('power_rating', 'gdp_usd', 'mv_usd', 'life_exp', 'qol', 'num_play_dom', 'mv_play_int', 'int_perc')",0.590315512
"('power_rating', 'gdp_usd', 'mv_usd', 'life_exp', 'qol', 'num_play_dom', 'mv_play_int', 'dom_perc', 'int_perc')",0.590315512
"('power_rating', 'mv_usd', 'elo_rating', 'qol', 'mv_play_dom', 'dom_int_mv_ratio', 'dom_perc')",0.590271154
"('power_rating', 'mv_usd', 'elo_rating', 'qol', 'mv_play_dom', 'dom_int_mv_ratio', 'int_perc')",0.590271154
"('power_rating', 'mv_usd', 'elo_rating', 'qol', 'mv_play_dom', 'dom_int_mv_ratio', 'dom_perc', 'int_perc')",0.590271154
"('power_rating', 'elo_rating', 'life_exp', 'mv_play_dom', 'num_play_int', 'dom_int_mv_ratio', 'dom_perc')",0.590170728
"('power_rating', 'elo_rating', 'life_exp', 'mv_play_dom', 'num_play_int', 'dom_int_mv_ratio', 'int_perc')",0.590170728
"('power_rating', 'elo_rating', 'life_exp', 'mv_play_dom', 'num_play_int', 'dom_int_mv_ratio', 'dom_perc', 'int_perc')",0.590170728
"('power_rating', 'gdp_usd', 'bmi', 'qol', 'num_play_dom', 'mv_play_int', 'dom_int_mv_ratio', 'dom_perc')",0.590133486
"('power_rating', 'gdp_usd', 'bmi', 'qol', 'num_play_dom', 'mv_play_int', 'dom_int_mv_ratio', 'int_perc')",0.590133486
"('power_rating', 'gdp_usd', 'bmi', 'qol', 'num_play_dom', 'mv_play_int', 'dom_int_mv_ratio', 'dom_perc', 'int_perc')",0.590133486
"('power_rating', 'gdp_usd', 'mv_play_int', 'num_play_int', 'dom_int_mv_ratio', 'dom_perc')",0.590019863
"('power_rating', 'gdp_usd', 'mv_play_int', 'num_play_int', 'dom_int_mv_ratio', 'int_perc')",0.590019863
"('power_rating', 'gdp_usd', 'mv_play_int', 'num_play_int', 'dom_int_mv_ratio', 'dom_perc', 'int_perc')",0.590019863
"('power_rating', 'mv_usd', 'elo_rating', 'qol', 'num_play_int', 'dom_int_mv_ratio', 'dom_perc')",0.59000543
"('power_rating', 'mv_usd', 'elo_rating', 'qol', 'num_play_int', 'dom_int_mv_ratio', 'int_perc')",0.59000543
"('power_rating', 'mv_usd', 'elo_rating', 'qol', 'num_play_int', 'dom_int_mv_ratio', 'dom_perc', 'int_perc')",0.59000543
"('gdp_usd', 'mv_usd', 'bmi', 'life_exp', 'qol', 'mv_play_dom', 'num_play_dom', 'mv_play_int', 'num_play_int')",0.589952152
"('power_rating', 'elo_rating', 'qol', 'num_play_int', 'dom_int_mv_ratio', 'dom_perc')",0.589910728
"('power_rating', 'elo_rating', 'qol', 'num_play_int', 'dom_int_mv_ratio', 'int_perc')",0.589910728
"('power_rating', 'elo_rating', 'qol', 'num_play_int', 'dom_int_mv_ratio', 'dom_perc', 'int_perc')",0.589910728
"('power_rating', 'mv_usd', 'elo_rating', 'bmi', 'mv_play_dom', 'mv_play_int', 'num_play_int', 'dom_int_mv_ratio')",0.5898818
"('power_rating', 'life_exp', 'mv_play_dom', 'num_play_dom', 'num_play_int', 'dom_perc')",0.589828387
"('power_rating', 'life_exp', 'mv_play_dom', 'num_play_dom', 'num_play_int', 'int_perc')",0.589828387
"('power_rating', 'life_exp', 'mv_play_dom', 'num_play_dom', 'num_play_int', 'dom_perc', 'int_perc')",0.589828387
"('power_rating', 'gdp_usd', 'mv_usd', 'elo_rating', 'bmi', 'mv_play_dom', 'num_play_dom', 'mv_play_int', 'dom_int_mv_ratio', 'dom_perc')",0.589789495
"('power_rating', 'gdp_usd', 'mv_usd', 'elo_rating', 'bmi', 'mv_play_dom', 'num_play_dom', 'mv_play_int', 'dom_int_mv_ratio', 'int_perc')",0.589789495
"('power_rating', 'gdp_usd', 'mv_usd', 'elo_rating', 'bmi', 'mv_play_dom', 'num_play_dom', 'mv_play_int', 'dom_int_mv_ratio', 'dom_perc', 'int_perc')",0.589789495
"('power_rating', 'life_exp', 'qol', 'num_play_dom', 'num_play_int', 'dom_int_mv_ratio', 'dom_perc')",0.58978766
"('power_rating', 'life_exp', 'qol', 'num_play_dom', 'num_play_int', 'dom_int_mv_ratio', 'int_perc')",0.58978766
"('power_rating', 'life_exp', 'qol', 'num_play_dom', 'num_play_int', 'dom_int_mv_ratio', 'dom_perc', 'int_perc')",0.58978766
"('power_rating', 'gdp_usd', 'bmi', 'qol', 'mv_play_dom', 'num_play_dom', 'mv_play_int', 'dom_int_mv_ratio')",0.589778627
"('power_rating', 'gdp_usd', 'mv_usd', 'elo_rating', 'bmi', 'mv_play_dom', 'num_play_dom', 'mv_play_int', 'dom_int_mv_ratio')",0.58975614
"('power_rating', 'gdp_usd', 'mv_usd', 'qol', 'mv_play_dom', 'num_play_dom', 'mv_play_int', 'dom_perc')",0.589715374
"('power_rating', 'gdp_usd', 'mv_usd', 'qol', 'mv_play_dom', 'num_play_dom', 'mv_play_int', 'int_perc')",0.589715374
"('power_rating', 'gdp_usd', 'mv_usd', 'qol', 'mv_play_dom', 'num_play_dom', 'mv_play_int', 'dom_perc', 'int_perc')",0.589715374
"('gdp_usd', 'mv_usd', 'life_exp', 'qol', 'mv_play_dom', 'num_play_dom', 'mv_play_int', 'num_play_int', 'dom_perc')",0.589705048
"('gdp_usd', 'mv_usd', 'life_exp', 'qol', 'mv_play_dom', 'num_play_dom', 'mv_play_int', 'num_play_int', 'int_perc')",0.589705048
"('gdp_usd', 'mv_usd', 'life_exp', 'qol', 'mv_play_dom', 'num_play_dom', 'mv_play_int', 'num_play_int', 'dom_perc', 'int_perc')",0.589705048
"('power_rating', 'mv_usd', 'elo_rating', 'bmi', 'mv_play_dom', 'num_play_dom', 'mv_play_int', 'dom_int_mv_ratio', 'dom_perc')",0.589681079
"('power_rating', 'mv_usd', 'elo_rating', 'bmi', 'mv_play_dom', 'num_play_dom', 'mv_play_int', 'dom_int_mv_ratio', 'int_perc')",0.589681079
"('power_rating', 'mv_usd', 'elo_rating', 'bmi', 'mv_play_dom', 'num_play_dom', 'mv_play_int', 'dom_int_mv_ratio', 'dom_perc', 'int_perc')",0.589681079
"('mv_usd', 'bmi', 'mv_play_int', 'num_play_int', 'dom_perc')",0.589670237
"('mv_usd', 'bmi', 'mv_play_int', 'num_play_int', 'int_perc')",0.589670237
"('mv_usd', 'bmi', 'mv_play_int', 'num_play_int', 'dom_perc', 'int_perc')",0.589670237
"('mv_usd', 'mv_play_int', 'num_play_int', 'dom_perc')",0.589633276
"('mv_usd', 'mv_play_int', 'num_play_int', 'int_perc')",0.589633276
"('mv_usd', 'mv_play_int', 'num_play_int', 'dom_perc', 'int_perc')",0.589633276
"('mv_usd', 'bmi', 'life_exp', 'qol', 'mv_play_int', 'dom_int_mv_ratio')",0.589629319
"('power_rating', 'gdp_usd', 'elo_rating', 'mv_play_dom', 'num_play_dom', 'mv_play_int', 'num_play_int', 'dom_perc')",0.589607728
"('power_rating', 'gdp_usd', 'elo_rating', 'mv_play_dom', 'num_play_dom', 'mv_play_int', 'num_play_int', 'int_perc')",0.589607728
"('power_rating', 'gdp_usd', 'elo_rating', 'mv_play_dom', 'num_play_dom', 'mv_play_int', 'num_play_int', 'dom_perc', 'int_perc')",0.589607728
"('power_rating', 'mv_usd', 'elo_rating', 'bmi', 'mv_play_dom', 'num_play_dom', 'mv_play_int', 'dom_int_mv_ratio')",0.589593403
"('power_rating', 'gdp_usd', 'mv_usd', 'bmi', 'qol', 'num_play_dom', 'mv_play_int', 'dom_perc')",0.589577803
"('power_rating', 'gdp_usd', 'mv_usd', 'bmi', 'qol', 'num_play_dom', 'mv_play_int', 'int_perc')",0.589577803
"('power_rating', 'gdp_usd', 'mv_usd', 'bmi', 'qol', 'num_play_dom', 'mv_play_int', 'dom_perc', 'int_perc')",0.589577803
"('mv_usd', 'life_exp', 'qol', 'mv_play_int', 'dom_int_mv_ratio')",0.589567738
"('power_rating', 'mv_usd', 'elo_rating', 'bmi', 'qol', 'mv_play_int', 'dom_int_mv_ratio')",0.589472442
"('power_rating', 'gdp_usd', 'elo_rating', 'life_exp', 'mv_play_dom', 'mv_play_int', 'dom_perc')",0.589446368
"('power_rating', 'gdp_usd', 'elo_rating', 'life_exp', 'mv_play_dom', 'mv_play_int', 'int_perc')",0.589446368
"('power_rating', 'gdp_usd', 'elo_rating', 'life_exp', 'mv_play_dom', 'mv_play_int', 'dom_perc', 'int_perc')",0.589446368
"('power_rating', 'gdp_usd', 'elo_rating', 'bmi', 'life_exp', 'qol', 'mv_play_dom', 'dom_int_mv_ratio', 'dom_perc')",0.589419912
"('power_rating', 'gdp_usd', 'elo_rating', 'bmi', 'life_exp', 'qol', 'mv_play_dom', 'dom_int_mv_ratio', 'int_perc')",0.589419912
"('power_rating', 'gdp_usd', 'elo_rating', 'bmi', 'life_exp', 'qol', 'mv_play_dom', 'dom_int_mv_ratio', 'dom_perc', 'int_perc')",0.589419912
"('power_rating', 'elo_rating', 'bmi', 'life_exp', 'qol', 'mv_play_dom', 'dom_int_mv_ratio', 'dom_perc')",0.589400996
"('power_rating', 'elo_rating', 'bmi', 'life_exp', 'qol', 'mv_play_dom', 'dom_int_mv_ratio', 'int_perc')",0.589400996
"('power_rating', 'elo_rating', 'bmi', 'life_exp', 'qol', 'mv_play_dom', 'dom_int_mv_ratio', 'dom_perc', 'int_perc')",0.589400996
"('elo_rating', 'mv_play_dom', 'dom_perc')",0.589397604
"('elo_rating', 'mv_play_dom', 'int_perc')",0.589397604
"('elo_rating', 'mv_play_dom', 'dom_perc', 'int_perc')",0.589397604
"('power_rating', 'mv_usd', 'bmi', 'qol', 'mv_play_dom', 'num_play_dom', 'mv_play_int', 'dom_int_mv_ratio', 'dom_perc')",0.589393665
"('power_rating', 'mv_usd', 'bmi', 'qol', 'mv_play_dom', 'num_play_dom', 'mv_play_int', 'dom_int_mv_ratio', 'int_perc')",0.589393665
"('power_rating', 'mv_usd', 'bmi', 'qol', 'mv_play_dom', 'num_play_dom', 'mv_play_int', 'dom_int_mv_ratio', 'dom_perc', 'int_perc')",0.589393665
"('mv_usd', 'bmi', 'life_exp', 'qol', 'dom_int_mv_ratio')",0.58938668
"('power_rating', 'elo_rating', 'bmi', 'life_exp', 'mv_play_dom', 'mv_play_int', 'dom_int_mv_ratio')",0.589359478
"('power_rating', 'gdp_usd', 'elo_rating', 'life_exp', 'qol', 'mv_play_dom', 'dom_int_mv_ratio', 'dom_perc')",0.58935883
"('power_rating', 'gdp_usd', 'elo_rating', 'life_exp', 'qol', 'mv_play_dom', 'dom_int_mv_ratio', 'int_perc')",0.58935883
"('power_rating', 'gdp_usd', 'elo_rating', 'life_exp', 'qol', 'mv_play_dom', 'dom_int_mv_ratio', 'dom_perc', 'int_perc')",0.58935883
"('power_rating', 'elo_rating', 'life_exp', 'qol', 'mv_play_dom', 'dom_int_mv_ratio', 'dom_perc')",0.589352181
"('power_rating', 'elo_rating', 'life_exp', 'qol', 'mv_play_dom', 'dom_int_mv_ratio', 'int_perc')",0.589352181
"('power_rating', 'elo_rating', 'life_exp', 'qol', 'mv_play_dom', 'dom_int_mv_ratio', 'dom_perc', 'int_perc')",0.589352181
"('power_rating', 'gdp_usd', 'qol', 'mv_play_dom', 'num_play_dom', 'mv_play_int', 'dom_int_mv_ratio', 'dom_perc')",0.589344703
"('power_rating', 'gdp_usd', 'qol', 'mv_play_dom', 'num_play_dom', 'mv_play_int', 'dom_int_mv_ratio', 'int_perc')",0.589344703
"('power_rating', 'gdp_usd', 'qol', 'mv_play_dom', 'num_play_dom', 'mv_play_int', 'dom_int_mv_ratio', 'dom_perc', 'int_perc')",0.589344703
"('mv_usd', 'bmi', 'qol', 'mv_play_int', 'dom_int_mv_ratio')",0.589329582
"('mv_usd', 'qol', 'mv_play_int', 'dom_int_mv_ratio')",0.589320502
"('mv_usd', 'life_exp', 'qol', 'dom_int_mv_ratio')",0.589258077
"('power_rating', 'mv_usd', 'bmi', 'qol', 'num_play_dom', 'mv_play_int', 'dom_int_mv_ratio', 'dom_perc')",0.589242491
"('power_rating', 'mv_usd', 'bmi', 'qol', 'num_play_dom', 'mv_play_int', 'dom_int_mv_ratio', 'int_perc')",0.589242491
"('power_rating', 'mv_usd', 'bmi', 'qol', 'num_play_dom', 'mv_play_int', 'dom_int_mv_ratio', 'dom_perc', 'int_perc')",0.589242491
"('power_rating', 'mv_usd', 'bmi', 'life_exp', 'qol', 'mv_play_dom', 'num_play_dom', 'mv_play_int', 'dom_perc')",0.589207453
"('power_rating', 'mv_usd', 'bmi', 'life_exp', 'qol', 'mv_play_dom', 'num_play_dom', 'mv_play_int', 'int_perc')",0.589207453
"('power_rating', 'mv_usd', 'bmi', 'life_exp', 'qol', 'mv_play_dom', 'num_play_dom', 'mv_play_int', 'dom_perc', 'int_perc')",0.589207453
"('power_rating', 'gdp_usd', 'mv_usd', 'life_exp', 'qol', 'num_play_dom', 'mv_play_int')",0.589141034
"('mv_usd', 'bmi', 'qol', 'dom_int_mv_ratio')",0.589128884
"('power_rating', 'gdp_usd', 'mv_usd', 'qol', 'mv_play_dom', 'num_play_dom', 'mv_play_int')",0.589112887
"('mv_usd', 'qol', 'dom_int_mv_ratio')",0.589084486
"('power_rating', 'gdp_usd', 'mv_usd', 'bmi', 'qol', 'num_play_dom', 'mv_play_int')",0.589055264
"('power_rating', 'gdp_usd', 'mv_usd', 'elo_rating', 'bmi', 'life_exp', 'qol', 'mv_play_dom', 'num_play_int', 'dom_perc')",0.588997404
"('power_rating', 'gdp_usd', 'mv_usd', 'elo_rating', 'bmi', 'life_exp', 'qol', 'mv_play_dom', 'num_play_int', 'int_perc')",0.588997404
"('power_rating', 'gdp_usd', 'mv_usd', 'elo_rating', 'bmi', 'life_exp', 'qol', 'mv_play_dom', 'num_play_int', 'dom_perc', 'int_perc')",0.588997404
"('power_rating', 'mv_usd', 'bmi', 'life_exp', 'qol', 'num_play_dom', 'mv_play_int', 'dom_perc')",0.588911066
"('power_rating', 'mv_usd', 'bmi', 'life_exp', 'qol', 'num_play_dom', 'mv_play_int', 'int_perc')",0.588911066
"('power_rating', 'mv_usd', 'bmi', 'life_exp', 'qol', 'num_play_dom', 'mv_play_int', 'dom_perc', 'int_perc')",0.588911066
"('power_rating', 'elo_rating', 'bmi', 'life_exp', 'mv_play_dom', 'mv_play_int', 'dom_perc')",0.588847847
"('power_rating', 'elo_rating', 'bmi', 'life_exp', 'mv_play_dom', 'mv_play_int', 'int_perc')",0.588847847
"('power_rating', 'elo_rating', 'bmi', 'life_exp', 'mv_play_dom', 'mv_play_int', 'dom_perc', 'int_perc')",0.588847847
"('power_rating', 'elo_rating', 'life_exp', 'mv_play_dom', 'mv_play_int', 'dom_int_mv_ratio')",0.588742581
"('power_rating', 'bmi', 'qol', 'mv_play_dom', 'num_play_dom', 'mv_play_int', 'dom_int_mv_ratio', 'dom_perc')",0.588630503
"('power_rating', 'bmi', 'qol', 'mv_play_dom', 'num_play_dom', 'mv_play_int', 'dom_int_mv_ratio', 'int_perc')",0.588630503
"('power_rating', 'bmi', 'qol', 'mv_play_dom', 'num_play_dom', 'mv_play_int', 'dom_int_mv_ratio', 'dom_perc', 'int_perc')",0.588630503
"('power_rating', 'gdp_usd', 'bmi', 'life_exp', 'qol', 'mv_play_dom', 'num_play_dom', 'mv_play_int', 'dom_perc')",0.588587472
"('power_rating', 'gdp_usd', 'bmi', 'life_exp', 'qol', 'mv_play_dom', 'num_play_dom', 'mv_play_int', 'int_perc')",0.588587472
"('power_rating', 'gdp_usd', 'bmi', 'life_exp', 'qol', 'mv_play_dom', 'num_play_dom', 'mv_play_int', 'dom_perc', 'int_perc')",0.588587472
"('power_rating', 'gdp_usd', 'qol', 'num_play_dom', 'mv_play_int', 'dom_int_mv_ratio', 'dom_perc')",0.588497176
"('power_rating', 'gdp_usd', 'qol', 'num_play_dom', 'mv_play_int', 'dom_int_mv_ratio', 'int_perc')",0.588497176
"('power_rating', 'gdp_usd', 'qol', 'num_play_dom', 'mv_play_int', 'dom_int_mv_ratio', 'dom_perc', 'int_perc')",0.588497176
"('gdp_usd', 'mv_usd', 'elo_rating', 'bmi', 'life_exp', 'qol', 'mv_play_dom', 'num_play_dom', 'dom_int_mv_ratio', 'dom_perc')",0.588462378
"('gdp_usd', 'mv_usd', 'elo_rating', 'bmi', 'life_exp', 'qol', 'mv_play_dom', 'num_play_dom', 'dom_int_mv_ratio', 'int_perc')",0.588462378
"('gdp_usd', 'mv_usd', 'elo_rating', 'bmi', 'life_exp', 'qol', 'mv_play_dom', 'num_play_dom', 'dom_int_mv_ratio', 'dom_perc', 'int_perc')",0.588462378
"('gdp_usd', 'mv_usd', 'bmi', 'life_exp', 'qol', 'mv_play_dom', 'num_play_dom', 'dom_int_mv_ratio', 'dom_perc')",0.588462336
"('gdp_usd', 'mv_usd', 'bmi', 'life_exp', 'qol', 'mv_play_dom', 'num_play_dom', 'dom_int_mv_ratio', 'int_perc')",0.588462336
"('gdp_usd', 'mv_usd', 'bmi', 'life_exp', 'qol', 'mv_play_dom', 'num_play_dom', 'dom_int_mv_ratio', 'dom_perc', 'int_perc')",0.588462336
"('power_rating', 'gdp_usd', 'mv_usd', 'elo_rating', 'life_exp', 'mv_play_int', 'dom_perc')",0.588437118
"('power_rating', 'gdp_usd', 'mv_usd', 'elo_rating', 'life_exp', 'mv_play_int', 'int_perc')",0.588437118
"('power_rating', 'gdp_usd', 'mv_usd', 'elo_rating', 'life_exp', 'mv_play_int', 'dom_perc', 'int_perc')",0.588437118
"('gdp_usd', 'mv_usd', 'elo_rating', 'life_exp', 'qol', 'mv_play_dom', 'num_play_dom', 'dom_int_mv_ratio', 'dom_perc')",0.58842956
"('gdp_usd', 'mv_usd', 'elo_rating', 'life_exp', 'qol', 'mv_play_dom', 'num_play_dom', 'dom_int_mv_ratio', 'int_perc')",0.58842956
"('gdp_usd', 'mv_usd', 'elo_rating', 'life_exp', 'qol', 'mv_play_dom', 'num_play_dom', 'dom_int_mv_ratio', 'dom_perc', 'int_perc')",0.58842956
"('gdp_usd', 'mv_usd', 'life_exp', 'qol', 'mv_play_dom', 'num_play_dom', 'dom_int_mv_ratio', 'dom_perc')",0.588429297
"('gdp_usd', 'mv_usd', 'life_exp', 'qol', 'mv_play_dom', 'num_play_dom', 'dom_int_mv_ratio', 'int_perc')",0.588429297
"('gdp_usd', 'mv_usd', 'life_exp', 'qol', 'mv_play_dom', 'num_play_dom', 'dom_int_mv_ratio', 'dom_perc', 'int_perc')",0.588429297
"('power_rating', 'gdp_usd', 'elo_rating', 'bmi', 'mv_play_dom', 'num_play_dom', 'mv_play_int', 'dom_int_mv_ratio', 'dom_perc')",0.588400073
"('power_rating', 'gdp_usd', 'elo_rating', 'bmi', 'mv_play_dom', 'num_play_dom', 'mv_play_int', 'dom_int_mv_ratio', 'int_perc')",0.588400073
"('power_rating', 'gdp_usd', 'elo_rating', 'bmi', 'mv_play_dom', 'num_play_dom', 'mv_play_int', 'dom_int_mv_ratio', 'dom_perc', 'int_perc')",0.588400073
"('power_rating', 'gdp_usd', 'elo_rating', 'life_exp', 'mv_play_int', 'dom_perc')",0.588396732
"('power_rating', 'gdp_usd', 'elo_rating', 'life_exp', 'mv_play_int', 'int_perc')",0.588396732
"('power_rating', 'gdp_usd', 'elo_rating', 'life_exp', 'mv_play_int', 'dom_perc', 'int_perc')",0.588396732
"('power_rating', 'elo_rating', 'bmi', 'mv_play_dom', 'num_play_dom', 'mv_play_int', 'dom_int_mv_ratio', 'dom_perc')",0.58838383
"('power_rating', 'elo_rating', 'bmi', 'mv_play_dom', 'num_play_dom', 'mv_play_int', 'dom_int_mv_ratio', 'int_perc')",0.58838383
"('power_rating', 'elo_rating', 'bmi', 'mv_play_dom', 'num_play_dom', 'mv_play_int', 'dom_int_mv_ratio', 'dom_perc', 'int_perc')",0.58838383
"('power_rating', 'elo_rating', 'bmi', 'qol', 'mv_play_dom', 'num_play_dom', 'dom_int_mv_ratio', 'dom_perc')",0.588375128
"('power_rating', 'elo_rating', 'bmi', 'qol', 'mv_play_dom', 'num_play_dom', 'dom_int_mv_ratio', 'int_perc')",0.588375128
"('power_rating', 'elo_rating', 'bmi', 'qol', 'mv_play_dom', 'num_play_dom', 'dom_int_mv_ratio', 'dom_perc', 'int_perc')",0.588375128
"('power_rating', 'gdp_usd', 'mv_usd', 'mv_play_dom', 'num_play_dom', 'mv_play_int', 'num_play_int', 'dom_perc')",0.588373218
"('power_rating', 'gdp_usd', 'mv_usd', 'mv_play_dom', 'num_play_dom', 'mv_play_int', 'num_play_int', 'int_perc')",0.588373218
"('power_rating', 'gdp_usd', 'mv_usd', 'mv_play_dom', 'num_play_dom', 'mv_play_int', 'num_play_int', 'dom_perc', 'int_perc')",0.588373218
"('power_rating', 'elo_rating', 'qol', 'mv_play_dom', 'num_play_dom', 'dom_int_mv_ratio', 'dom_perc')",0.5883705
"('power_rating', 'elo_rating', 'qol', 'mv_play_dom', 'num_play_dom', 'dom_int_mv_ratio', 'int_perc')",0.5883705
"('power_rating', 'elo_rating', 'qol', 'mv_play_dom', 'num_play_dom', 'dom_int_mv_ratio', 'dom_perc', 'int_perc')",0.5883705
"('power_rating', 'gdp_usd', 'mv_usd', 'bmi', 'life_exp', 'qol', 'mv_play_dom', 'mv_play_int', 'dom_int_mv_ratio', 'dom_perc')",0.58836344
"('power_rating', 'gdp_usd', 'mv_usd', 'bmi', 'life_exp', 'qol', 'mv_play_dom', 'mv_play_int', 'dom_int_mv_ratio', 'int_perc')",0.58836344
"('power_rating', 'gdp_usd', 'mv_usd', 'bmi', 'life_exp', 'qol', 'mv_play_dom', 'mv_play_int', 'dom_int_mv_ratio', 'dom_perc', 'int_perc')",0.58836344
"('gdp_usd', 'mv_usd', 'bmi', 'life_exp', 'qol', 'mv_play_dom', 'num_play_dom', 'num_play_int', 'dom_perc')",0.588352324
"('gdp_usd', 'mv_usd', 'bmi', 'life_exp', 'qol', 'mv_play_dom', 'num_play_dom', 'num_play_int', 'int_perc')",0.588352324
"('gdp_usd', 'mv_usd', 'bmi', 'life_exp', 'qol', 'mv_play_dom', 'num_play_dom', 'num_play_int', 'dom_perc', 'int_perc')",0.588352324
"('power_rating', 'gdp_usd', 'elo_rating', 'bmi', 'mv_play_dom', 'num_play_dom', 'mv_play_int', 'dom_int_mv_ratio')",0.588311271
"('power_rating', 'elo_rating', 'bmi', 'mv_play_dom', 'num_play_dom', 'mv_play_int', 'dom_int_mv_ratio')",0.588309398
"('power_rating', 'gdp_usd', 'mv_usd', 'life_exp', 'qol', 'mv_play_dom', 'mv_play_int', 'dom_int_mv_ratio', 'dom_perc')",0.588291678
"('power_rating', 'gdp_usd', 'mv_usd', 'life_exp', 'qol', 'mv_play_dom', 'mv_play_int', 'dom_int_mv_ratio', 'int_perc')",0.588291678
"('power_rating', 'gdp_usd', 'mv_usd', 'life_exp', 'qol', 'mv_play_dom', 'mv_play_int', 'dom_int_mv_ratio', 'dom_perc', 'int_perc')",0.588291678
"('gdp_usd', 'mv_usd', 'life_exp', 'qol', 'mv_play_dom', 'num_play_dom', 'mv_play_int', 'num_play_int')",0.588278344
"('power_rating', 'mv_usd', 'elo_rating', 'life_exp', 'num_play_int', 'dom_int_mv_ratio', 'dom_perc')",0.588272965
"('power_rating', 'mv_usd', 'elo_rating', 'life_exp', 'num_play_int', 'dom_int_mv_ratio', 'int_perc')",0.588272965
"('power_rating', 'mv_usd', 'elo_rating', 'life_exp', 'num_play_int', 'dom_int_mv_ratio', 'dom_perc', 'int_perc')",0.588272965
"('power_rating', 'gdp_usd', 'mv_usd', 'num_play_dom', 'mv_play_int', 'num_play_int', 'dom_perc')",0.588270936
"('power_rating', 'gdp_usd', 'mv_usd', 'num_play_dom', 'mv_play_int', 'num_play_int', 'int_perc')",0.588270936
"('power_rating', 'gdp_usd', 'mv_usd', 'num_play_dom', 'mv_play_int', 'num_play_int', 'dom_perc', 'int_perc')",0.588270936
"('power_rating', 'gdp_usd', 'mv_usd', 'bmi', 'qol', 'mv_play_dom', 'mv_play_int', 'dom_int_mv_ratio', 'dom_perc')",0.588227985
"('power_rating', 'gdp_usd', 'mv_usd', 'bmi', 'qol', 'mv_play_dom', 'mv_play_int', 'dom_int_mv_ratio', 'int_perc')",0.588227985
"('power_rating', 'gdp_usd', 'mv_usd', 'bmi', 'qol', 'mv_play_dom', 'mv_play_int', 'dom_int_mv_ratio', 'dom_perc', 'int_perc')",0.588227985
"('mv_usd', 'bmi', 'life_exp', 'mv_play_int', 'dom_int_mv_ratio')",0.588198068
"('mv_usd', 'life_exp', 'mv_play_int', 'dom_int_mv_ratio')",0.588196232
"('power_rating', 'gdp_usd', 'qol', 'mv_play_dom', 'num_play_dom', 'mv_play_int', 'dom_int_mv_ratio')",0.588189132
"('gdp_usd', 'mv_usd', 'bmi', 'life_exp', 'qol', 'mv_play_dom', 'num_play_dom', 'num_play_int')",0.588164217
"('power_rating', 'gdp_usd', 'mv_usd', 'elo_rating', 'bmi', 'mv_play_dom', 'mv_play_int', 'num_play_int')",0.588127782
"('power_rating', 'gdp_usd', 'mv_usd', 'qol', 'mv_play_dom', 'mv_play_int', 'dom_int_mv_ratio', 'dom_perc')",0.588053552
"('power_rating', 'gdp_usd', 'mv_usd', 'qol', 'mv_play_dom', 'mv_play_int', 'dom_int_mv_ratio', 'int_perc')",0.588053552
"('power_rating', 'gdp_usd', 'mv_usd', 'qol', 'mv_play_dom', 'mv_play_int', 'dom_int_mv_ratio', 'dom_perc', 'int_perc')",0.588053552
"('power_rating', 'elo_rating', 'life_exp', 'mv_play_dom', 'mv_play_int', 'dom_perc')",0.58802084
"('power_rating', 'elo_rating', 'life_exp', 'mv_play_dom', 'mv_play_int', 'int_perc')",0.58802084
"('power_rating', 'elo_rating', 'life_exp', 'mv_play_dom', 'mv_play_int', 'dom_perc', 'int_perc')",0.58802084
"('power_rating', 'bmi', 'qol', 'num_play_dom', 'mv_play_int', 'dom_int_mv_ratio', 'dom_perc')",0.587869122
"('power_rating', 'bmi', 'qol', 'num_play_dom', 'mv_play_int', 'dom_int_mv_ratio', 'int_perc')",0.587869122
"('power_rating', 'bmi', 'qol', 'num_play_dom', 'mv_play_int', 'dom_int_mv_ratio', 'dom_perc', 'int_perc')",0.587869122
"('power_rating', 'elo_rating', 'life_exp', 'num_play_int', 'dom_int_mv_ratio', 'dom_perc')",0.587825364
"('power_rating', 'elo_rating', 'life_exp', 'num_play_int', 'dom_int_mv_ratio', 'int_perc')",0.587825364
"('power_rating', 'elo_rating', 'life_exp', 'num_play_int', 'dom_int_mv_ratio', 'dom_perc', 'int_perc')",0.587825364
"('power_rating', 'mv_usd', 'elo_rating', 'bmi', 'life_exp', 'mv_play_int', 'dom_perc')",0.587798234
"('power_rating', 'mv_usd', 'elo_rating', 'bmi', 'life_exp', 'mv_play_int', 'int_perc')",0.587798234
"('power_rating', 'mv_usd', 'elo_rating', 'bmi', 'life_exp', 'mv_play_int', 'dom_perc', 'int_perc')",0.587798234
"('power_rating', 'gdp_usd', 'mv_usd', 'elo_rating', 'bmi', 'life_exp', 'qol', 'mv_play_dom', 'num_play_dom', 'dom_perc')",0.587792551
"('power_rating', 'gdp_usd', 'mv_usd', 'elo_rating', 'bmi', 'life_exp', 'qol', 'mv_play_dom', 'num_play_dom', 'int_perc')",0.587792551
"('power_rating', 'gdp_usd', 'mv_usd', 'elo_rating', 'bmi', 'life_exp', 'qol', 'mv_play_dom', 'num_play_dom', 'dom_perc', 'int_perc')",0.587792551
"('power_rating', 'elo_rating', 'bmi', 'life_exp', 'mv_play_int', 'dom_perc')",0.587786254
"('power_rating', 'elo_rating', 'bmi', 'life_exp', 'mv_play_int', 'int_perc')",0.587786254
"('power_rating', 'elo_rating', 'bmi', 'life_exp', 'mv_play_int', 'dom_perc', 'int_perc')",0.587786254
"('power_rating', 'gdp_usd', 'mv_usd', 'elo_rating', 'life_exp', 'qol', 'mv_play_dom', 'num_play_dom', 'dom_perc')",0.587775508
"('power_rating', 'gdp_usd', 'mv_usd', 'elo_rating', 'life_exp', 'qol', 'mv_play_dom', 'num_play_dom', 'int_perc')",0.587775508
"('power_rating', 'gdp_usd', 'mv_usd', 'elo_rating', 'life_exp', 'qol', 'mv_play_dom', 'num_play_dom', 'dom_perc', 'int_perc')",0.587775508
"('power_rating', 'gdp_usd', 'mv_usd', 'elo_rating', 'bmi', 'life_exp', 'qol', 'num_play_dom', 'dom_int_mv_ratio', 'dom_perc')",0.587748078
"('power_rating', 'gdp_usd', 'mv_usd', 'elo_rating', 'bmi', 'life_exp', 'qol', 'num_play_dom', 'dom_int_mv_ratio', 'int_perc')",0.587748078
"('power_rating', 'gdp_usd', 'mv_usd', 'elo_rating', 'bmi', 'life_exp', 'qol', 'num_play_dom', 'dom_int_mv_ratio', 'dom_perc', 'int_perc')",0.587748078
"('power_rating', 'mv_usd', 'elo_rating', 'bmi', 'life_exp', 'qol', 'mv_play_dom', 'num_play_int', 'dom_perc')",0.5877441
"('power_rating', 'mv_usd', 'elo_rating', 'bmi', 'life_exp', 'qol', 'mv_play_dom', 'num_play_int', 'int_perc')",0.5877441
"('power_rating', 'mv_usd', 'elo_rating', 'bmi', 'life_exp', 'qol', 'mv_play_dom', 'num_play_int', 'dom_perc', 'int_perc')",0.5877441
"('power_rating', 'gdp_usd', 'mv_usd', 'elo_rating', 'life_exp', 'qol', 'num_play_dom', 'dom_int_mv_ratio', 'dom_perc')",0.587738077
"('power_rating', 'gdp_usd', 'mv_usd', 'elo_rating', 'life_exp', 'qol', 'num_play_dom', 'dom_int_mv_ratio', 'int_perc')",0.587738077
"('power_rating', 'gdp_usd', 'mv_usd', 'elo_rating', 'life_exp', 'qol', 'num_play_dom', 'dom_int_mv_ratio', 'dom_perc', 'int_perc')",0.587738077
"('power_rating', 'gdp_usd', 'mv_usd', 'elo_rating', 'bmi', 'qol', 'mv_play_dom', 'num_play_dom', 'dom_perc')",0.587633272
"('power_rating', 'gdp_usd', 'mv_usd', 'elo_rating', 'bmi', 'qol', 'mv_play_dom', 'num_play_dom', 'int_perc')",0.587633272
"('power_rating', 'gdp_usd', 'mv_usd', 'elo_rating', 'bmi', 'qol', 'mv_play_dom', 'num_play_dom', 'dom_perc', 'int_perc')",0.587633272
"('power_rating', 'gdp_usd', 'mv_usd', 'elo_rating', 'qol', 'mv_play_dom', 'num_play_dom', 'dom_perc')",0.587580451
"('power_rating', 'gdp_usd', 'mv_usd', 'elo_rating', 'qol', 'mv_play_dom', 'num_play_dom', 'int_perc')",0.587580451
"('power_rating', 'gdp_usd', 'mv_usd', 'elo_rating', 'qol', 'mv_play_dom', 'num_play_dom', 'dom_perc', 'int_perc')",0.587580451
"('mv_usd', 'bmi', 'life_exp', 'dom_int_mv_ratio')",0.587576466
"('power_rating', 'mv_usd', 'life_exp', 'qol', 'mv_play_dom', 'num_play_dom', 'mv_play_int', 'dom_perc')",0.587570359
"('power_rating', 'mv_usd', 'life_exp', 'qol', 'mv_play_dom', 'num_play_dom', 'mv_play_int', 'int_perc')",0.587570359
"('power_rating', 'mv_usd', 'life_exp', 'qol', 'mv_play_dom', 'num_play_dom', 'mv_play_int', 'dom_perc', 'int_perc')",0.587570359
"('mv_usd', 'life_exp', 'dom_int_mv_ratio')",0.587569116
"('power_rating', 'gdp_usd', 'elo_rating', 'bmi', 'life_exp', 'qol', 'num_play_dom', 'dom_int_mv_ratio', 'dom_perc')",0.587212276
"('power_rating', 'gdp_usd', 'elo_rating', 'bmi', 'life_exp', 'qol', 'num_play_dom', 'dom_int_mv_ratio', 'int_perc')",0.587212276
"('power_rating', 'gdp_usd', 'elo_rating', 'bmi', 'life_exp', 'qol', 'num_play_dom', 'dom_int_mv_ratio', 'dom_perc', 'int_perc')",0.587212276
"('power_rating', 'gdp_usd', 'elo_rating', 'life_exp', 'qol', 'num_play_dom', 'dom_int_mv_ratio', 'dom_perc')",0.587211551
"('power_rating', 'gdp_usd', 'elo_rating', 'life_exp', 'qol', 'num_play_dom', 'dom_int_mv_ratio', 'int_perc')",0.587211551
"('power_rating', 'gdp_usd', 'elo_rating', 'life_exp', 'qol', 'num_play_dom', 'dom_int_mv_ratio', 'dom_perc', 'int_perc')",0.587211551
"('power_rating', 'mv_usd', 'life_exp', 'qol', 'num_play_dom', 'mv_play_int', 'dom_perc')",0.587193759
"('power_rating', 'mv_usd', 'life_exp', 'qol', 'num_play_dom', 'mv_play_int', 'int_perc')",0.587193759
"('power_rating', 'mv_usd', 'life_exp', 'qol', 'num_play_dom', 'mv_play_int', 'dom_perc', 'int_perc')",0.587193759
"('power_rating', 'mv_usd', 'elo_rating', 'qol', 'mv_play_int', 'dom_int_mv_ratio')",0.587171469
"('power_rating', 'mv_usd', 'bmi', 'life_exp', 'qol', 'mv_play_dom', 'num_play_dom', 'mv_play_int', 'dom_int_mv_ratio')",0.587156221
"('power_rating', 'gdp_usd', 'mv_usd', 'bmi', 'life_exp', 'qol', 'mv_play_dom', 'mv_play_int', 'dom_perc')",0.587121053
"('power_rating', 'gdp_usd', 'mv_usd', 'bmi', 'life_exp', 'qol', 'mv_play_dom', 'mv_play_int', 'int_perc')",0.587121053
"('power_rating', 'gdp_usd', 'mv_usd', 'bmi', 'life_exp', 'qol', 'mv_play_dom', 'mv_play_int', 'dom_perc', 'int_perc')",0.587121053
"('power_rating', 'mv_usd', 'qol', 'mv_play_dom', 'num_play_dom', 'mv_play_int', 'dom_int_mv_ratio', 'dom_perc')",0.587106647
"('power_rating', 'mv_usd', 'qol', 'mv_play_dom', 'num_play_dom', 'mv_play_int', 'dom_int_mv_ratio', 'int_perc')",0.587106647
"('power_rating', 'mv_usd', 'qol', 'mv_play_dom', 'num_play_dom', 'mv_play_int', 'dom_int_mv_ratio', 'dom_perc', 'int_perc')",0.587106647
"('power_rating', 'bmi', 'life_exp', 'qol', 'mv_play_dom', 'num_play_dom', 'mv_play_int', 'dom_perc')",0.587061614
"('power_rating', 'bmi', 'life_exp', 'qol', 'mv_play_dom', 'num_play_dom', 'mv_play_int', 'int_perc')",0.587061614
"('power_rating', 'bmi', 'life_exp', 'qol', 'mv_play_dom', 'num_play_dom', 'mv_play_int', 'dom_perc', 'int_perc')",0.587061614
"('power_rating', 'mv_usd', 'mv_play_dom', 'num_play_dom', 'mv_play_int', 'num_play_int', 'dom_perc')",0.586966913
"('power_rating', 'mv_usd', 'mv_play_dom', 'num_play_dom', 'mv_play_int', 'num_play_int', 'int_perc')",0.586966913
"('power_rating', 'mv_usd', 'mv_play_dom', 'num_play_dom', 'mv_play_int', 'num_play_int', 'dom_perc', 'int_perc')",0.586966913
"('power_rating', 'bmi', 'life_exp', 'qol', 'mv_play_dom', 'num_play_dom', 'mv_play_int', 'dom_int_mv_ratio')",0.586963043
"('power_rating', 'gdp_usd', 'life_exp', 'qol', 'mv_play_dom', 'num_play_dom', 'mv_play_int', 'dom_perc')",0.586954694
"('power_rating', 'gdp_usd', 'life_exp', 'qol', 'mv_play_dom', 'num_play_dom', 'mv_play_int', 'int_perc')",0.586954694
"('power_rating', 'gdp_usd', 'life_exp', 'qol', 'mv_play_dom', 'num_play_dom', 'mv_play_int', 'dom_perc', 'int_perc')",0.586954694
"('power_rating', 'gdp_usd', 'mv_usd', 'bmi', 'qol', 'mv_play_dom', 'mv_play_int', 'dom_perc')",0.586945568
"('power_rating', 'gdp_usd', 'mv_usd', 'bmi', 'qol', 'mv_play_dom', 'mv_play_int', 'int_perc')",0.586945568
"('power_rating', 'gdp_usd', 'mv_usd', 'bmi', 'qol', 'mv_play_dom', 'mv_play_int', 'dom_perc', 'int_perc')",0.586945568
"('mv_usd', 'bmi', 'qol', 'mv_play_int', 'dom_perc')",0.586935627
"('mv_usd', 'bmi', 'qol', 'mv_play_int', 'int_perc')",0.586935627
"('mv_usd', 'bmi', 'qol', 'mv_play_int', 'dom_perc', 'int_perc')",0.586935627
"('power_rating', 'gdp_usd', 'mv_usd', 'life_exp', 'qol', 'mv_play_dom', 'mv_play_int', 'dom_perc')",0.58690792
"('power_rating', 'gdp_usd', 'mv_usd', 'life_exp', 'qol', 'mv_play_dom', 'mv_play_int', 'int_perc')",0.58690792
"('power_rating', 'gdp_usd', 'mv_usd', 'life_exp', 'qol', 'mv_play_dom', 'mv_play_int', 'dom_perc', 'int_perc')",0.58690792
"('mv_usd', 'elo_rating', 'bmi', 'life_exp', 'mv_play_int', 'num_play_int')",0.586900579
"('mv_usd', 'elo_rating', 'bmi', 'life_exp', 'mv_play_int')",0.586882149
"('power_rating', 'mv_usd', 'qol', 'num_play_dom', 'mv_play_int', 'dom_int_mv_ratio', 'dom_perc')",0.586877824
"('power_rating', 'mv_usd', 'qol', 'num_play_dom', 'mv_play_int', 'dom_int_mv_ratio', 'int_perc')",0.586877824
"('power_rating', 'mv_usd', 'qol', 'num_play_dom', 'mv_play_int', 'dom_int_mv_ratio', 'dom_perc', 'int_perc')",0.586877824
"('power_rating', 'gdp_usd', 'mv_usd', 'elo_rating', 'bmi', 'life_exp', 'mv_play_dom', 'num_play_int', 'dom_perc')",0.586844273
"('power_rating', 'gdp_usd', 'mv_usd', 'elo_rating', 'bmi', 'life_exp', 'mv_play_dom', 'num_play_int', 'int_perc')",0.586844273
"('power_rating', 'gdp_usd', 'mv_usd', 'elo_rating', 'bmi', 'life_exp', 'mv_play_dom', 'num_play_int', 'dom_perc', 'int_perc')",0.586844273
"('power_rating', 'mv_usd', 'bmi', 'life_exp', 'qol', 'num_play_dom', 'mv_play_int', 'dom_int_mv_ratio')",0.586797612
"('mv_usd', 'elo_rating', 'bmi', 'life_exp', 'num_play_int')",0.586708075
"('mv_usd', 'elo_rating', 'bmi', 'life_exp')",0.586687343
"('power_rating', 'mv_usd', 'elo_rating', 'life_exp', 'mv_play_int', 'dom_perc')",0.586687019
"('power_rating', 'mv_usd', 'elo_rating', 'life_exp', 'mv_play_int', 'int_perc')",0.586687019
"('power_rating', 'mv_usd', 'elo_rating', 'life_exp', 'mv_play_int', 'dom_perc', 'int_perc')",0.586687019
"('power_rating', 'elo_rating', 'life_exp', 'mv_play_int', 'dom_perc')",0.586685441
"('power_rating', 'elo_rating', 'life_exp', 'mv_play_int', 'int_perc')",0.586685441
"('power_rating', 'elo_rating', 'life_exp', 'mv_play_int', 'dom_perc', 'int_perc')",0.586685441
"('power_rating', 'gdp_usd', 'mv_usd', 'qol', 'num_play_dom', 'mv_play_int', 'dom_perc')",0.586658631
"('power_rating', 'gdp_usd', 'mv_usd', 'qol', 'num_play_dom', 'mv_play_int', 'int_perc')",0.586658631
"('power_rating', 'gdp_usd', 'mv_usd', 'qol', 'num_play_dom', 'mv_play_int', 'dom_perc', 'int_perc')",0.586658631
"('gdp_usd', 'mv_usd', 'life_exp', 'qol', 'mv_play_dom', 'num_play_dom', 'num_play_int', 'dom_perc')",0.586633901
"('gdp_usd', 'mv_usd', 'life_exp', 'qol', 'mv_play_dom', 'num_play_dom', 'num_play_int', 'int_perc')",0.586633901
"('gdp_usd', 'mv_usd', 'life_exp', 'qol', 'mv_play_dom', 'num_play_dom', 'num_play_int', 'dom_perc', 'int_perc')",0.586633901
"('power_rating', 'gdp_usd', 'mv_usd', 'elo_rating', 'bmi', 'num_play_dom', 'mv_play_int', 'dom_int_mv_ratio', 'dom_perc')",0.586633019
"('power_rating', 'gdp_usd', 'mv_usd', 'elo_rating', 'bmi', 'num_play_dom', 'mv_play_int', 'dom_int_mv_ratio', 'int_perc')",0.586633019
"('power_rating', 'gdp_usd', 'mv_usd', 'elo_rating', 'bmi', 'num_play_dom', 'mv_play_int', 'dom_int_mv_ratio', 'dom_perc', 'int_perc')",0.586633019
"('power_rating', 'mv_usd', 'elo_rating', 'bmi', 'num_play_dom', 'mv_play_int', 'dom_int_mv_ratio', 'dom_perc')",0.586599301
"('power_rating', 'mv_usd', 'elo_rating', 'bmi', 'num_play_dom', 'mv_play_int', 'dom_int_mv_ratio', 'int_perc')",0.586599301
"('power_rating', 'mv_usd', 'elo_rating', 'bmi', 'num_play_dom', 'mv_play_int', 'dom_int_mv_ratio', 'dom_perc', 'int_perc')",0.586599301
"('power_rating', 'gdp_usd', 'mv_usd', 'elo_rating', 'bmi', 'num_play_dom', 'mv_play_int', 'dom_int_mv_ratio')",0.586597987
"('power_rating', 'mv_usd', 'elo_rating', 'bmi', 'num_play_dom', 'mv_play_int', 'dom_int_mv_ratio')",0.586580723
"('power_rating', 'mv_usd', 'num_play_dom', 'mv_play_int', 'num_play_int', 'dom_perc')",0.586540025
"('power_rating', 'mv_usd', 'num_play_dom', 'mv_play_int', 'num_play_int', 'int_perc')",0.586540025
"('power_rating', 'mv_usd', 'num_play_dom', 'mv_play_int', 'num_play_int', 'dom_perc', 'int_perc')",0.586540025
"('power_rating', 'gdp_usd', 'bmi', 'life_exp', 'qol', 'num_play_dom', 'mv_play_int', 'dom_int_mv_ratio')",0.586528916
"('power_rating', 'gdp_usd', 'mv_usd', 'qol', 'mv_play_dom', 'mv_play_int', 'dom_perc')",0.586521619
"('power_rating', 'gdp_usd', 'mv_usd', 'qol', 'mv_play_dom', 'mv_play_int', 'int_perc')",0.586521619
"('power_rating', 'gdp_usd', 'mv_usd', 'qol', 'mv_play_dom', 'mv_play_int', 'dom_perc', 'int_perc')",0.586521619
"('power_rating', 'elo_rating', 'mv_play_dom', 'num_play_dom', 'mv_play_int', 'num_play_int', 'dom_perc')",0.586506649
"('power_rating', 'elo_rating', 'mv_play_dom', 'num_play_dom', 'mv_play_int', 'num_play_int', 'int_perc')",0.586506649
"('power_rating', 'elo_rating', 'mv_play_dom', 'num_play_dom', 'mv_play_int', 'num_play_int', 'dom_perc', 'int_perc')",0.586506649
"('power_rating', 'gdp_usd', 'elo_rating', 'bmi', 'qol', 'mv_play_dom', 'dom_int_mv_ratio', 'dom_perc')",0.586502927
"('power_rating', 'gdp_usd', 'elo_rating', 'bmi', 'qol', 'mv_play_dom', 'dom_int_mv_ratio', 'int_perc')",0.586502927
"('power_rating', 'gdp_usd', 'elo_rating', 'bmi', 'qol', 'mv_play_dom', 'dom_int_mv_ratio', 'dom_perc', 'int_perc')",0.586502927
"('power_rating', 'gdp_usd', 'mv_usd', 'bmi', 'life_exp', 'qol', 'mv_play_dom', 'mv_play_int', 'dom_int_mv_ratio')",0.586441392
"('mv_usd', 'life_exp', 'qol', 'mv_play_int', 'dom_perc')",0.58642595
"('mv_usd', 'life_exp', 'qol', 'mv_play_int', 'int_perc')",0.58642595
"('mv_usd', 'life_exp', 'qol', 'mv_play_int', 'dom_perc', 'int_perc')",0.58642595
"('power_rating', 'gdp_usd', 'mv_usd', 'qol', 'num_play_dom', 'mv_play_int')",0.586418573
"('power_rating', 'gdp_usd', 'mv_usd', 'life_exp', 'qol', 'mv_play_dom', 'mv_play_int', 'dom_int_mv_ratio')",0.586414868
"('gdp_usd', 'mv_usd', 'life_exp', 'qol', 'mv_play_dom', 'num_play_dom', 'num_play_int')",0.58639259
"('mv_usd', 'life_exp', 'mv_play_int', 'dom_perc')",0.586382892
"('mv_usd', 'life_exp', 'mv_play_int', 'int_perc')",0.586382892
"('mv_usd', 'life_exp', 'mv_play_int', 'dom_perc', 'int_perc')",0.586382892
"('power_rating', 'mv_usd', 'elo_rating', 'bmi', 'life_exp', 'qol', 'num_play_dom', 'dom_int_mv_ratio', 'dom_perc')",0.586382761
"('power_rating', 'mv_usd', 'elo_rating', 'bmi', 'life_exp', 'qol', 'num_play_dom', 'dom_int_mv_ratio', 'int_perc')",0.586382761
"('power_rating', 'mv_usd', 'elo_rating', 'bmi', 'life_exp', 'qol', 'num_play_dom', 'dom_int_mv_ratio', 'dom_perc', 'int_perc')",0.586382761
"('power_rating', 'mv_usd', 'elo_rating', 'life_exp', 'qol', 'num_play_dom', 'dom_int_mv_ratio', 'dom_perc')",0.586369538
"('power_rating', 'mv_usd', 'elo_rating', 'life_exp', 'qol', 'num_play_dom', 'dom_int_mv_ratio', 'int_perc')",0.586369538
"('power_rating', 'mv_usd', 'elo_rating', 'life_exp', 'qol', 'num_play_dom', 'dom_int_mv_ratio', 'dom_perc', 'int_perc')",0.586369538
"('power_rating', 'mv_usd', 'elo_rating', 'bmi', 'mv_play_dom', 'mv_play_int', 'num_play_int')",0.586360054
"('power_rating', 'qol', 'mv_play_dom', 'num_play_dom', 'mv_play_int', 'dom_int_mv_ratio', 'dom_perc')",0.586325023
"('power_rating', 'qol', 'mv_play_dom', 'num_play_dom', 'mv_play_int', 'dom_int_mv_ratio', 'int_perc')",0.586325023
"('power_rating', 'qol', 'mv_play_dom', 'num_play_dom', 'mv_play_int', 'dom_int_mv_ratio', 'dom_perc', 'int_perc')",0.586325023
"('power_rating', 'mv_usd', 'life_exp', 'qol', 'mv_play_dom', 'num_play_dom', 'mv_play_int', 'dom_int_mv_ratio')",0.586314665
"('power_rating', 'elo_rating', 'bmi', 'qol', 'mv_play_dom', 'dom_int_mv_ratio', 'int_perc')",0.586304309
"('power_rating', 'elo_rating', 'bmi', 'qol', 'mv_play_dom', 'dom_int_mv_ratio', 'dom_perc')",0.586304309
"('power_rating', 'elo_rating', 'bmi', 'qol', 'mv_play_dom', 'dom_int_mv_ratio', 'dom_perc', 'int_perc')",0.586304309
"('power_rating', 'mv_usd', 'elo_rating', 'bmi', 'life_exp', 'qol', 'mv_play_int')",0.58628492
"('power_rating', 'gdp_usd', 'life_exp', 'qol', 'num_play_dom', 'mv_play_int', 'dom_int_mv_ratio')",0.586283363
"('power_rating', 'gdp_usd', 'mv_usd', 'bmi', 'qol', 'mv_play_dom', 'mv_play_int', 'dom_int_mv_ratio')",0.586265266
"('power_rating', 'gdp_usd', 'mv_usd', 'qol', 'mv_play_dom', 'mv_play_int', 'dom_int_mv_ratio')",0.586264894
"('power_rating', 'gdp_usd', 'elo_rating', 'num_play_dom', 'mv_play_int', 'num_play_int', 'dom_perc')",0.586176663
"('power_rating', 'gdp_usd', 'elo_rating', 'num_play_dom', 'mv_play_int', 'num_play_int', 'int_perc')",0.586176663
"('power_rating', 'gdp_usd', 'elo_rating', 'num_play_dom', 'mv_play_int', 'num_play_int', 'dom_perc', 'int_perc')",0.586176663
"('power_rating', 'life_exp', 'qol', 'mv_play_dom', 'num_play_dom', 'mv_play_int', 'dom_int_mv_ratio')",0.586145488
"('power_rating', 'gdp_usd', 'mv_usd', 'elo_rating', 'bmi', 'mv_play_dom', 'num_play_int', 'dom_int_mv_ratio', 'dom_perc')",0.586099322
"('power_rating', 'gdp_usd', 'mv_usd', 'elo_rating', 'bmi', 'mv_play_dom', 'num_play_int', 'dom_int_mv_ratio', 'int_perc')",0.586099322
"('power_rating', 'gdp_usd', 'mv_usd', 'elo_rating', 'bmi', 'mv_play_dom', 'num_play_int', 'dom_int_mv_ratio', 'dom_perc', 'int_perc')",0.586099322
"('mv_usd', 'bmi', 'mv_play_int', 'dom_int_mv_ratio')",0.586084181
"('power_rating', 'gdp_usd', 'life_exp', 'num_play_dom', 'num_play_int', 'dom_int_mv_ratio', 'dom_perc')",0.586062988
"('power_rating', 'gdp_usd', 'life_exp', 'num_play_dom', 'num_play_int', 'dom_int_mv_ratio', 'int_perc')",0.586062988
"('power_rating', 'gdp_usd', 'life_exp', 'num_play_dom', 'num_play_int', 'dom_int_mv_ratio', 'dom_perc', 'int_perc')",0.586062988
"('power_rating', 'gdp_usd', 'mv_usd', 'elo_rating', 'bmi', 'qol', 'num_play_dom', 'dom_int_mv_ratio', 'dom_perc')",0.586062653
"('power_rating', 'gdp_usd', 'mv_usd', 'elo_rating', 'bmi', 'qol', 'num_play_dom', 'dom_int_mv_ratio', 'int_perc')",0.586062653
"('power_rating', 'gdp_usd', 'mv_usd', 'elo_rating', 'bmi', 'qol', 'num_play_dom', 'dom_int_mv_ratio', 'dom_perc', 'int_perc')",0.586062653
"('power_rating', 'gdp_usd', 'mv_usd', 'elo_rating', 'qol', 'num_play_dom', 'dom_int_mv_ratio', 'dom_perc')",0.586007156
"('power_rating', 'gdp_usd', 'mv_usd', 'elo_rating', 'qol', 'num_play_dom', 'dom_int_mv_ratio', 'int_perc')",0.586007156
"('power_rating', 'gdp_usd', 'mv_usd', 'elo_rating', 'qol', 'num_play_dom', 'dom_int_mv_ratio', 'dom_perc', 'int_perc')",0.586007156
"('power_rating', 'gdp_usd', 'elo_rating', 'bmi', 'num_play_dom', 'mv_play_int', 'dom_int_mv_ratio', 'dom_perc')",0.586007019
"('power_rating', 'gdp_usd', 'elo_rating', 'bmi', 'num_play_dom', 'mv_play_int', 'dom_int_mv_ratio', 'int_perc')",0.586007019
"('power_rating', 'gdp_usd', 'elo_rating', 'bmi', 'num_play_dom', 'mv_play_int', 'dom_int_mv_ratio', 'dom_perc', 'int_perc')",0.586007019
"('power_rating', 'gdp_usd', 'elo_rating', 'bmi', 'num_play_dom', 'mv_play_int', 'dom_int_mv_ratio')",0.586005987
"('power_rating', 'elo_rating', 'bmi', 'num_play_dom', 'mv_play_int', 'dom_int_mv_ratio', 'dom_perc')",0.586005311
"('power_rating', 'elo_rating', 'bmi', 'num_play_dom', 'mv_play_int', 'dom_int_mv_ratio', 'int_perc')",0.586005311
"('power_rating', 'elo_rating', 'bmi', 'num_play_dom', 'mv_play_int', 'dom_int_mv_ratio', 'dom_perc', 'int_perc')",0.586005311
"('power_rating', 'elo_rating', 'bmi', 'num_play_dom', 'mv_play_int', 'dom_int_mv_ratio')",0.58600326
"('power_rating', 'mv_usd', 'life_exp', 'qol', 'num_play_dom', 'mv_play_int', 'dom_int_mv_ratio')",0.586001079
"('power_rating', 'gdp_usd', 'mv_usd', 'bmi', 'life_exp', 'qol', 'mv_play_int', 'dom_int_mv_ratio', 'dom_perc')",0.585956688
"('power_rating', 'gdp_usd', 'mv_usd', 'bmi', 'life_exp', 'qol', 'mv_play_int', 'dom_int_mv_ratio', 'int_perc')",0.585956688
"('power_rating', 'gdp_usd', 'mv_usd', 'bmi', 'life_exp', 'qol', 'mv_play_int', 'dom_int_mv_ratio', 'dom_perc', 'int_perc')",0.585956688
"('power_rating', 'gdp_usd', 'mv_usd', 'life_exp', 'qol', 'mv_play_int', 'dom_int_mv_ratio', 'dom_perc')",0.585921497
"('power_rating', 'gdp_usd', 'mv_usd', 'life_exp', 'qol', 'mv_play_int', 'dom_int_mv_ratio', 'int_perc')",0.585921497
"('power_rating', 'gdp_usd', 'mv_usd', 'life_exp', 'qol', 'mv_play_int', 'dom_int_mv_ratio', 'dom_perc', 'int_perc')",0.585921497
"('power_rating', 'gdp_usd', 'elo_rating', 'bmi', 'qol', 'num_play_dom', 'dom_int_mv_ratio', 'dom_perc')",0.585850932
"('power_rating', 'gdp_usd', 'elo_rating', 'bmi', 'qol', 'num_play_dom', 'dom_int_mv_ratio', 'int_perc')",0.585850932
"('power_rating', 'gdp_usd', 'elo_rating', 'bmi', 'qol', 'num_play_dom', 'dom_int_mv_ratio', 'dom_perc', 'int_perc')",0.585850932
"('power_rating', 'qol', 'num_play_dom', 'mv_play_int', 'dom_int_mv_ratio', 'dom_perc')",0.585835142
"('power_rating', 'qol', 'num_play_dom', 'mv_play_int', 'dom_int_mv_ratio', 'int_perc')",0.585835142
"('power_rating', 'qol', 'num_play_dom', 'mv_play_int', 'dom_int_mv_ratio', 'dom_perc', 'int_perc')",0.585835142
"('power_rating', 'gdp_usd', 'elo_rating', 'qol', 'mv_play_dom', 'dom_int_mv_ratio', 'dom_perc')",0.585829237
"('power_rating', 'gdp_usd', 'elo_rating', 'qol', 'mv_play_dom', 'dom_int_mv_ratio', 'int_perc')",0.585829237
"('power_rating', 'gdp_usd', 'elo_rating', 'qol', 'mv_play_dom', 'dom_int_mv_ratio', 'dom_perc', 'int_perc')",0.585829237
"('power_rating', 'gdp_usd', 'elo_rating', 'qol', 'num_play_dom', 'dom_int_mv_ratio', 'dom_perc')",0.585763745
"('power_rating', 'gdp_usd', 'elo_rating', 'qol', 'num_play_dom', 'dom_int_mv_ratio', 'int_perc')",0.585763745
"('power_rating', 'gdp_usd', 'elo_rating', 'qol', 'num_play_dom', 'dom_int_mv_ratio', 'dom_perc', 'int_perc')",0.585763745
"('power_rating', 'elo_rating', 'qol', 'mv_play_dom', 'dom_int_mv_ratio', 'dom_perc')",0.585743716
"('power_rating', 'elo_rating', 'qol', 'mv_play_dom', 'dom_int_mv_ratio', 'int_perc')",0.585743716
"('power_rating', 'elo_rating', 'qol', 'mv_play_dom', 'dom_int_mv_ratio', 'dom_perc', 'int_perc')",0.585743716
"('power_rating', 'elo_rating', 'bmi', 'life_exp', 'qol', 'mv_play_int', 'dom_int_mv_ratio')",0.585735199
"('power_rating', 'gdp_usd', 'bmi', 'life_exp', 'qol', 'mv_play_dom', 'num_play_dom', 'mv_play_int')",0.585664917
"('power_rating', 'gdp_usd', 'mv_usd', 'bmi', 'qol', 'mv_play_int', 'dom_int_mv_ratio', 'dom_perc')",0.585554225
"('power_rating', 'gdp_usd', 'mv_usd', 'bmi', 'qol', 'mv_play_int', 'dom_int_mv_ratio', 'int_perc')",0.585554225
"('power_rating', 'gdp_usd', 'mv_usd', 'bmi', 'qol', 'mv_play_int', 'dom_int_mv_ratio', 'dom_perc', 'int_perc')",0.585554225
"('power_rating', 'gdp_usd', 'mv_usd', 'bmi', 'life_exp', 'qol', 'mv_play_dom', 'mv_play_int')",0.585536003
"('power_rating', 'gdp_usd', 'mv_usd', 'life_exp', 'qol', 'mv_play_dom', 'mv_play_int')",0.585533973
"('power_rating', 'gdp_usd', 'mv_usd', 'qol', 'mv_play_int', 'dom_int_mv_ratio', 'dom_perc')",0.585373175
"('power_rating', 'gdp_usd', 'mv_usd', 'qol', 'mv_play_int', 'dom_int_mv_ratio', 'int_perc')",0.585373175
"('power_rating', 'gdp_usd', 'mv_usd', 'qol', 'mv_play_int', 'dom_int_mv_ratio', 'dom_perc', 'int_perc')",0.585373175
"('power_rating', 'gdp_usd', 'mv_usd', 'elo_rating', 'mv_play_dom', 'num_play_dom', 'mv_play_int', 'num_play_int', 'dom_int_mv_ratio')",0.585364437
"('power_rating', 'life_exp', 'qol', 'mv_play_dom', 'num_play_dom', 'mv_play_int', 'dom_perc')",0.585344662
"('power_rating', 'life_exp', 'qol', 'mv_play_dom', 'num_play_dom', 'mv_play_int', 'int_perc')",0.585344662
"('power_rating', 'life_exp', 'qol', 'mv_play_dom', 'num_play_dom', 'mv_play_int', 'dom_perc', 'int_perc')",0.585344662
"('mv_usd', 'bmi', 'dom_int_mv_ratio')",0.585333203
"('power_rating', 'gdp_usd', 'mv_usd', 'bmi', 'qol', 'mv_play_dom', 'mv_play_int')",0.58532522
"('elo_rating', 'qol', 'mv_play_dom', 'dom_int_mv_ratio')",0.585319223
"('power_rating', 'gdp_usd', 'mv_usd', 'qol', 'mv_play_dom', 'mv_play_int')",0.585273652
"('elo_rating', 'bmi', 'life_exp', 'qol', 'mv_play_int', 'dom_perc')",0.585268355
"('elo_rating', 'bmi', 'life_exp', 'qol', 'mv_play_int', 'int_perc')",0.585268355
"('elo_rating', 'bmi', 'life_exp', 'qol', 'mv_play_int', 'dom_perc', 'int_perc')",0.585268355
"('mv_usd', 'mv_play_int', 'dom_int_mv_ratio')",0.585205558
"('power_rating', 'gdp_usd', 'elo_rating', 'mv_play_dom', 'num_play_dom', 'mv_play_int', 'num_play_int', 'dom_int_mv_ratio')",0.585174003
"('power_rating', 'gdp_usd', 'mv_usd', 'elo_rating', 'bmi', 'life_exp', 'qol', 'dom_int_mv_ratio', 'dom_perc')",0.585123643
"('power_rating', 'gdp_usd', 'mv_usd', 'elo_rating', 'bmi', 'life_exp', 'qol', 'dom_int_mv_ratio', 'int_perc')",0.585123643
"('power_rating', 'gdp_usd', 'mv_usd', 'elo_rating', 'bmi', 'life_exp', 'qol', 'dom_int_mv_ratio', 'dom_perc', 'int_perc')",0.585123643
"('power_rating', 'gdp_usd', 'bmi', 'qol', 'num_play_dom', 'mv_play_int', 'dom_int_mv_ratio')",0.585106507
"('power_rating', 'mv_usd', 'bmi', 'qol', 'mv_play_dom', 'num_play_dom', 'mv_play_int', 'dom_perc')",0.585092716
"('power_rating', 'mv_usd', 'bmi', 'qol', 'mv_play_dom', 'num_play_dom', 'mv_play_int', 'int_perc')",0.585092716
"('power_rating', 'mv_usd', 'bmi', 'qol', 'mv_play_dom', 'num_play_dom', 'mv_play_int', 'dom_perc', 'int_perc')",0.585092716
"('power_rating', 'mv_usd', 'elo_rating', 'bmi', 'life_exp', 'qol', 'dom_int_mv_ratio', 'dom_perc')",0.585073182
"('power_rating', 'mv_usd', 'elo_rating', 'bmi', 'life_exp', 'qol', 'dom_int_mv_ratio', 'int_perc')",0.585073182
"('power_rating', 'mv_usd', 'elo_rating', 'bmi', 'life_exp', 'qol', 'dom_int_mv_ratio', 'dom_perc', 'int_perc')",0.585073182
"('power_rating', 'elo_rating', 'bmi', 'life_exp', 'qol', 'num_play_dom', 'dom_int_mv_ratio', 'int_perc')",0.584986992
"('power_rating', 'elo_rating', 'bmi', 'life_exp', 'qol', 'num_play_dom', 'dom_int_mv_ratio', 'dom_perc')",0.584986992
"('power_rating', 'elo_rating', 'bmi', 'life_exp', 'qol', 'num_play_dom', 'dom_int_mv_ratio', 'dom_perc', 'int_perc')",0.584986992
"('power_rating', 'elo_rating', 'life_exp', 'qol', 'num_play_dom', 'dom_int_mv_ratio', 'dom_perc')",0.584977484
"('power_rating', 'elo_rating', 'life_exp', 'qol', 'num_play_dom', 'dom_int_mv_ratio', 'int_perc')",0.584977484
"('power_rating', 'elo_rating', 'life_exp', 'qol', 'num_play_dom', 'dom_int_mv_ratio', 'dom_perc', 'int_perc')",0.584977484
"('power_rating', 'gdp_usd', 'mv_usd', 'elo_rating', 'life_exp', 'qol', 'dom_int_mv_ratio', 'dom_perc')",0.584947389
"('power_rating', 'gdp_usd', 'mv_usd', 'elo_rating', 'life_exp', 'qol', 'dom_int_mv_ratio', 'int_perc')",0.584947389
"('power_rating', 'gdp_usd', 'mv_usd', 'elo_rating', 'life_exp', 'qol', 'dom_int_mv_ratio', 'dom_perc', 'int_perc')",0.584947389
"('power_rating', 'gdp_usd', 'elo_rating', 'bmi', 'mv_play_dom', 'num_play_int', 'dom_int_mv_ratio', 'int_perc')",0.584945448
"('power_rating', 'gdp_usd', 'elo_rating', 'bmi', 'mv_play_dom', 'num_play_int', 'dom_int_mv_ratio', 'dom_perc', 'int_perc')",0.584945448
"('power_rating', 'gdp_usd', 'elo_rating', 'bmi', 'mv_play_dom', 'num_play_int', 'dom_int_mv_ratio', 'dom_perc')",0.584945448
"('power_rating', 'mv_usd', 'elo_rating', 'life_exp', 'qol', 'dom_int_mv_ratio', 'dom_perc')",0.584933798
"('power_rating', 'mv_usd', 'elo_rating', 'life_exp', 'qol', 'dom_int_mv_ratio', 'int_perc')",0.584933798
"('power_rating', 'mv_usd', 'elo_rating', 'life_exp', 'qol', 'dom_int_mv_ratio', 'dom_perc', 'int_perc')",0.584933798
"('power_rating', 'mv_usd', 'elo_rating', 'bmi', 'life_exp', 'mv_play_dom', 'mv_play_int')",0.584931903
"('power_rating', 'mv_usd', 'elo_rating', 'life_exp', 'mv_play_dom', 'mv_play_int')",0.584923462
"('power_rating', 'mv_usd', 'bmi', 'qol', 'mv_play_dom', 'num_play_dom', 'mv_play_int', 'dom_int_mv_ratio')",0.584729983
"('elo_rating', 'bmi', 'qol', 'mv_play_int', 'dom_perc')",0.584723816
"('elo_rating', 'bmi', 'qol', 'mv_play_int', 'int_perc')",0.584723816
"('elo_rating', 'bmi', 'qol', 'mv_play_int', 'dom_perc', 'int_perc')",0.584723816
"('mv_usd', 'dom_int_mv_ratio')",0.584675266
"('power_rating', 'gdp_usd', 'mv_usd', 'elo_rating', 'bmi', 'num_play_int', 'dom_int_mv_ratio', 'dom_perc')",0.584674866
"('power_rating', 'gdp_usd', 'mv_usd', 'elo_rating', 'bmi', 'num_play_int', 'dom_int_mv_ratio', 'int_perc')",0.584674866
"('power_rating', 'gdp_usd', 'mv_usd', 'elo_rating', 'bmi', 'num_play_int', 'dom_int_mv_ratio', 'dom_perc', 'int_perc')",0.584674866
"('power_rating', 'gdp_usd', 'elo_rating', 'bmi', 'num_play_int', 'dom_int_mv_ratio', 'dom_perc')",0.584669499
"('power_rating', 'gdp_usd', 'elo_rating', 'bmi', 'num_play_int', 'dom_int_mv_ratio', 'int_perc')",0.584669499
"('power_rating', 'gdp_usd', 'elo_rating', 'bmi', 'num_play_int', 'dom_int_mv_ratio', 'dom_perc', 'int_perc')",0.584669499
"('mv_usd', 'elo_rating', 'life_exp', 'mv_play_int', 'num_play_int')",0.58466394
"('power_rating', 'mv_usd', 'bmi', 'qol', 'num_play_dom', 'mv_play_int', 'dom_int_mv_ratio')",0.584620975
"('power_rating', 'gdp_usd', 'elo_rating', 'bmi', 'mv_play_dom', 'mv_play_int', 'num_play_int', 'dom_int_mv_ratio')",0.584598135
"('power_rating', 'elo_rating', 'bmi', 'qol', 'mv_play_dom', 'mv_play_int')",0.584581887
"('mv_usd', 'elo_rating', 'life_exp', 'mv_play_int')",0.584539314
"('power_rating', 'gdp_usd', 'mv_play_dom', 'num_play_dom', 'mv_play_int', 'num_play_int', 'dom_perc')",0.584499691
"('power_rating', 'gdp_usd', 'mv_play_dom', 'num_play_dom', 'mv_play_int', 'num_play_int', 'int_perc')",0.584499691
"('power_rating', 'gdp_usd', 'mv_play_dom', 'num_play_dom', 'mv_play_int', 'num_play_int', 'dom_perc', 'int_perc')",0.584499691
"('power_rating', 'elo_rating', 'bmi', 'mv_play_dom', 'mv_play_int', 'num_play_int', 'dom_int_mv_ratio')",0.584476154
"('power_rating', 'gdp_usd', 'mv_usd', 'elo_rating', 'bmi', 'life_exp', 'qol', 'num_play_int', 'dom_perc')",0.584442179
"('power_rating', 'gdp_usd', 'mv_usd', 'elo_rating', 'bmi', 'life_exp', 'qol', 'num_play_int', 'int_perc')",0.584442179
"('power_rating', 'gdp_usd', 'mv_usd', 'elo_rating', 'bmi', 'life_exp', 'qol', 'num_play_int', 'dom_perc', 'int_perc')",0.584442179
"('power_rating', 'gdp_usd', 'qol', 'num_play_dom', 'mv_play_int', 'dom_int_mv_ratio')",0.584416033
"('power_rating', 'gdp_usd', 'bmi', 'qol', 'mv_play_dom', 'num_play_dom', 'mv_play_int', 'dom_perc')",0.584380358
"('power_rating', 'gdp_usd', 'bmi', 'qol', 'mv_play_dom', 'num_play_dom', 'mv_play_int', 'int_perc')",0.584380358
"('power_rating', 'gdp_usd', 'bmi', 'qol', 'mv_play_dom', 'num_play_dom', 'mv_play_int', 'dom_perc', 'int_perc')",0.584380358
"('power_rating', 'mv_usd', 'bmi', 'qol', 'num_play_dom', 'mv_play_int', 'dom_perc')",0.584370668
"('power_rating', 'mv_usd', 'bmi', 'qol', 'num_play_dom', 'mv_play_int', 'int_perc')",0.584370668
"('power_rating', 'mv_usd', 'bmi', 'qol', 'num_play_dom', 'mv_play_int', 'dom_perc', 'int_perc')",0.584370668
"('gdp_usd', 'mv_usd', 'elo_rating', 'bmi', 'life_exp', 'qol', 'mv_play_dom', 'mv_play_int', 'num_play_int', 'dom_int_mv_ratio', 'int_perc')",0.584353439
"('gdp_usd', 'mv_usd', 'elo_rating', 'bmi', 'life_exp', 'qol', 'mv_play_dom', 'mv_play_int', 'num_play_int', 'dom_int_mv_ratio', 'dom_perc', 'int_perc')",0.584353439
"('gdp_usd', 'mv_usd', 'elo_rating', 'bmi', 'life_exp', 'qol', 'mv_play_dom', 'mv_play_int', 'num_play_int', 'dom_int_mv_ratio', 'dom_perc')",0.584353439
"('power_rating', 'gdp_usd', 'bmi', 'life_exp', 'qol', 'num_play_dom', 'mv_play_int', 'dom_perc')",0.584347814
"('power_rating', 'gdp_usd', 'bmi', 'life_exp', 'qol', 'num_play_dom', 'mv_play_int', 'int_perc')",0.584347814
"('power_rating', 'gdp_usd', 'bmi', 'life_exp', 'qol', 'num_play_dom', 'mv_play_int', 'dom_perc', 'int_perc')",0.584347814
"('power_rating', 'elo_rating', 'qol', 'mv_play_dom', 'mv_play_int')",0.584288428
"('power_rating', 'gdp_usd', 'elo_rating', 'bmi', 'life_exp', 'qol', 'dom_int_mv_ratio', 'dom_perc')",0.584275099
"('power_rating', 'gdp_usd', 'elo_rating', 'bmi', 'life_exp', 'qol', 'dom_int_mv_ratio', 'int_perc')",0.584275099
"('power_rating', 'gdp_usd', 'elo_rating', 'bmi', 'life_exp', 'qol', 'dom_int_mv_ratio', 'dom_perc', 'int_perc')",0.584275099
"('power_rating', 'gdp_usd', 'life_exp', 'qol', 'mv_play_dom', 'num_play_dom', 'mv_play_int')",0.584215695
"('power_rating', 'bmi', 'qol', 'mv_play_dom', 'num_play_dom', 'mv_play_int', 'dom_int_mv_ratio')",0.5842059
"('power_rating', 'gdp_usd', 'mv_usd', 'bmi', 'life_exp', 'mv_play_dom', 'num_play_dom', 'mv_play_int', 'dom_int_mv_ratio', 'dom_perc')",0.584171304
"('power_rating', 'gdp_usd', 'mv_usd', 'bmi', 'life_exp', 'mv_play_dom', 'num_play_dom', 'mv_play_int', 'dom_int_mv_ratio', 'int_perc')",0.584171304
"('power_rating', 'gdp_usd', 'mv_usd', 'bmi', 'life_exp', 'mv_play_dom', 'num_play_dom', 'mv_play_int', 'dom_int_mv_ratio', 'dom_perc', 'int_perc')",0.584171304
"('power_rating', 'mv_usd', 'bmi', 'life_exp', 'mv_play_dom', 'num_play_dom', 'mv_play_int', 'dom_int_mv_ratio', 'dom_perc')",0.584170296
"('power_rating', 'mv_usd', 'bmi', 'life_exp', 'mv_play_dom', 'num_play_dom', 'mv_play_int', 'dom_int_mv_ratio', 'int_perc')",0.584170296
"('power_rating', 'mv_usd', 'bmi', 'life_exp', 'mv_play_dom', 'num_play_dom', 'mv_play_int', 'dom_int_mv_ratio', 'dom_perc', 'int_perc')",0.584170296
"('power_rating', 'gdp_usd', 'mv_usd', 'bmi', 'life_exp', 'num_play_dom', 'mv_play_int', 'dom_int_mv_ratio', 'dom_perc')",0.584145387
"('power_rating', 'gdp_usd', 'mv_usd', 'bmi', 'life_exp', 'num_play_dom', 'mv_play_int', 'dom_int_mv_ratio', 'int_perc')",0.584145387
"('power_rating', 'gdp_usd', 'mv_usd', 'bmi', 'life_exp', 'num_play_dom', 'mv_play_int', 'dom_int_mv_ratio', 'dom_perc', 'int_perc')",0.584145387
"('power_rating', 'mv_usd', 'bmi', 'life_exp', 'num_play_dom', 'mv_play_int', 'dom_int_mv_ratio', 'dom_perc')",0.584145131
"('power_rating', 'mv_usd', 'bmi', 'life_exp', 'num_play_dom', 'mv_play_int', 'dom_int_mv_ratio', 'int_perc')",0.584145131
"('power_rating', 'mv_usd', 'bmi', 'life_exp', 'num_play_dom', 'mv_play_int', 'dom_int_mv_ratio', 'dom_perc', 'int_perc')",0.584145131
"('power_rating', 'gdp_usd', 'bmi', 'life_exp', 'mv_play_dom', 'num_play_dom', 'mv_play_int', 'dom_int_mv_ratio', 'dom_perc')",0.584136457
"('power_rating', 'gdp_usd', 'bmi', 'life_exp', 'mv_play_dom', 'num_play_dom', 'mv_play_int', 'dom_int_mv_ratio', 'int_perc')",0.584136457
"('power_rating', 'gdp_usd', 'bmi', 'life_exp', 'mv_play_dom', 'num_play_dom', 'mv_play_int', 'dom_int_mv_ratio', 'dom_perc', 'int_perc')",0.584136457
"('mv_usd', 'elo_rating', 'life_exp', 'num_play_int')",0.584128977
"('power_rating', 'bmi', 'life_exp', 'mv_play_dom', 'num_play_dom', 'mv_play_int', 'dom_int_mv_ratio', 'dom_perc')",0.584124105
"('power_rating', 'bmi', 'life_exp', 'mv_play_dom', 'num_play_dom', 'mv_play_int', 'dom_int_mv_ratio', 'int_perc')",0.584124105
"('power_rating', 'bmi', 'life_exp', 'mv_play_dom', 'num_play_dom', 'mv_play_int', 'dom_int_mv_ratio', 'dom_perc', 'int_perc')",0.584124105
"('mv_usd', 'elo_rating', 'life_exp')",0.584123462
"('gdp_usd', 'mv_usd', 'elo_rating', 'life_exp', 'qol', 'mv_play_dom', 'mv_play_int', 'num_play_int', 'dom_int_mv_ratio', 'dom_perc')",0.584094253
"('gdp_usd', 'mv_usd', 'elo_rating', 'life_exp', 'qol', 'mv_play_dom', 'mv_play_int', 'num_play_int', 'dom_int_mv_ratio', 'int_perc')",0.584094253
"('gdp_usd', 'mv_usd', 'elo_rating', 'life_exp', 'qol', 'mv_play_dom', 'mv_play_int', 'num_play_int', 'dom_int_mv_ratio', 'dom_perc', 'int_perc')",0.584094253
"('power_rating', 'mv_usd', 'mv_play_dom', 'mv_play_int', 'num_play_int', 'dom_int_mv_ratio', 'dom_perc')",0.584022903
"('power_rating', 'mv_usd', 'mv_play_dom', 'mv_play_int', 'num_play_int', 'dom_int_mv_ratio', 'int_perc')",0.584022903
"('power_rating', 'mv_usd', 'mv_play_dom', 'mv_play_int', 'num_play_int', 'dom_int_mv_ratio', 'dom_perc', 'int_perc')",0.584022903
"('power_rating', 'mv_usd', 'mv_play_int', 'num_play_int', 'dom_int_mv_ratio', 'dom_perc')",0.583988799
"('power_rating', 'mv_usd', 'mv_play_int', 'num_play_int', 'dom_int_mv_ratio', 'int_perc')",0.583988799
"('power_rating', 'mv_usd', 'mv_play_int', 'num_play_int', 'dom_int_mv_ratio', 'dom_perc', 'int_perc')",0.583988799
"('power_rating', 'gdp_usd', 'elo_rating', 'bmi', 'mv_play_dom', 'num_play_dom', 'num_play_int', 'dom_perc')",0.583982347
"('power_rating', 'gdp_usd', 'elo_rating', 'bmi', 'mv_play_dom', 'num_play_dom', 'num_play_int', 'int_perc')",0.583982347
"('power_rating', 'gdp_usd', 'elo_rating', 'bmi', 'mv_play_dom', 'num_play_dom', 'num_play_int', 'dom_perc', 'int_perc')",0.583982347
"('power_rating', 'elo_rating', 'bmi', 'life_exp', 'qol', 'dom_int_mv_ratio', 'dom_perc')",0.583961645
"('power_rating', 'elo_rating', 'bmi', 'life_exp', 'qol', 'dom_int_mv_ratio', 'int_perc')",0.583961645
"('power_rating', 'elo_rating', 'bmi', 'life_exp', 'qol', 'dom_int_mv_ratio', 'dom_perc', 'int_perc')",0.583961645
"('power_rating', 'gdp_usd', 'elo_rating', 'life_exp', 'qol', 'dom_int_mv_ratio', 'dom_perc')",0.583868256
"('power_rating', 'gdp_usd', 'elo_rating', 'life_exp', 'qol', 'dom_int_mv_ratio', 'int_perc')",0.583868256
"('power_rating', 'gdp_usd', 'elo_rating', 'life_exp', 'qol', 'dom_int_mv_ratio', 'dom_perc', 'int_perc')",0.583868256
"('gdp_usd', 'mv_usd', 'elo_rating', 'bmi', 'life_exp', 'qol', 'mv_play_dom', 'num_play_int', 'dom_int_mv_ratio', 'dom_perc')",0.583860062
"('gdp_usd', 'mv_usd', 'elo_rating', 'bmi', 'life_exp', 'qol', 'mv_play_dom', 'num_play_int', 'dom_int_mv_ratio', 'int_perc')",0.583860062
"('gdp_usd', 'mv_usd', 'elo_rating', 'bmi', 'life_exp', 'qol', 'mv_play_dom', 'num_play_int', 'dom_int_mv_ratio', 'dom_perc', 'int_perc')",0.583860062
"('power_rating', 'elo_rating', 'bmi', 'life_exp', 'qol', 'mv_play_int')",0.583683951
"('power_rating', 'elo_rating', 'life_exp', 'qol', 'dom_int_mv_ratio', 'dom_perc')",0.583679325
"('power_rating', 'elo_rating', 'life_exp', 'qol', 'dom_int_mv_ratio', 'int_perc')",0.583679325
"('power_rating', 'elo_rating', 'life_exp', 'qol', 'dom_int_mv_ratio', 'dom_perc', 'int_perc')",0.583679325
"('power_rating', 'gdp_usd', 'mv_usd', 'elo_rating', 'bmi', 'life_exp', 'num_play_int', 'dom_perc')",0.583677064
"('power_rating', 'gdp_usd', 'mv_usd', 'elo_rating', 'bmi', 'life_exp', 'num_play_int', 'int_perc')",0.583677064
"('power_rating', 'gdp_usd', 'mv_usd', 'elo_rating', 'bmi', 'life_exp', 'num_play_int', 'dom_perc', 'int_perc')",0.583677064
"('gdp_usd', 'mv_usd', 'elo_rating', 'life_exp', 'qol', 'mv_play_dom', 'num_play_int', 'dom_int_mv_ratio', 'dom_perc')",0.583653125
"('gdp_usd', 'mv_usd', 'elo_rating', 'life_exp', 'qol', 'mv_play_dom', 'num_play_int', 'dom_int_mv_ratio', 'int_perc')",0.583653125
"('gdp_usd', 'mv_usd', 'elo_rating', 'life_exp', 'qol', 'mv_play_dom', 'num_play_int', 'dom_int_mv_ratio', 'dom_perc', 'int_perc')",0.583653125
"('power_rating', 'mv_play_dom', 'mv_play_int', 'num_play_int', 'dom_int_mv_ratio', 'dom_perc')",0.583628956
"('power_rating', 'mv_play_dom', 'mv_play_int', 'num_play_int', 'dom_int_mv_ratio', 'int_perc')",0.583628956
"('power_rating', 'mv_play_dom', 'mv_play_int', 'num_play_int', 'dom_int_mv_ratio', 'dom_perc', 'int_perc')",0.583628956
"('power_rating', 'gdp_usd', 'mv_usd', 'bmi', 'life_exp', 'qol', 'mv_play_int', 'dom_perc')",0.583600041
"('power_rating', 'gdp_usd', 'mv_usd', 'bmi', 'life_exp', 'qol', 'mv_play_int', 'int_perc')",0.583600041
"('power_rating', 'gdp_usd', 'mv_usd', 'bmi', 'life_exp', 'qol', 'mv_play_int', 'dom_perc', 'int_perc')",0.583600041
"('power_rating', 'gdp_usd', 'bmi', 'life_exp', 'num_play_dom', 'mv_play_int', 'dom_int_mv_ratio', 'dom_perc')",0.583556777
"('power_rating', 'gdp_usd', 'bmi', 'life_exp', 'num_play_dom', 'mv_play_int', 'dom_int_mv_ratio', 'int_perc')",0.583556777
"('power_rating', 'gdp_usd', 'bmi', 'life_exp', 'num_play_dom', 'mv_play_int', 'dom_int_mv_ratio', 'dom_perc', 'int_perc')",0.583556777
"('power_rating', 'mv_usd', 'elo_rating', 'bmi', 'qol', 'num_play_dom', 'dom_int_mv_ratio', 'dom_perc')",0.583523727
"('power_rating', 'mv_usd', 'elo_rating', 'bmi', 'qol', 'num_play_dom', 'dom_int_mv_ratio', 'int_perc')",0.583523727
"('power_rating', 'mv_usd', 'elo_rating', 'bmi', 'qol', 'num_play_dom', 'dom_int_mv_ratio', 'dom_perc', 'int_perc')",0.583523727
"('power_rating', 'bmi', 'life_exp', 'num_play_dom', 'mv_play_int', 'dom_int_mv_ratio', 'dom_perc')",0.583512745
"('power_rating', 'bmi', 'life_exp', 'num_play_dom', 'mv_play_int', 'dom_int_mv_ratio', 'int_perc')",0.583512745
"('power_rating', 'bmi', 'life_exp', 'num_play_dom', 'mv_play_int', 'dom_int_mv_ratio', 'dom_perc', 'int_perc')",0.583512745
"('power_rating', 'bmi', 'life_exp', 'qol', 'num_play_dom', 'mv_play_int', 'dom_perc')",0.583441558
"('power_rating', 'bmi', 'life_exp', 'qol', 'num_play_dom', 'mv_play_int', 'int_perc')",0.583441558
"('power_rating', 'bmi', 'life_exp', 'qol', 'num_play_dom', 'mv_play_int', 'dom_perc', 'int_perc')",0.583441558
"('life_exp', 'qol', 'mv_play_dom', 'mv_play_int', 'num_play_int', 'dom_int_mv_ratio', 'dom_perc')",0.583440962
"('life_exp', 'qol', 'mv_play_dom', 'mv_play_int', 'num_play_int', 'dom_int_mv_ratio', 'int_perc')",0.583440962
"('life_exp', 'qol', 'mv_play_dom', 'mv_play_int', 'num_play_int', 'dom_int_mv_ratio', 'dom_perc', 'int_perc')",0.583440962
"('power_rating', 'mv_usd', 'elo_rating', 'qol', 'num_play_dom', 'dom_int_mv_ratio', 'dom_perc')",0.583411536
"('power_rating', 'mv_usd', 'elo_rating', 'qol', 'num_play_dom', 'dom_int_mv_ratio', 'int_perc')",0.583411536
"('power_rating', 'mv_usd', 'elo_rating', 'qol', 'num_play_dom', 'dom_int_mv_ratio', 'dom_perc', 'int_perc')",0.583411536
"('power_rating', 'gdp_usd', 'mv_usd', 'elo_rating', 'num_play_dom', 'mv_play_int', 'num_play_int', 'dom_int_mv_ratio')",0.583409976
"('power_rating', 'gdp_usd', 'mv_usd', 'life_exp', 'qol', 'mv_play_int', 'dom_perc')",0.583406887
"('power_rating', 'gdp_usd', 'mv_usd', 'life_exp', 'qol', 'mv_play_int', 'int_perc')",0.583406887
"('power_rating', 'gdp_usd', 'mv_usd', 'life_exp', 'qol', 'mv_play_int', 'dom_perc', 'int_perc')",0.583406887
"('life_exp', 'qol', 'mv_play_int', 'num_play_int', 'dom_int_mv_ratio', 'dom_perc')",0.583263953
"('life_exp', 'qol', 'mv_play_int', 'num_play_int', 'dom_int_mv_ratio', 'int_perc')",0.583263953
"('life_exp', 'qol', 'mv_play_int', 'num_play_int', 'dom_int_mv_ratio', 'dom_perc', 'int_perc')",0.583263953
"('power_rating', 'mv_usd', 'elo_rating', 'life_exp', 'qol', 'mv_play_int')",0.583228845
"('power_rating', 'gdp_usd', 'life_exp', 'qol', 'num_play_dom', 'mv_play_int', 'dom_perc')",0.583094718
"('power_rating', 'gdp_usd', 'life_exp', 'qol', 'num_play_dom', 'mv_play_int', 'int_perc')",0.583094718
"('power_rating', 'gdp_usd', 'life_exp', 'qol', 'num_play_dom', 'mv_play_int', 'dom_perc', 'int_perc')",0.583094718
"('elo_rating', 'qol', 'mv_play_dom')",0.583036875
"('power_rating', 'gdp_usd', 'mv_usd', 'bmi', 'qol', 'mv_play_int', 'dom_perc')",0.583000244
"('power_rating', 'gdp_usd', 'mv_usd', 'bmi', 'qol', 'mv_play_int', 'int_perc')",0.583000244
"('power_rating', 'gdp_usd', 'mv_usd', 'bmi', 'qol', 'mv_play_int', 'dom_perc', 'int_perc')",0.583000244
"('power_rating', 'mv_usd', 'qol', 'mv_play_dom', 'num_play_dom', 'mv_play_int', 'dom_int_mv_ratio')",0.582931295
"('power_rating', 'mv_usd', 'qol', 'num_play_dom', 'mv_play_int', 'dom_int_mv_ratio')",0.582887192
"('power_rating', 'mv_play_int', 'num_play_int', 'dom_int_mv_ratio', 'dom_perc')",0.582868775
"('power_rating', 'mv_play_int', 'num_play_int', 'dom_int_mv_ratio', 'int_perc')",0.582868775
"('power_rating', 'mv_play_int', 'num_play_int', 'dom_int_mv_ratio', 'dom_perc', 'int_perc')",0.582868775
"('power_rating', 'elo_rating', 'num_play_dom', 'mv_play_int', 'num_play_int', 'dom_perc')",0.582855528
"('power_rating', 'elo_rating', 'num_play_dom', 'mv_play_int', 'num_play_int', 'int_perc')",0.582855528
"('power_rating', 'elo_rating', 'num_play_dom', 'mv_play_int', 'num_play_int', 'dom_perc', 'int_perc')",0.582855528
"('power_rating', 'gdp_usd', 'mv_usd', 'elo_rating', 'mv_play_dom', 'mv_play_int', 'num_play_int', 'dom_perc')",0.582750868
"('power_rating', 'gdp_usd', 'mv_usd', 'elo_rating', 'mv_play_dom', 'mv_play_int', 'num_play_int', 'int_perc')",0.582750868
"('power_rating', 'gdp_usd', 'mv_usd', 'elo_rating', 'mv_play_dom', 'mv_play_int', 'num_play_int', 'dom_perc', 'int_perc')",0.582750868
"('power_rating', 'gdp_usd', 'bmi', 'qol', 'mv_play_dom', 'num_play_dom', 'mv_play_int')",0.582729198
"('power_rating', 'gdp_usd', 'mv_usd', 'bmi', 'mv_play_dom', 'mv_play_int', 'num_play_int', 'dom_int_mv_ratio')",0.582674703
"('power_rating', 'elo_rating', 'bmi', 'qol', 'num_play_dom', 'dom_int_mv_ratio', 'dom_perc')",0.582611346
"('power_rating', 'elo_rating', 'bmi', 'qol', 'num_play_dom', 'dom_int_mv_ratio', 'int_perc')",0.582611346
"('power_rating', 'elo_rating', 'bmi', 'qol', 'num_play_dom', 'dom_int_mv_ratio', 'dom_perc', 'int_perc')",0.582611346
"('power_rating', 'mv_usd', 'bmi', 'life_exp', 'qol', 'mv_play_dom', 'num_play_dom', 'mv_play_int')",0.582603163
"('power_rating', 'mv_usd', 'bmi', 'life_exp', 'qol', 'num_play_dom', 'mv_play_int')",0.5825573
"('power_rating', 'gdp_usd', 'mv_usd', 'elo_rating', 'bmi', 'qol', 'dom_int_mv_ratio', 'dom_perc')",0.582492363
"('power_rating', 'gdp_usd', 'mv_usd', 'elo_rating', 'bmi', 'qol', 'dom_int_mv_ratio', 'int_perc')",0.582492363
"('power_rating', 'gdp_usd', 'mv_usd', 'elo_rating', 'bmi', 'qol', 'dom_int_mv_ratio', 'dom_perc', 'int_perc')",0.582492363
"('power_rating', 'gdp_usd', 'mv_usd', 'qol', 'mv_play_int', 'dom_perc')",0.582413902
"('power_rating', 'gdp_usd', 'mv_usd', 'qol', 'mv_play_int', 'int_perc')",0.582413902
"('power_rating', 'gdp_usd', 'mv_usd', 'qol', 'mv_play_int', 'dom_perc', 'int_perc')",0.582413902
"('power_rating', 'gdp_usd', 'mv_usd', 'elo_rating', 'bmi', 'mv_play_dom', 'num_play_dom', 'mv_play_int', 'dom_perc')",0.582390868
"('power_rating', 'gdp_usd', 'mv_usd', 'elo_rating', 'bmi', 'mv_play_dom', 'num_play_dom', 'mv_play_int', 'int_perc')",0.582390868
"('power_rating', 'gdp_usd', 'mv_usd', 'elo_rating', 'bmi', 'mv_play_dom', 'num_play_dom', 'mv_play_int', 'dom_perc', 'int_perc')",0.582390868
"('power_rating', 'qol', 'mv_play_dom', 'num_play_dom', 'mv_play_int', 'dom_int_mv_ratio')",0.582382161
"('power_rating', 'elo_rating', 'qol', 'num_play_dom', 'dom_int_mv_ratio', 'dom_perc')",0.582378473
"('power_rating', 'elo_rating', 'qol', 'num_play_dom', 'dom_int_mv_ratio', 'int_perc')",0.582378473
"('power_rating', 'elo_rating', 'qol', 'num_play_dom', 'dom_int_mv_ratio', 'dom_perc', 'int_perc')",0.582378473
"('power_rating', 'gdp_usd', 'mv_usd', 'elo_rating', 'bmi', 'mv_play_dom', 'mv_play_int', 'dom_int_mv_ratio', 'int_perc')",0.582378281
"('power_rating', 'gdp_usd', 'mv_usd', 'elo_rating', 'bmi', 'mv_play_dom', 'mv_play_int', 'dom_int_mv_ratio', 'dom_perc')",0.582378281
"('power_rating', 'gdp_usd', 'mv_usd', 'elo_rating', 'bmi', 'mv_play_dom', 'mv_play_int', 'dom_int_mv_ratio', 'dom_perc', 'int_perc')",0.582378281
"('power_rating', 'gdp_usd', 'mv_usd', 'elo_rating', 'life_exp', 'qol', 'mv_play_dom', 'num_play_int', 'dom_perc')",0.582286276
"('power_rating', 'gdp_usd', 'mv_usd', 'elo_rating', 'life_exp', 'qol', 'mv_play_dom', 'num_play_int', 'int_perc')",0.582286276
"('power_rating', 'gdp_usd', 'mv_usd', 'elo_rating', 'life_exp', 'qol', 'mv_play_dom', 'num_play_int', 'dom_perc', 'int_perc')",0.582286276
"('power_rating', 'mv_usd', 'elo_rating', 'mv_play_dom', 'num_play_dom', 'mv_play_int', 'num_play_int', 'dom_int_mv_ratio')",0.582247834
"('power_rating', 'gdp_usd', 'mv_usd', 'elo_rating', 'bmi', 'mv_play_dom', 'num_play_dom', 'mv_play_int')",0.582219437
"('power_rating', 'mv_usd', 'elo_rating', 'bmi', 'life_exp', 'mv_play_dom', 'num_play_int', 'dom_perc')",0.582193143
"('power_rating', 'mv_usd', 'elo_rating', 'bmi', 'life_exp', 'mv_play_dom', 'num_play_int', 'int_perc')",0.582193143
"('power_rating', 'mv_usd', 'elo_rating', 'bmi', 'life_exp', 'mv_play_dom', 'num_play_int', 'dom_perc', 'int_perc')",0.582193143
"('power_rating', 'mv_usd', 'elo_rating', 'bmi', 'qol', 'dom_int_mv_ratio', 'dom_perc')",0.582148921
"('power_rating', 'mv_usd', 'elo_rating', 'bmi', 'qol', 'dom_int_mv_ratio', 'int_perc')",0.582148921
"('power_rating', 'mv_usd', 'elo_rating', 'bmi', 'qol', 'dom_int_mv_ratio', 'dom_perc', 'int_perc')",0.582148921
"('power_rating', 'gdp_usd', 'elo_rating', 'bmi', 'qol', 'dom_int_mv_ratio', 'dom_perc')",0.582124958
"('power_rating', 'gdp_usd', 'elo_rating', 'bmi', 'qol', 'dom_int_mv_ratio', 'int_perc')",0.582124958
"('power_rating', 'gdp_usd', 'elo_rating', 'bmi', 'qol', 'dom_int_mv_ratio', 'dom_perc', 'int_perc')",0.582124958
"('power_rating', 'life_exp', 'qol', 'num_play_dom', 'mv_play_int', 'dom_perc')",0.58210503
"('power_rating', 'life_exp', 'qol', 'num_play_dom', 'mv_play_int', 'int_perc')",0.58210503
"('power_rating', 'life_exp', 'qol', 'num_play_dom', 'mv_play_int', 'dom_perc', 'int_perc')",0.58210503
"('power_rating', 'elo_rating', 'bmi', 'mv_play_dom', 'num_play_dom', 'num_play_int', 'dom_perc')",0.582000412
"('power_rating', 'elo_rating', 'bmi', 'mv_play_dom', 'num_play_dom', 'num_play_int', 'int_perc')",0.582000412
"('power_rating', 'elo_rating', 'bmi', 'mv_play_dom', 'num_play_dom', 'num_play_int', 'dom_perc', 'int_perc')",0.582000412
"('power_rating', 'gdp_usd', 'bmi', 'qol', 'mv_play_dom', 'num_play_dom', 'num_play_int', 'dom_perc')",0.581928689
"('power_rating', 'gdp_usd', 'bmi', 'qol', 'mv_play_dom', 'num_play_dom', 'num_play_int', 'int_perc')",0.581928689
"('power_rating', 'gdp_usd', 'bmi', 'qol', 'mv_play_dom', 'num_play_dom', 'num_play_int', 'dom_perc', 'int_perc')",0.581928689
"('power_rating', 'gdp_usd', 'bmi', 'life_exp', 'qol', 'mv_play_dom', 'mv_play_int', 'dom_int_mv_ratio', 'dom_perc')",0.58192297
"('power_rating', 'gdp_usd', 'bmi', 'life_exp', 'qol', 'mv_play_dom', 'mv_play_int', 'dom_int_mv_ratio', 'int_perc')",0.58192297
"('power_rating', 'gdp_usd', 'bmi', 'life_exp', 'qol', 'mv_play_dom', 'mv_play_int', 'dom_int_mv_ratio', 'dom_perc', 'int_perc')",0.58192297
"('power_rating', 'gdp_usd', 'life_exp', 'qol', 'mv_play_dom', 'mv_play_int', 'dom_int_mv_ratio', 'dom_perc')",0.581906951
"('power_rating', 'gdp_usd', 'life_exp', 'qol', 'mv_play_dom', 'mv_play_int', 'dom_int_mv_ratio', 'int_perc')",0.581906951
"('power_rating', 'gdp_usd', 'life_exp', 'qol', 'mv_play_dom', 'mv_play_int', 'dom_int_mv_ratio', 'dom_perc', 'int_perc')",0.581906951
"('power_rating', 'gdp_usd', 'mv_usd', 'elo_rating', 'bmi', 'qol', 'mv_play_dom', 'num_play_int', 'dom_perc')",0.581877759
"('power_rating', 'gdp_usd', 'mv_usd', 'elo_rating', 'bmi', 'qol', 'mv_play_dom', 'num_play_int', 'int_perc')",0.581877759
"('power_rating', 'gdp_usd', 'mv_usd', 'elo_rating', 'bmi', 'qol', 'mv_play_dom', 'num_play_int', 'dom_perc', 'int_perc')",0.581877759
"('power_rating', 'mv_usd', 'elo_rating', 'bmi', 'qol', 'mv_play_dom', 'num_play_int', 'dom_perc')",0.581873137
"('power_rating', 'mv_usd', 'elo_rating', 'bmi', 'qol', 'mv_play_dom', 'num_play_int', 'int_perc')",0.581873137
"('power_rating', 'mv_usd', 'elo_rating', 'bmi', 'qol', 'mv_play_dom', 'num_play_int', 'dom_perc', 'int_perc')",0.581873137
"('power_rating', 'bmi', 'qol', 'mv_play_dom', 'num_play_dom', 'num_play_int', 'dom_perc')",0.581845392
"('power_rating', 'bmi', 'qol', 'mv_play_dom', 'num_play_dom', 'num_play_int', 'int_perc')",0.581845392
"('power_rating', 'bmi', 'qol', 'mv_play_dom', 'num_play_dom', 'num_play_int', 'dom_perc', 'int_perc')",0.581845392
"('power_rating', 'mv_usd', 'qol', 'mv_play_dom', 'num_play_dom', 'mv_play_int', 'dom_perc', 'int_perc')",0.581683554
"('power_rating', 'mv_usd', 'qol', 'mv_play_dom', 'num_play_dom', 'mv_play_int', 'dom_perc')",0.581683554
"('power_rating', 'mv_usd', 'qol', 'mv_play_dom', 'num_play_dom', 'mv_play_int', 'int_perc')",0.581683554
"('power_rating', 'gdp_usd', 'mv_usd', 'bmi', 'mv_play_dom', 'mv_play_int', 'num_play_int')",0.581503625
"('power_rating', 'mv_usd', 'elo_rating', 'bmi', 'mv_play_dom', 'num_play_dom', 'mv_play_int', 'dom_perc')",0.581495321
"('power_rating', 'mv_usd', 'elo_rating', 'bmi', 'mv_play_dom', 'num_play_dom', 'mv_play_int', 'int_perc')",0.581495321
"('power_rating', 'mv_usd', 'elo_rating', 'bmi', 'mv_play_dom', 'num_play_dom', 'mv_play_int', 'dom_perc', 'int_perc')",0.581495321
"('power_rating', 'elo_rating', 'bmi', 'qol', 'dom_int_mv_ratio', 'dom_perc')",0.581477574
"('power_rating', 'elo_rating', 'bmi', 'qol', 'dom_int_mv_ratio', 'int_perc')",0.581477574
"('power_rating', 'elo_rating', 'bmi', 'qol', 'dom_int_mv_ratio', 'dom_perc', 'int_perc')",0.581477574
"('power_rating', 'gdp_usd', 'mv_usd', 'elo_rating', 'qol', 'dom_int_mv_ratio', 'dom_perc')",0.581466829
"('power_rating', 'gdp_usd', 'mv_usd', 'elo_rating', 'qol', 'dom_int_mv_ratio', 'int_perc')",0.581466829
"('power_rating', 'gdp_usd', 'mv_usd', 'elo_rating', 'qol', 'dom_int_mv_ratio', 'dom_perc', 'int_perc')",0.581466829
"('power_rating', 'mv_usd', 'bmi', 'mv_play_dom', 'mv_play_int', 'num_play_int', 'dom_int_mv_ratio')",0.581401164
"('power_rating', 'mv_usd', 'elo_rating', 'qol', 'dom_int_mv_ratio', 'dom_perc')",0.581323399
"('power_rating', 'mv_usd', 'elo_rating', 'qol', 'dom_int_mv_ratio', 'int_perc')",0.581323399
"('power_rating', 'mv_usd', 'elo_rating', 'qol', 'dom_int_mv_ratio', 'dom_perc', 'int_perc')",0.581323399
"('power_rating', 'mv_usd', 'elo_rating', 'life_exp', 'qol', 'mv_play_dom', 'num_play_int', 'dom_perc')",0.58131819
"('power_rating', 'mv_usd', 'elo_rating', 'life_exp', 'qol', 'mv_play_dom', 'num_play_int', 'int_perc')",0.58131819
"('power_rating', 'mv_usd', 'elo_rating', 'life_exp', 'qol', 'mv_play_dom', 'num_play_int', 'dom_perc', 'int_perc')",0.58131819
"('power_rating', 'bmi', 'qol', 'mv_play_dom', 'num_play_dom', 'mv_play_int', 'dom_perc')",0.58123155
"('power_rating', 'bmi', 'qol', 'mv_play_dom', 'num_play_dom', 'mv_play_int', 'int_perc')",0.58123155
"('power_rating', 'bmi', 'qol', 'mv_play_dom', 'num_play_dom', 'mv_play_int', 'dom_perc', 'int_perc')",0.58123155
"('power_rating', 'gdp_usd', 'mv_usd', 'elo_rating', 'mv_play_int', 'num_play_int', 'dom_perc')",0.581204543
"('power_rating', 'gdp_usd', 'mv_usd', 'elo_rating', 'mv_play_int', 'num_play_int', 'int_perc')",0.581204543
"('power_rating', 'gdp_usd', 'mv_usd', 'elo_rating', 'mv_play_int', 'num_play_int', 'dom_perc', 'int_perc')",0.581204543
"('power_rating', 'mv_usd', 'life_exp', 'qol', 'mv_play_dom', 'num_play_dom', 'mv_play_int')",0.58119157
"('power_rating', 'mv_usd', 'life_exp', 'qol', 'num_play_dom', 'mv_play_int')",0.581173335
"('power_rating', 'gdp_usd', 'mv_usd', 'bmi', 'life_exp', 'mv_play_dom', 'num_play_dom', 'mv_play_int', 'dom_perc')",0.581135661
"('power_rating', 'gdp_usd', 'mv_usd', 'bmi', 'life_exp', 'mv_play_dom', 'num_play_dom', 'mv_play_int', 'int_perc')",0.581135661
"('power_rating', 'gdp_usd', 'mv_usd', 'bmi', 'life_exp', 'mv_play_dom', 'num_play_dom', 'mv_play_int', 'dom_perc', 'int_perc')",0.581135661
"('power_rating', 'gdp_usd', 'bmi', 'qol', 'mv_play_dom', 'mv_play_int', 'dom_int_mv_ratio', 'dom_perc')",0.581133952
"('power_rating', 'gdp_usd', 'bmi', 'qol', 'mv_play_dom', 'mv_play_int', 'dom_int_mv_ratio', 'int_perc')",0.581133952
"('power_rating', 'gdp_usd', 'bmi', 'qol', 'mv_play_dom', 'mv_play_int', 'dom_int_mv_ratio', 'dom_perc', 'int_perc')",0.581133952
"('power_rating', 'mv_usd', 'elo_rating', 'bmi', 'mv_play_dom', 'num_play_int', 'dom_int_mv_ratio', 'dom_perc')",0.581108604
"('power_rating', 'mv_usd', 'elo_rating', 'bmi', 'mv_play_dom', 'num_play_int', 'dom_int_mv_ratio', 'int_perc')",0.581108604
"('power_rating', 'mv_usd', 'elo_rating', 'bmi', 'mv_play_dom', 'num_play_int', 'dom_int_mv_ratio', 'dom_perc', 'int_perc')",0.581108604
"('power_rating', 'gdp_usd', 'qol', 'mv_play_dom', 'mv_play_int', 'dom_int_mv_ratio', 'dom_perc')",0.581106602
"('power_rating', 'gdp_usd', 'qol', 'mv_play_dom', 'mv_play_int', 'dom_int_mv_ratio', 'int_perc')",0.581106602
"('power_rating', 'gdp_usd', 'qol', 'mv_play_dom', 'mv_play_int', 'dom_int_mv_ratio', 'dom_perc', 'int_perc')",0.581106602
"('power_rating', 'elo_rating', 'life_exp', 'qol', 'mv_play_int', 'dom_int_mv_ratio')",0.581047828
"('power_rating', 'gdp_usd', 'mv_usd', 'bmi', 'life_exp', 'num_play_dom', 'mv_play_int', 'dom_perc')",0.581047248
"('power_rating', 'gdp_usd', 'mv_usd', 'bmi', 'life_exp', 'num_play_dom', 'mv_play_int', 'int_perc')",0.581047248
"('power_rating', 'gdp_usd', 'mv_usd', 'bmi', 'life_exp', 'num_play_dom', 'mv_play_int', 'dom_perc', 'int_perc')",0.581047248
"('power_rating', 'mv_usd', 'bmi', 'life_exp', 'mv_play_dom', 'num_play_dom', 'mv_play_int', 'dom_perc')",0.581000798
"('power_rating', 'mv_usd', 'bmi', 'life_exp', 'mv_play_dom', 'num_play_dom', 'mv_play_int', 'int_perc')",0.581000798
"('power_rating', 'mv_usd', 'bmi', 'life_exp', 'mv_play_dom', 'num_play_dom', 'mv_play_int', 'dom_perc', 'int_perc')",0.581000798
"('power_rating', 'gdp_usd', 'qol', 'mv_play_dom', 'num_play_dom', 'mv_play_int', 'dom_perc')",0.58098055
"('power_rating', 'gdp_usd', 'qol', 'mv_play_dom', 'num_play_dom', 'mv_play_int', 'int_perc')",0.58098055
"('power_rating', 'gdp_usd', 'qol', 'mv_play_dom', 'num_play_dom', 'mv_play_int', 'dom_perc', 'int_perc')",0.58098055
"('power_rating', 'elo_rating', 'bmi', 'qol', 'mv_play_int', 'dom_int_mv_ratio')",0.580973287
"('power_rating', 'mv_usd', 'bmi', 'life_exp', 'num_play_dom', 'mv_play_int', 'dom_perc')",0.580955616
"('power_rating', 'mv_usd', 'bmi', 'life_exp', 'num_play_dom', 'mv_play_int', 'int_perc')",0.580955616
"('power_rating', 'mv_usd', 'bmi', 'life_exp', 'num_play_dom', 'mv_play_int', 'dom_perc', 'int_perc')",0.580955616
"('life_exp', 'qol', 'mv_play_dom', 'num_play_dom', 'mv_play_int', 'num_play_int', 'dom_perc')",0.580953229
"('life_exp', 'qol', 'mv_play_dom', 'num_play_dom', 'mv_play_int', 'num_play_int', 'int_perc')",0.580953229
"('life_exp', 'qol', 'mv_play_dom', 'num_play_dom', 'mv_play_int', 'num_play_int', 'dom_perc', 'int_perc')",0.580953229
"('power_rating', 'mv_usd', 'elo_rating', 'bmi', 'mv_play_dom', 'num_play_dom', 'mv_play_int')",0.580903155
"('life_exp', 'qol', 'mv_play_dom', 'num_play_dom', 'num_play_int', 'dom_perc')",0.580896255
"('life_exp', 'qol', 'mv_play_dom', 'num_play_dom', 'num_play_int', 'int_perc')",0.580896255
"('life_exp', 'qol', 'mv_play_dom', 'num_play_dom', 'num_play_int', 'dom_perc', 'int_perc')",0.580896255
"('power_rating', 'gdp_usd', 'elo_rating', 'bmi', 'life_exp', 'mv_play_dom', 'mv_play_int')",0.580877855
"('power_rating', 'gdp_usd', 'elo_rating', 'life_exp', 'mv_play_dom', 'mv_play_int')",0.580852558
"('power_rating', 'gdp_usd', 'elo_rating', 'qol', 'dom_int_mv_ratio', 'dom_perc')",0.580851202
"('power_rating', 'gdp_usd', 'elo_rating', 'qol', 'dom_int_mv_ratio', 'int_perc')",0.580851202
"('power_rating', 'gdp_usd', 'elo_rating', 'qol', 'dom_int_mv_ratio', 'dom_perc', 'int_perc')",0.580851202
"('power_rating', 'elo_rating', 'mv_play_dom', 'num_play_dom', 'mv_play_int', 'num_play_int', 'dom_int_mv_ratio')",0.580824657
"('power_rating', 'mv_play_dom', 'num_play_dom', 'mv_play_int', 'num_play_int', 'dom_perc')",0.580802146
"('power_rating', 'mv_play_dom', 'num_play_dom', 'mv_play_int', 'num_play_int', 'int_perc')",0.580802146
"('power_rating', 'mv_play_dom', 'num_play_dom', 'mv_play_int', 'num_play_int', 'dom_perc', 'int_perc')",0.580802146
"('power_rating', 'mv_usd', 'qol', 'num_play_dom', 'mv_play_int', 'dom_perc')",0.580627113
"('power_rating', 'mv_usd', 'qol', 'num_play_dom', 'mv_play_int', 'int_perc')",0.580627113
"('power_rating', 'mv_usd', 'qol', 'num_play_dom', 'mv_play_int', 'dom_perc', 'int_perc')",0.580627113
"('power_rating', 'gdp_usd', 'mv_usd', 'elo_rating', 'bmi', 'life_exp', 'mv_play_int', 'dom_int_mv_ratio')",0.580559491
"('power_rating', 'bmi', 'life_exp', 'qol', 'mv_play_dom', 'num_play_dom', 'mv_play_int')",0.580533675
"('power_rating', 'elo_rating', 'qol', 'dom_int_mv_ratio', 'dom_perc')",0.580469732
"('power_rating', 'elo_rating', 'qol', 'dom_int_mv_ratio', 'int_perc')",0.580469732
"('power_rating', 'elo_rating', 'qol', 'dom_int_mv_ratio', 'dom_perc', 'int_perc')",0.580469732
"('power_rating', 'gdp_usd', 'elo_rating', 'num_play_dom', 'mv_play_int', 'num_play_int', 'dom_int_mv_ratio')",0.580387416
"('power_rating', 'gdp_usd', 'mv_usd', 'elo_rating', 'life_exp', 'mv_play_int', 'dom_int_mv_ratio')",0.580208415
"('power_rating', 'gdp_usd', 'mv_usd', 'bmi', 'life_exp', 'qol', 'mv_play_int', 'dom_int_mv_ratio')",0.580191887
"('power_rating', 'bmi', 'life_exp', 'qol', 'num_play_dom', 'mv_play_int', 'dom_int_mv_ratio')",0.579934185
"('power_rating', 'elo_rating', 'life_exp', 'qol', 'mv_play_int')",0.57992314
"('power_rating', 'gdp_usd', 'bmi', 'life_exp', 'mv_play_dom', 'num_play_dom', 'mv_play_int', 'dom_perc')",0.579878273
"('power_rating', 'gdp_usd', 'bmi', 'life_exp', 'mv_play_dom', 'num_play_dom', 'mv_play_int', 'int_perc')",0.579878273
"('power_rating', 'gdp_usd', 'bmi', 'life_exp', 'mv_play_dom', 'num_play_dom', 'mv_play_int', 'dom_perc', 'int_perc')",0.579878273
"('power_rating', 'bmi', 'life_exp', 'mv_play_dom', 'num_play_dom', 'mv_play_int', 'dom_perc')",0.579878207
"('power_rating', 'bmi', 'life_exp', 'mv_play_dom', 'num_play_dom', 'mv_play_int', 'int_perc')",0.579878207
"('power_rating', 'bmi', 'life_exp', 'mv_play_dom', 'num_play_dom', 'mv_play_int', 'dom_perc', 'int_perc')",0.579878207
"('power_rating', 'mv_usd', 'elo_rating', 'mv_play_dom', 'mv_play_int', 'num_play_int', 'dom_perc')",0.579859298
"('power_rating', 'mv_usd', 'elo_rating', 'mv_play_dom', 'mv_play_int', 'num_play_int', 'int_perc')",0.579859298
"('power_rating', 'mv_usd', 'elo_rating', 'mv_play_dom', 'mv_play_int', 'num_play_int', 'dom_perc', 'int_perc')",0.579859298
"('power_rating', 'gdp_usd', 'qol', 'mv_play_dom', 'num_play_dom', 'mv_play_int')",0.579776174
"('power_rating', 'mv_usd', 'elo_rating', 'bmi', 'life_exp', 'qol', 'num_play_int', 'dom_perc')",0.579772897
"('power_rating', 'mv_usd', 'elo_rating', 'bmi', 'life_exp', 'qol', 'num_play_int', 'int_perc')",0.579772897
"('power_rating', 'mv_usd', 'elo_rating', 'bmi', 'life_exp', 'qol', 'num_play_int', 'dom_perc', 'int_perc')",0.579772897
"('power_rating', 'life_exp', 'qol', 'num_play_dom', 'mv_play_int', 'dom_int_mv_ratio')",0.579765198
"('power_rating', 'gdp_usd', 'mv_usd', 'elo_rating', 'mv_play_dom', 'num_play_dom', 'num_play_int', 'dom_int_mv_ratio', 'dom_perc')",0.579739936
"('power_rating', 'gdp_usd', 'mv_usd', 'elo_rating', 'mv_play_dom', 'num_play_dom', 'num_play_int', 'dom_int_mv_ratio', 'int_perc')",0.579739936
"('power_rating', 'gdp_usd', 'mv_usd', 'elo_rating', 'mv_play_dom', 'num_play_dom', 'num_play_int', 'dom_int_mv_ratio', 'dom_perc', 'int_perc')",0.579739936
"('power_rating', 'mv_usd', 'bmi', 'mv_play_dom', 'mv_play_int', 'num_play_int')",0.579721534
"('power_rating', 'mv_usd', 'bmi', 'qol', 'mv_play_dom', 'num_play_dom', 'mv_play_int')",0.579653863
"('power_rating', 'mv_usd', 'bmi', 'qol', 'num_play_dom', 'mv_play_int')",0.579639683
"('power_rating', 'gdp_usd', 'mv_usd', 'bmi', 'mv_play_dom', 'num_play_dom', 'num_play_int', 'dom_int_mv_ratio', 'dom_perc')",0.579628294
"('power_rating', 'gdp_usd', 'mv_usd', 'bmi', 'mv_play_dom', 'num_play_dom', 'num_play_int', 'dom_int_mv_ratio', 'int_perc')",0.579628294
"('power_rating', 'gdp_usd', 'mv_usd', 'bmi', 'mv_play_dom', 'num_play_dom', 'num_play_int', 'dom_int_mv_ratio', 'dom_perc', 'int_perc')",0.579628294
"('power_rating', 'gdp_usd', 'mv_usd', 'life_exp', 'qol', 'mv_play_int', 'dom_int_mv_ratio')",0.579604368
"('power_rating', 'bmi', 'life_exp', 'num_play_dom', 'num_play_int', 'dom_int_mv_ratio', 'dom_perc')",0.579599302
"('power_rating', 'bmi', 'life_exp', 'num_play_dom', 'num_play_int', 'dom_int_mv_ratio', 'int_perc')",0.579599302
"('power_rating', 'bmi', 'life_exp', 'num_play_dom', 'num_play_int', 'dom_int_mv_ratio', 'dom_perc', 'int_perc')",0.579599302
"('life_exp', 'qol', 'num_play_dom', 'mv_play_int', 'num_play_int', 'dom_perc')",0.579592552
"('life_exp', 'qol', 'num_play_dom', 'mv_play_int', 'num_play_int', 'int_perc')",0.579592552
"('life_exp', 'qol', 'num_play_dom', 'mv_play_int', 'num_play_int', 'dom_perc', 'int_perc')",0.579592552
"('power_rating', 'gdp_usd', 'mv_usd', 'life_exp', 'mv_play_dom', 'num_play_dom', 'mv_play_int', 'dom_int_mv_ratio', 'dom_perc')",0.579303186
"('power_rating', 'gdp_usd', 'mv_usd', 'life_exp', 'mv_play_dom', 'num_play_dom', 'mv_play_int', 'dom_int_mv_ratio', 'int_perc')",0.579303186
"('power_rating', 'gdp_usd', 'mv_usd', 'life_exp', 'mv_play_dom', 'num_play_dom', 'mv_play_int', 'dom_int_mv_ratio', 'dom_perc', 'int_perc')",0.579303186
"('power_rating', 'gdp_usd', 'life_exp', 'mv_play_dom', 'num_play_dom', 'mv_play_int', 'dom_int_mv_ratio', 'dom_perc')",0.579286707
"('power_rating', 'gdp_usd', 'life_exp', 'mv_play_dom', 'num_play_dom', 'mv_play_int', 'dom_int_mv_ratio', 'int_perc')",0.579286707
"('power_rating', 'gdp_usd', 'life_exp', 'mv_play_dom', 'num_play_dom', 'mv_play_int', 'dom_int_mv_ratio', 'dom_perc', 'int_perc')",0.579286707
"('power_rating', 'gdp_usd', 'mv_usd', 'bmi', 'qol', 'mv_play_int', 'dom_int_mv_ratio')",0.579268103
"('power_rating', 'gdp_usd', 'mv_usd', 'life_exp', 'num_play_dom', 'mv_play_int', 'dom_int_mv_ratio', 'dom_perc')",0.579210717
"('power_rating', 'gdp_usd', 'mv_usd', 'life_exp', 'num_play_dom', 'mv_play_int', 'dom_int_mv_ratio', 'int_perc')",0.579210717
"('power_rating', 'gdp_usd', 'mv_usd', 'life_exp', 'num_play_dom', 'mv_play_int', 'dom_int_mv_ratio', 'dom_perc', 'int_perc')",0.579210717
"('power_rating', 'mv_usd', 'life_exp', 'mv_play_dom', 'num_play_dom', 'mv_play_int', 'dom_int_mv_ratio', 'dom_perc')",0.579109634
"('power_rating', 'mv_usd', 'life_exp', 'mv_play_dom', 'num_play_dom', 'mv_play_int', 'dom_int_mv_ratio', 'int_perc')",0.579109634
"('power_rating', 'mv_usd', 'life_exp', 'mv_play_dom', 'num_play_dom', 'mv_play_int', 'dom_int_mv_ratio', 'dom_perc', 'int_perc')",0.579109634
"('power_rating', 'life_exp', 'mv_play_dom', 'num_play_dom', 'mv_play_int', 'dom_int_mv_ratio', 'dom_perc')",0.579108456
"('power_rating', 'life_exp', 'mv_play_dom', 'num_play_dom', 'mv_play_int', 'dom_int_mv_ratio', 'int_perc')",0.579108456
"('power_rating', 'life_exp', 'mv_play_dom', 'num_play_dom', 'mv_play_int', 'dom_int_mv_ratio', 'dom_perc', 'int_perc')",0.579108456
"('power_rating', 'gdp_usd', 'life_exp', 'num_play_dom', 'mv_play_int', 'dom_int_mv_ratio', 'dom_perc')",0.579094082
"('power_rating', 'gdp_usd', 'life_exp', 'num_play_dom', 'mv_play_int', 'dom_int_mv_ratio', 'int_perc')",0.579094082
"('power_rating', 'gdp_usd', 'life_exp', 'num_play_dom', 'mv_play_int', 'dom_int_mv_ratio', 'dom_perc', 'int_perc')",0.579094082
"('power_rating', 'mv_usd', 'life_exp', 'num_play_dom', 'mv_play_int', 'dom_int_mv_ratio', 'dom_perc')",0.579074992
"('power_rating', 'mv_usd', 'life_exp', 'num_play_dom', 'mv_play_int', 'dom_int_mv_ratio', 'int_perc')",0.579074992
"('power_rating', 'mv_usd', 'life_exp', 'num_play_dom', 'mv_play_int', 'dom_int_mv_ratio', 'dom_perc', 'int_perc')",0.579074992
"('power_rating', 'life_exp', 'qol', 'mv_play_dom', 'num_play_dom', 'mv_play_int')",0.579047878
"('power_rating', 'gdp_usd', 'mv_usd', 'qol', 'mv_play_int', 'dom_int_mv_ratio')",0.579026553
"('power_rating', 'gdp_usd', 'elo_rating', 'mv_play_dom', 'mv_play_int', 'num_play_int', 'dom_perc')",0.578997918
"('power_rating', 'gdp_usd', 'elo_rating', 'mv_play_dom', 'mv_play_int', 'num_play_int', 'int_perc')",0.578997918
"('power_rating', 'gdp_usd', 'elo_rating', 'mv_play_dom', 'mv_play_int', 'num_play_int', 'dom_perc', 'int_perc')",0.578997918
"('power_rating', 'life_exp', 'num_play_dom', 'mv_play_int', 'dom_int_mv_ratio', 'dom_perc')",0.578870521
"('power_rating', 'life_exp', 'num_play_dom', 'mv_play_int', 'dom_int_mv_ratio', 'int_perc')",0.578870521
"('power_rating', 'life_exp', 'num_play_dom', 'mv_play_int', 'dom_int_mv_ratio', 'dom_perc', 'int_perc')",0.578870521
"('power_rating', 'gdp_usd', 'bmi', 'life_exp', 'qol', 'mv_play_int', 'dom_int_mv_ratio', 'dom_perc')",0.5787361
"('power_rating', 'gdp_usd', 'bmi', 'life_exp', 'qol', 'mv_play_int', 'dom_int_mv_ratio', 'int_perc')",0.5787361
"('power_rating', 'gdp_usd', 'bmi', 'life_exp', 'qol', 'mv_play_int', 'dom_int_mv_ratio', 'dom_perc', 'int_perc')",0.5787361
"('power_rating', 'mv_usd', 'elo_rating', 'bmi', 'mv_play_dom', 'mv_play_int', 'dom_int_mv_ratio', 'dom_perc')",0.57872346
"('power_rating', 'mv_usd', 'elo_rating', 'bmi', 'mv_play_dom', 'mv_play_int', 'dom_int_mv_ratio', 'int_perc')",0.57872346
"('power_rating', 'mv_usd', 'elo_rating', 'bmi', 'mv_play_dom', 'mv_play_int', 'dom_int_mv_ratio', 'dom_perc', 'int_perc')",0.57872346
"('life_exp', 'qol', 'mv_play_dom', 'num_play_dom', 'mv_play_int', 'num_play_int', 'dom_int_mv_ratio')",0.578580551
"('power_rating', 'gdp_usd', 'mv_usd', 'bmi', 'num_play_dom', 'num_play_int', 'dom_int_mv_ratio', 'int_perc')",0.578489259
"('power_rating', 'gdp_usd', 'mv_usd', 'bmi', 'num_play_dom', 'num_play_int', 'dom_int_mv_ratio', 'dom_perc', 'int_perc')",0.578489259
"('power_rating', 'gdp_usd', 'mv_usd', 'bmi', 'num_play_dom', 'num_play_int', 'dom_int_mv_ratio', 'dom_perc')",0.578489259
"('power_rating', 'gdp_usd', 'life_exp', 'qol', 'mv_play_int', 'dom_int_mv_ratio', 'dom_perc')",0.57846692
"('power_rating', 'gdp_usd', 'life_exp', 'qol', 'mv_play_int', 'dom_int_mv_ratio', 'int_perc')",0.57846692
"('power_rating', 'gdp_usd', 'life_exp', 'qol', 'mv_play_int', 'dom_int_mv_ratio', 'dom_perc', 'int_perc')",0.57846692
"('power_rating', 'gdp_usd', 'bmi', 'qol', 'num_play_dom', 'mv_play_int', 'dom_perc')",0.578438124
"('power_rating', 'gdp_usd', 'bmi', 'qol', 'num_play_dom', 'mv_play_int', 'int_perc')",0.578438124
"('power_rating', 'gdp_usd', 'bmi', 'qol', 'num_play_dom', 'mv_play_int', 'dom_perc', 'int_perc')",0.578438124
"('power_rating', 'mv_usd', 'elo_rating', 'bmi', 'qol', 'mv_play_int')",0.578402875
"('power_rating', 'elo_rating', 'qol', 'mv_play_int', 'dom_int_mv_ratio')",0.578371219
"('mv_usd', 'qol', 'mv_play_int', 'dom_perc')",0.578347903
"('mv_usd', 'qol', 'mv_play_int', 'int_perc')",0.578347903
"('mv_usd', 'qol', 'mv_play_int', 'dom_perc', 'int_perc')",0.578347903
"('power_rating', 'mv_usd', 'elo_rating', 'bmi', 'life_exp', 'mv_play_int', 'dom_int_mv_ratio')",0.57830277
"('mv_usd', 'elo_rating', 'bmi', 'qol', 'mv_play_int', 'num_play_int')",0.57826217
"('mv_usd', 'elo_rating', 'bmi', 'qol', 'mv_play_int')",0.578262063
"('mv_usd', 'elo_rating', 'bmi', 'qol', 'num_play_int')",0.578261291
"('mv_usd', 'elo_rating', 'bmi', 'qol')",0.578261198
"('power_rating', 'gdp_usd', 'elo_rating', 'bmi', 'mv_play_dom', 'mv_play_int', 'dom_int_mv_ratio', 'dom_perc')",0.57824328
"('power_rating', 'gdp_usd', 'elo_rating', 'bmi', 'mv_play_dom', 'mv_play_int', 'dom_int_mv_ratio', 'int_perc')",0.57824328
"('power_rating', 'gdp_usd', 'elo_rating', 'bmi', 'mv_play_dom', 'mv_play_int', 'dom_int_mv_ratio', 'dom_perc', 'int_perc')",0.57824328
"('life_exp', 'qol', 'num_play_dom', 'num_play_int', 'dom_perc')",0.578143471
"('life_exp', 'qol', 'num_play_dom', 'num_play_int', 'int_perc')",0.578143471
"('life_exp', 'qol', 'num_play_dom', 'num_play_int', 'dom_perc', 'int_perc')",0.578143471
"('power_rating', 'gdp_usd', 'elo_rating', 'bmi', 'life_exp', 'qol', 'mv_play_dom', 'num_play_int', 'dom_perc')",0.578129692
"('power_rating', 'gdp_usd', 'elo_rating', 'bmi', 'life_exp', 'qol', 'mv_play_dom', 'num_play_int', 'int_perc')",0.578129692
"('power_rating', 'gdp_usd', 'elo_rating', 'bmi', 'life_exp', 'qol', 'mv_play_dom', 'num_play_int', 'dom_perc', 'int_perc')",0.578129692
"('power_rating', 'gdp_usd', 'bmi', 'life_exp', 'qol', 'mv_play_dom', 'mv_play_int', 'dom_int_mv_ratio')",0.577975731
"('power_rating', 'mv_usd', 'bmi', 'mv_play_dom', 'num_play_dom', 'num_play_int', 'dom_int_mv_ratio', 'dom_perc')",0.577936259
"('power_rating', 'mv_usd', 'bmi', 'mv_play_dom', 'num_play_dom', 'num_play_int', 'dom_int_mv_ratio', 'int_perc')",0.577936259
"('power_rating', 'mv_usd', 'bmi', 'mv_play_dom', 'num_play_dom', 'num_play_int', 'dom_int_mv_ratio', 'dom_perc', 'int_perc')",0.577936259
"('power_rating', 'gdp_usd', 'mv_usd', 'bmi', 'life_exp', 'qol', 'mv_play_int')",0.577911194
"('power_rating', 'gdp_usd', 'elo_rating', 'bmi', 'life_exp', 'mv_play_dom', 'num_play_int', 'dom_perc')",0.577901528
"('power_rating', 'gdp_usd', 'elo_rating', 'bmi', 'life_exp', 'mv_play_dom', 'num_play_int', 'int_perc')",0.577901528
"('power_rating', 'gdp_usd', 'elo_rating', 'bmi', 'life_exp', 'mv_play_dom', 'num_play_int', 'dom_perc', 'int_perc')",0.577901528
"('power_rating', 'mv_usd', 'elo_rating', 'num_play_dom', 'mv_play_int', 'num_play_int', 'dom_int_mv_ratio')",0.577860888
"('power_rating', 'gdp_usd', 'bmi', 'qol', 'mv_play_int', 'dom_int_mv_ratio', 'dom_perc')",0.577837513
"('power_rating', 'gdp_usd', 'bmi', 'qol', 'mv_play_int', 'dom_int_mv_ratio', 'int_perc')",0.577837513
"('power_rating', 'gdp_usd', 'bmi', 'qol', 'mv_play_int', 'dom_int_mv_ratio', 'dom_perc', 'int_perc')",0.577837513
"('power_rating', 'gdp_usd', 'elo_rating', 'mv_play_dom', 'num_play_dom', 'num_play_int', 'dom_int_mv_ratio', 'dom_perc')",0.577830605
"('power_rating', 'gdp_usd', 'elo_rating', 'mv_play_dom', 'num_play_dom', 'num_play_int', 'dom_int_mv_ratio', 'int_perc')",0.577830605
"('power_rating', 'gdp_usd', 'elo_rating', 'mv_play_dom', 'num_play_dom', 'num_play_int', 'dom_int_mv_ratio', 'dom_perc', 'int_perc')",0.577830605
"('gdp_usd', 'mv_usd', 'bmi', 'life_exp', 'qol', 'mv_play_dom', 'mv_play_int', 'num_play_int', 'dom_int_mv_ratio', 'dom_perc')",0.577790758
"('gdp_usd', 'mv_usd', 'bmi', 'life_exp', 'qol', 'mv_play_dom', 'mv_play_int', 'num_play_int', 'dom_int_mv_ratio', 'int_perc')",0.577790758
"('gdp_usd', 'mv_usd', 'bmi', 'life_exp', 'qol', 'mv_play_dom', 'mv_play_int', 'num_play_int', 'dom_int_mv_ratio', 'dom_perc', 'int_perc')",0.577790758
"('gdp_usd', 'mv_usd', 'life_exp', 'qol', 'mv_play_dom', 'mv_play_int', 'num_play_int', 'dom_int_mv_ratio', 'dom_perc')",0.577790717
"('gdp_usd', 'mv_usd', 'life_exp', 'qol', 'mv_play_dom', 'mv_play_int', 'num_play_int', 'dom_int_mv_ratio', 'int_perc')",0.577790717
"('gdp_usd', 'mv_usd', 'life_exp', 'qol', 'mv_play_dom', 'mv_play_int', 'num_play_int', 'dom_int_mv_ratio', 'dom_perc', 'int_perc')",0.577790717
"('power_rating', 'gdp_usd', 'qol', 'mv_play_int', 'dom_int_mv_ratio', 'dom_perc')",0.577785526
"('power_rating', 'gdp_usd', 'qol', 'mv_play_int', 'dom_int_mv_ratio', 'int_perc')",0.577785526
"('power_rating', 'gdp_usd', 'qol', 'mv_play_int', 'dom_int_mv_ratio', 'dom_perc', 'int_perc')",0.577785526
"('power_rating', 'gdp_usd', 'mv_usd', 'mv_play_dom', 'mv_play_int', 'num_play_int', 'dom_perc')",0.577668997
"('power_rating', 'gdp_usd', 'mv_usd', 'mv_play_dom', 'mv_play_int', 'num_play_int', 'int_perc')",0.577668997
"('power_rating', 'gdp_usd', 'mv_usd', 'mv_play_dom', 'mv_play_int', 'num_play_int', 'dom_perc', 'int_perc')",0.577668997
"('power_rating', 'gdp_usd', 'mv_usd', 'life_exp', 'qol', 'mv_play_int')",0.577654177
"('power_rating', 'gdp_usd', 'elo_rating', 'mv_play_int', 'num_play_int', 'dom_perc')",0.577637535
"('power_rating', 'gdp_usd', 'elo_rating', 'mv_play_int', 'num_play_int', 'int_perc')",0.577637535
"('power_rating', 'gdp_usd', 'elo_rating', 'mv_play_int', 'num_play_int', 'dom_perc', 'int_perc')",0.577637535
"('life_exp', 'qol', 'mv_play_dom', 'mv_play_int', 'num_play_int', 'dom_int_mv_ratio')",0.577617991
"('power_rating', 'gdp_usd', 'bmi', 'life_exp', 'qol', 'mv_play_int', 'dom_int_mv_ratio')",0.577593947
"('power_rating', 'gdp_usd', 'mv_usd', 'mv_play_int', 'num_play_int', 'dom_perc')",0.577536649
"('power_rating', 'gdp_usd', 'mv_usd', 'mv_play_int', 'num_play_int', 'int_perc')",0.577536649
"('power_rating', 'gdp_usd', 'mv_usd', 'mv_play_int', 'num_play_int', 'dom_perc', 'int_perc')",0.577536649
"('power_rating', 'mv_usd', 'elo_rating', 'qol', 'mv_play_int')",0.577485554
"('power_rating', 'bmi', 'qol', 'num_play_dom', 'mv_play_int', 'dom_int_mv_ratio')",0.577483064
"('power_rating', 'elo_rating', 'bmi', 'life_exp', 'mv_play_dom', 'mv_play_int')",0.577453073
"('power_rating', 'mv_usd', 'bmi', 'num_play_dom', 'num_play_int', 'dom_int_mv_ratio', 'dom_perc')",0.577420599
"('power_rating', 'mv_usd', 'bmi', 'num_play_dom', 'num_play_int', 'dom_int_mv_ratio', 'int_perc')",0.577420599
"('power_rating', 'mv_usd', 'bmi', 'num_play_dom', 'num_play_int', 'dom_int_mv_ratio', 'dom_perc', 'int_perc')",0.577420599
"('power_rating', 'elo_rating', 'bmi', 'qol', 'mv_play_int')",0.577344951
"('power_rating', 'elo_rating', 'life_exp', 'mv_play_dom', 'mv_play_int')",0.577258418
"('power_rating', 'mv_usd', 'elo_rating', 'mv_play_dom', 'num_play_dom', 'num_play_int', 'dom_int_mv_ratio', 'dom_perc')",0.577229515
"('power_rating', 'mv_usd', 'elo_rating', 'mv_play_dom', 'num_play_dom', 'num_play_int', 'dom_int_mv_ratio', 'int_perc')",0.577229515
"('power_rating', 'mv_usd', 'elo_rating', 'mv_play_dom', 'num_play_dom', 'num_play_int', 'dom_int_mv_ratio', 'dom_perc', 'int_perc')",0.577229515
"('power_rating', 'gdp_usd', 'life_exp', 'qol', 'mv_play_dom', 'mv_play_int', 'dom_int_mv_ratio')",0.577199811
"('mv_usd', 'elo_rating', 'bmi', 'mv_play_int', 'num_play_int')",0.57719887
"('power_rating', 'qol', 'mv_play_dom', 'num_play_dom', 'mv_play_int', 'dom_perc')",0.577182015
"('power_rating', 'qol', 'mv_play_dom', 'num_play_dom', 'mv_play_int', 'int_perc')",0.577182015
"('power_rating', 'qol', 'mv_play_dom', 'num_play_dom', 'mv_play_int', 'dom_perc', 'int_perc')",0.577182015
"('mv_usd', 'elo_rating', 'bmi', 'mv_play_int')",0.577123436
"('mv_usd', 'elo_rating', 'bmi', 'num_play_int')",0.577106977
"('mv_usd', 'elo_rating', 'bmi')",0.577092285
"('power_rating', 'gdp_usd', 'mv_usd', 'elo_rating', 'num_play_dom', 'num_play_int', 'dom_int_mv_ratio', 'dom_perc')",0.577090558
"('power_rating', 'gdp_usd', 'mv_usd', 'elo_rating', 'num_play_dom', 'num_play_int', 'dom_int_mv_ratio', 'int_perc')",0.577090558
"('power_rating', 'gdp_usd', 'mv_usd', 'elo_rating', 'num_play_dom', 'num_play_int', 'dom_int_mv_ratio', 'dom_perc', 'int_perc')",0.577090558
"('power_rating', 'gdp_usd', 'elo_rating', 'num_play_dom', 'num_play_int', 'dom_int_mv_ratio', 'dom_perc')",0.577085181
"('power_rating', 'gdp_usd', 'elo_rating', 'num_play_dom', 'num_play_int', 'dom_int_mv_ratio', 'int_perc')",0.577085181
"('power_rating', 'gdp_usd', 'elo_rating', 'num_play_dom', 'num_play_int', 'dom_int_mv_ratio', 'dom_perc', 'int_perc')",0.577085181
"('power_rating', 'mv_usd', 'elo_rating', 'bmi', 'num_play_int', 'dom_int_mv_ratio', 'dom_perc')",0.577023409
"('power_rating', 'mv_usd', 'elo_rating', 'bmi', 'num_play_int', 'dom_int_mv_ratio', 'int_perc')",0.577023409
"('power_rating', 'mv_usd', 'elo_rating', 'bmi', 'num_play_int', 'dom_int_mv_ratio', 'dom_perc', 'int_perc')",0.577023409
"('power_rating', 'gdp_usd', 'mv_usd', 'mv_play_dom', 'num_play_dom', 'mv_play_int', 'num_play_int', 'dom_int_mv_ratio')",0.576991947
"('power_rating', 'gdp_usd', 'mv_play_dom', 'num_play_dom', 'mv_play_int', 'num_play_int', 'dom_int_mv_ratio')",0.576980894
"('power_rating', 'gdp_usd', 'mv_usd', 'num_play_dom', 'mv_play_int', 'num_play_int', 'dom_int_mv_ratio')",0.576892211
"('power_rating', 'gdp_usd', 'mv_usd', 'elo_rating', 'bmi', 'num_play_dom', 'mv_play_int', 'dom_perc')",0.576880775
"('power_rating', 'gdp_usd', 'mv_usd', 'elo_rating', 'bmi', 'num_play_dom', 'mv_play_int', 'int_perc')",0.576880775
"('power_rating', 'gdp_usd', 'mv_usd', 'elo_rating', 'bmi', 'num_play_dom', 'mv_play_int', 'dom_perc', 'int_perc')",0.576880775
"('power_rating', 'elo_rating', 'bmi', 'mv_play_dom', 'num_play_int', 'dom_int_mv_ratio', 'dom_perc')",0.576866945
"('power_rating', 'elo_rating', 'bmi', 'mv_play_dom', 'num_play_int', 'dom_int_mv_ratio', 'int_perc')",0.576866945
"('power_rating', 'elo_rating', 'bmi', 'mv_play_dom', 'num_play_int', 'dom_int_mv_ratio', 'dom_perc', 'int_perc')",0.576866945
"('power_rating', 'gdp_usd', 'bmi', 'qol', 'mv_play_dom', 'mv_play_int', 'dom_int_mv_ratio')",0.576855351
"('power_rating', 'gdp_usd', 'life_exp', 'qol', 'mv_play_int', 'dom_int_mv_ratio')",0.576850107
"('power_rating', 'mv_usd', 'elo_rating', 'life_exp', 'mv_play_int', 'dom_int_mv_ratio')",0.576836444
"('power_rating', 'mv_usd', 'qol', 'mv_play_dom', 'num_play_dom', 'mv_play_int')",0.576809265
"('power_rating', 'qol', 'num_play_dom', 'mv_play_int', 'dom_int_mv_ratio')",0.576778502
"('power_rating', 'gdp_usd', 'mv_usd', 'elo_rating', 'bmi', 'life_exp', 'mv_play_dom', 'num_play_dom', 'dom_int_mv_ratio', 'dom_perc')",0.576750395
"('power_rating', 'gdp_usd', 'mv_usd', 'elo_rating', 'bmi', 'life_exp', 'mv_play_dom', 'num_play_dom', 'dom_int_mv_ratio', 'int_perc')",0.576750395
"('power_rating', 'gdp_usd', 'mv_usd', 'elo_rating', 'bmi', 'life_exp', 'mv_play_dom', 'num_play_dom', 'dom_int_mv_ratio', 'dom_perc', 'int_perc')",0.576750395
"('power_rating', 'mv_usd', 'elo_rating', 'bmi', 'life_exp', 'mv_play_dom', 'num_play_dom', 'dom_int_mv_ratio', 'dom_perc')",0.576750395
"('power_rating', 'mv_usd', 'elo_rating', 'bmi', 'life_exp', 'mv_play_dom', 'num_play_dom', 'dom_int_mv_ratio', 'int_perc')",0.576750395
"('power_rating', 'mv_usd', 'elo_rating', 'bmi', 'life_exp', 'mv_play_dom', 'num_play_dom', 'dom_int_mv_ratio', 'dom_perc', 'int_perc')",0.576750395
"('power_rating', 'mv_usd', 'elo_rating', 'bmi', 'num_play_dom', 'mv_play_int', 'dom_perc')",0.576747917
"('power_rating', 'mv_usd', 'elo_rating', 'bmi', 'num_play_dom', 'mv_play_int', 'int_perc')",0.576747917
"('power_rating', 'mv_usd', 'elo_rating', 'bmi', 'num_play_dom', 'mv_play_int', 'dom_perc', 'int_perc')",0.576747917
"('power_rating', 'gdp_usd', 'mv_usd', 'elo_rating', 'bmi', 'life_exp', 'mv_play_dom', 'dom_int_mv_ratio', 'dom_perc')",0.576743786
"('power_rating', 'gdp_usd', 'mv_usd', 'elo_rating', 'bmi', 'life_exp', 'mv_play_dom', 'dom_int_mv_ratio', 'int_perc')",0.576743786
"('power_rating', 'gdp_usd', 'mv_usd', 'elo_rating', 'bmi', 'life_exp', 'mv_play_dom', 'dom_int_mv_ratio', 'dom_perc', 'int_perc')",0.576743786
"('power_rating', 'mv_usd', 'elo_rating', 'bmi', 'life_exp', 'mv_play_dom', 'dom_int_mv_ratio', 'dom_perc')",0.576741059
"('power_rating', 'mv_usd', 'elo_rating', 'bmi', 'life_exp', 'mv_play_dom', 'dom_int_mv_ratio', 'int_perc')",0.576741059
"('power_rating', 'mv_usd', 'elo_rating', 'bmi', 'life_exp', 'mv_play_dom', 'dom_int_mv_ratio', 'dom_perc', 'int_perc')",0.576741059
"('power_rating', 'gdp_usd', 'mv_usd', 'bmi', 'qol', 'mv_play_int')",0.576702698
"('power_rating', 'mv_usd', 'qol', 'num_play_dom', 'mv_play_int')",0.576701255
"('power_rating', 'gdp_usd', 'bmi', 'mv_play_dom', 'num_play_dom', 'num_play_int', 'dom_int_mv_ratio', 'dom_perc')",0.576693993
"('power_rating', 'gdp_usd', 'bmi', 'mv_play_dom', 'num_play_dom', 'num_play_int', 'dom_int_mv_ratio', 'int_perc')",0.576693993
"('power_rating', 'gdp_usd', 'bmi', 'mv_play_dom', 'num_play_dom', 'num_play_int', 'dom_int_mv_ratio', 'dom_perc', 'int_perc')",0.576693993
"('power_rating', 'gdp_usd', 'mv_usd', 'qol', 'mv_play_int')",0.57668066
"('power_rating', 'gdp_usd', 'bmi', 'life_exp', 'num_play_dom', 'mv_play_int', 'dom_perc')",0.57667888
"('power_rating', 'gdp_usd', 'bmi', 'life_exp', 'num_play_dom', 'mv_play_int', 'int_perc')",0.57667888
"('power_rating', 'gdp_usd', 'bmi', 'life_exp', 'num_play_dom', 'mv_play_int', 'dom_perc', 'int_perc')",0.57667888
"('gdp_usd', 'mv_usd', 'bmi', 'life_exp', 'qol', 'mv_play_dom', 'num_play_int', 'dom_int_mv_ratio', 'dom_perc')",0.576675786
"('gdp_usd', 'mv_usd', 'bmi', 'life_exp', 'qol', 'mv_play_dom', 'num_play_int', 'dom_int_mv_ratio', 'int_perc')",0.576675786
"('gdp_usd', 'mv_usd', 'bmi', 'life_exp', 'qol', 'mv_play_dom', 'num_play_int', 'dom_int_mv_ratio', 'dom_perc', 'int_perc')",0.576675786
"('power_rating', 'gdp_usd', 'num_play_dom', 'mv_play_int', 'num_play_int', 'dom_int_mv_ratio')",0.576674055
"('gdp_usd', 'mv_usd', 'life_exp', 'qol', 'mv_play_dom', 'num_play_int', 'dom_int_mv_ratio', 'dom_perc')",0.576673629
"('gdp_usd', 'mv_usd', 'life_exp', 'qol', 'mv_play_dom', 'num_play_int', 'dom_int_mv_ratio', 'int_perc')",0.576673629
"('gdp_usd', 'mv_usd', 'life_exp', 'qol', 'mv_play_dom', 'num_play_int', 'dom_int_mv_ratio', 'dom_perc', 'int_perc')",0.576673629
"('power_rating', 'gdp_usd', 'mv_usd', 'elo_rating', 'bmi', 'num_play_dom', 'mv_play_int')",0.576669606
"('power_rating', 'bmi', 'life_exp', 'num_play_dom', 'mv_play_int', 'dom_perc')",0.576640174
"('power_rating', 'bmi', 'life_exp', 'num_play_dom', 'mv_play_int', 'int_perc')",0.576640174
"('power_rating', 'bmi', 'life_exp', 'num_play_dom', 'mv_play_int', 'dom_perc', 'int_perc')",0.576640174
"('power_rating', 'elo_rating', 'bmi', 'num_play_int', 'dom_int_mv_ratio', 'dom_perc')",0.576611152
"('power_rating', 'elo_rating', 'bmi', 'num_play_int', 'dom_int_mv_ratio', 'int_perc')",0.576611152
"('power_rating', 'elo_rating', 'bmi', 'num_play_int', 'dom_int_mv_ratio', 'dom_perc', 'int_perc')",0.576611152
"('power_rating', 'gdp_usd', 'bmi', 'mv_play_dom', 'mv_play_int', 'num_play_int', 'dom_int_mv_ratio')",0.576590367
"('power_rating', 'mv_usd', 'elo_rating', 'mv_play_int', 'num_play_int', 'dom_perc')",0.576572725
"('power_rating', 'mv_usd', 'elo_rating', 'mv_play_int', 'num_play_int', 'int_perc')",0.576572725
"('power_rating', 'mv_usd', 'elo_rating', 'mv_play_int', 'num_play_int', 'dom_perc', 'int_perc')",0.576572725
"('power_rating', 'gdp_usd', 'qol', 'mv_play_dom', 'mv_play_int', 'dom_int_mv_ratio')",0.576517682
"('power_rating', 'gdp_usd', 'bmi', 'qol', 'mv_play_int', 'dom_int_mv_ratio')",0.576512246
"('life_exp', 'qol', 'num_play_dom', 'mv_play_int', 'num_play_int', 'dom_int_mv_ratio')",0.576435685
"('power_rating', 'mv_usd', 'elo_rating', 'bmi', 'num_play_dom', 'mv_play_int')",0.576365955
"('power_rating', 'bmi', 'mv_play_dom', 'mv_play_int', 'num_play_int', 'dom_int_mv_ratio')",0.576361061
"('power_rating', 'elo_rating', 'bmi', 'mv_play_dom', 'mv_play_int', 'dom_int_mv_ratio', 'dom_perc')",0.576323709
"('power_rating', 'elo_rating', 'bmi', 'mv_play_dom', 'mv_play_int', 'dom_int_mv_ratio', 'int_perc')",0.576323709
"('power_rating', 'elo_rating', 'bmi', 'mv_play_dom', 'mv_play_int', 'dom_int_mv_ratio', 'dom_perc', 'int_perc')",0.576323709
"('power_rating', 'gdp_usd', 'qol', 'mv_play_int', 'dom_int_mv_ratio')",0.576189247
"('power_rating', 'elo_rating', 'num_play_dom', 'mv_play_int', 'num_play_int', 'dom_int_mv_ratio')",0.576182686
"('power_rating', 'bmi', 'qol', 'mv_play_dom', 'num_play_dom', 'mv_play_int')",0.576142207
"('power_rating', 'bmi', 'qol', 'num_play_dom', 'mv_play_int', 'dom_perc')",0.576119708
"('power_rating', 'bmi', 'qol', 'num_play_dom', 'mv_play_int', 'int_perc')",0.576119708
"('power_rating', 'bmi', 'qol', 'num_play_dom', 'mv_play_int', 'dom_perc', 'int_perc')",0.576119708
"('life_exp', 'qol', 'mv_play_dom', 'num_play_int', 'dom_int_mv_ratio', 'dom_perc')",0.576012524
"('life_exp', 'qol', 'mv_play_dom', 'num_play_int', 'dom_int_mv_ratio', 'int_perc')",0.576012524
"('life_exp', 'qol', 'mv_play_dom', 'num_play_int', 'dom_int_mv_ratio', 'dom_perc', 'int_perc')",0.576012524
"('power_rating', 'elo_rating', 'qol', 'mv_play_int')",0.575970698
"('power_rating', 'gdp_usd', 'mv_usd', 'elo_rating', 'life_exp', 'mv_play_dom', 'num_play_int', 'dom_perc')",0.575881732
"('power_rating', 'gdp_usd', 'mv_usd', 'elo_rating', 'life_exp', 'mv_play_dom', 'num_play_int', 'int_perc')",0.575881732
"('power_rating', 'gdp_usd', 'mv_usd', 'elo_rating', 'life_exp', 'mv_play_dom', 'num_play_int', 'dom_perc', 'int_perc')",0.575881732
"('power_rating', 'gdp_usd', 'mv_usd', 'elo_rating', 'life_exp', 'qol', 'num_play_int', 'dom_perc')",0.575810814
"('power_rating', 'gdp_usd', 'mv_usd', 'elo_rating', 'life_exp', 'qol', 'num_play_int', 'int_perc')",0.575810814
"('power_rating', 'gdp_usd', 'mv_usd', 'elo_rating', 'life_exp', 'qol', 'num_play_int', 'dom_perc', 'int_perc')",0.575810814
"('life_exp', 'qol', 'num_play_int', 'dom_int_mv_ratio', 'dom_perc', 'int_perc')",0.575771287
"('life_exp', 'qol', 'num_play_int', 'dom_int_mv_ratio', 'dom_perc')",0.575771287
"('life_exp', 'qol', 'num_play_int', 'dom_int_mv_ratio', 'int_perc')",0.575771287
"('power_rating', 'gdp_usd', 'mv_usd', 'elo_rating', 'bmi', 'life_exp', 'qol', 'mv_play_dom', 'dom_perc')",0.575708939
"('power_rating', 'gdp_usd', 'mv_usd', 'elo_rating', 'bmi', 'life_exp', 'qol', 'mv_play_dom', 'int_perc')",0.575708939
"('power_rating', 'gdp_usd', 'mv_usd', 'elo_rating', 'bmi', 'life_exp', 'qol', 'mv_play_dom', 'dom_perc', 'int_perc')",0.575708939
"('power_rating', 'mv_usd', 'elo_rating', 'bmi', 'life_exp', 'qol', 'mv_play_dom', 'num_play_dom', 'dom_perc')",0.575641698
"('power_rating', 'mv_usd', 'elo_rating', 'bmi', 'life_exp', 'qol', 'mv_play_dom', 'num_play_dom', 'int_perc')",0.575641698
"('power_rating', 'mv_usd', 'elo_rating', 'bmi', 'life_exp', 'qol', 'mv_play_dom', 'num_play_dom', 'dom_perc', 'int_perc')",0.575641698
"('power_rating', 'mv_usd', 'elo_rating', 'bmi', 'life_exp', 'num_play_int', 'dom_perc')",0.575616447
"('power_rating', 'mv_usd', 'elo_rating', 'bmi', 'life_exp', 'num_play_int', 'int_perc')",0.575616447
"('power_rating', 'mv_usd', 'elo_rating', 'bmi', 'life_exp', 'num_play_int', 'dom_perc', 'int_perc')",0.575616447
"('power_rating', 'gdp_usd', 'bmi', 'life_exp', 'qol', 'mv_play_dom', 'mv_play_int', 'dom_perc')",0.575581475
"('power_rating', 'gdp_usd', 'bmi', 'life_exp', 'qol', 'mv_play_dom', 'mv_play_int', 'int_perc')",0.575581475
"('power_rating', 'gdp_usd', 'bmi', 'life_exp', 'qol', 'mv_play_dom', 'mv_play_int', 'dom_perc', 'int_perc')",0.575581475
"('power_rating', 'mv_usd', 'elo_rating', 'life_exp', 'qol', 'mv_play_dom', 'num_play_dom', 'dom_perc')",0.575566107
"('power_rating', 'mv_usd', 'elo_rating', 'life_exp', 'qol', 'mv_play_dom', 'num_play_dom', 'int_perc')",0.575566107
"('power_rating', 'mv_usd', 'elo_rating', 'life_exp', 'qol', 'mv_play_dom', 'num_play_dom', 'dom_perc', 'int_perc')",0.575566107
"('power_rating', 'gdp_usd', 'life_exp', 'qol', 'mv_play_dom', 'mv_play_int', 'dom_perc')",0.575557281
"('power_rating', 'gdp_usd', 'life_exp', 'qol', 'mv_play_dom', 'mv_play_int', 'int_perc')",0.575557281
"('power_rating', 'gdp_usd', 'life_exp', 'qol', 'mv_play_dom', 'mv_play_int', 'dom_perc', 'int_perc')",0.575557281
"('power_rating', 'gdp_usd', 'qol', 'num_play_dom', 'mv_play_int', 'dom_perc')",0.575373194
"('power_rating', 'gdp_usd', 'qol', 'num_play_dom', 'mv_play_int', 'int_perc')",0.575373194
"('power_rating', 'gdp_usd', 'qol', 'num_play_dom', 'mv_play_int', 'dom_perc', 'int_perc')",0.575373194
"('power_rating', 'gdp_usd', 'mv_play_dom', 'mv_play_int', 'num_play_int', 'dom_perc')",0.575247164
"('power_rating', 'gdp_usd', 'mv_play_dom', 'mv_play_int', 'num_play_int', 'int_perc')",0.575247164
"('power_rating', 'gdp_usd', 'mv_play_dom', 'mv_play_int', 'num_play_int', 'dom_perc', 'int_perc')",0.575247164
"('power_rating', 'gdp_usd', 'elo_rating', 'bmi', 'mv_play_dom', 'mv_play_int', 'num_play_int')",0.575080295
"('power_rating', 'gdp_usd', 'mv_usd', 'elo_rating', 'life_exp', 'mv_play_dom', 'num_play_dom', 'dom_int_mv_ratio', 'dom_perc')",0.575072442
"('power_rating', 'gdp_usd', 'mv_usd', 'elo_rating', 'life_exp', 'mv_play_dom', 'num_play_dom', 'dom_int_mv_ratio', 'int_perc')",0.575072442
"('power_rating', 'gdp_usd', 'mv_usd', 'elo_rating', 'life_exp', 'mv_play_dom', 'num_play_dom', 'dom_int_mv_ratio', 'dom_perc', 'int_perc')",0.575072442
"('power_rating', 'gdp_usd', 'elo_rating', 'bmi', 'mv_play_dom', 'num_play_dom', 'mv_play_int', 'dom_perc')",0.575062048
"('power_rating', 'gdp_usd', 'elo_rating', 'bmi', 'mv_play_dom', 'num_play_dom', 'mv_play_int', 'int_perc')",0.575062048
"('power_rating', 'gdp_usd', 'elo_rating', 'bmi', 'mv_play_dom', 'num_play_dom', 'mv_play_int', 'dom_perc', 'int_perc')",0.575062048
"('power_rating', 'elo_rating', 'bmi', 'mv_play_dom', 'num_play_dom', 'mv_play_int', 'dom_perc')",0.575055962
"('power_rating', 'elo_rating', 'bmi', 'mv_play_dom', 'num_play_dom', 'mv_play_int', 'int_perc')",0.575055962
"('power_rating', 'elo_rating', 'bmi', 'mv_play_dom', 'num_play_dom', 'mv_play_int', 'dom_perc', 'int_perc')",0.575055962
"('power_rating', 'gdp_usd', 'mv_usd', 'elo_rating', 'mv_play_dom', 'mv_play_int', 'num_play_int', 'dom_int_mv_ratio')",0.575034578
"('power_rating', 'mv_usd', 'elo_rating', 'life_exp', 'mv_play_dom', 'num_play_dom', 'dom_int_mv_ratio', 'dom_perc')",0.5750195
"('power_rating', 'mv_usd', 'elo_rating', 'life_exp', 'mv_play_dom', 'num_play_dom', 'dom_int_mv_ratio', 'int_perc')",0.5750195
"('power_rating', 'mv_usd', 'elo_rating', 'life_exp', 'mv_play_dom', 'num_play_dom', 'dom_int_mv_ratio', 'dom_perc', 'int_perc')",0.5750195
"('power_rating', 'gdp_usd', 'elo_rating', 'bmi', 'num_play_dom', 'mv_play_int', 'dom_perc')",0.575011118
"('power_rating', 'gdp_usd', 'elo_rating', 'bmi', 'num_play_dom', 'mv_play_int', 'int_perc')",0.575011118
"('power_rating', 'gdp_usd', 'elo_rating', 'bmi', 'num_play_dom', 'mv_play_int', 'dom_perc', 'int_perc')",0.575011118
"('power_rating', 'elo_rating', 'bmi', 'num_play_dom', 'mv_play_int', 'dom_perc')",0.575007853
"('power_rating', 'elo_rating', 'bmi', 'num_play_dom', 'mv_play_int', 'int_perc')",0.575007853
"('power_rating', 'elo_rating', 'bmi', 'num_play_dom', 'mv_play_int', 'dom_perc', 'int_perc')",0.575007853
"('power_rating', 'mv_usd', 'elo_rating', 'mv_play_dom', 'mv_play_int', 'num_play_int', 'dom_int_mv_ratio')",0.574997565
"('power_rating', 'gdp_usd', 'mv_usd', 'elo_rating', 'bmi', 'mv_play_int', 'dom_int_mv_ratio', 'dom_perc')",0.574989456
"('power_rating', 'gdp_usd', 'mv_usd', 'elo_rating', 'bmi', 'mv_play_int', 'dom_int_mv_ratio', 'int_perc')",0.574989456
"('power_rating', 'gdp_usd', 'mv_usd', 'elo_rating', 'bmi', 'mv_play_int', 'dom_int_mv_ratio', 'dom_perc', 'int_perc')",0.574989456
"('power_rating', 'gdp_usd', 'mv_usd', 'elo_rating', 'life_exp', 'mv_play_dom', 'dom_int_mv_ratio', 'dom_perc')",0.574971994
"('power_rating', 'gdp_usd', 'mv_usd', 'elo_rating', 'life_exp', 'mv_play_dom', 'dom_int_mv_ratio', 'int_perc')",0.574971994
"('power_rating', 'gdp_usd', 'mv_usd', 'elo_rating', 'life_exp', 'mv_play_dom', 'dom_int_mv_ratio', 'dom_perc', 'int_perc')",0.574971994
"('power_rating', 'gdp_usd', 'mv_usd', 'elo_rating', 'bmi', 'mv_play_dom', 'mv_play_int', 'dom_perc')",0.574961867
"('power_rating', 'gdp_usd', 'mv_usd', 'elo_rating', 'bmi', 'mv_play_dom', 'mv_play_int', 'int_perc')",0.574961867
"('power_rating', 'gdp_usd', 'mv_usd', 'elo_rating', 'bmi', 'mv_play_dom', 'mv_play_int', 'dom_perc', 'int_perc')",0.574961867
"('power_rating', 'gdp_usd', 'mv_usd', 'life_exp', 'mv_play_dom', 'num_play_dom', 'mv_play_int', 'dom_perc')",0.574864309
"('power_rating', 'gdp_usd', 'mv_usd', 'life_exp', 'mv_play_dom', 'num_play_dom', 'mv_play_int', 'int_perc')",0.574864309
"('power_rating', 'gdp_usd', 'mv_usd', 'life_exp', 'mv_play_dom', 'num_play_dom', 'mv_play_int', 'dom_perc', 'int_perc')",0.574864309
"('power_rating', 'mv_usd', 'life_exp', 'mv_play_dom', 'num_play_dom', 'mv_play_int', 'dom_perc')",0.574864055
"('power_rating', 'mv_usd', 'life_exp', 'mv_play_dom', 'num_play_dom', 'mv_play_int', 'int_perc')",0.574864055
"('power_rating', 'mv_usd', 'life_exp', 'mv_play_dom', 'num_play_dom', 'mv_play_int', 'dom_perc', 'int_perc')",0.574864055
"('power_rating', 'gdp_usd', 'mv_usd', 'life_exp', 'num_play_dom', 'mv_play_int', 'dom_perc')",0.57481053
"('power_rating', 'gdp_usd', 'mv_usd', 'life_exp', 'num_play_dom', 'mv_play_int', 'int_perc')",0.57481053
"('power_rating', 'gdp_usd', 'mv_usd', 'life_exp', 'num_play_dom', 'mv_play_int', 'dom_perc', 'int_perc')",0.57481053
"('power_rating', 'mv_usd', 'life_exp', 'num_play_dom', 'mv_play_int', 'dom_perc')",0.574804778
"('power_rating', 'mv_usd', 'life_exp', 'num_play_dom', 'mv_play_int', 'int_perc')",0.574804778
"('power_rating', 'mv_usd', 'life_exp', 'num_play_dom', 'mv_play_int', 'dom_perc', 'int_perc')",0.574804778
"('mv_usd', 'bmi', 'mv_play_int', 'dom_perc')",0.574798498
"('mv_usd', 'bmi', 'mv_play_int', 'int_perc')",0.574798498
"('mv_usd', 'bmi', 'mv_play_int', 'dom_perc', 'int_perc')",0.574798498
"('power_rating', 'elo_rating', 'bmi', 'mv_play_dom', 'mv_play_int', 'num_play_int')",0.57476893
"('power_rating', 'mv_usd', 'elo_rating', 'life_exp', 'mv_play_dom', 'dom_int_mv_ratio', 'dom_perc')",0.574710234
"('power_rating', 'mv_usd', 'elo_rating', 'life_exp', 'mv_play_dom', 'dom_int_mv_ratio', 'int_perc')",0.574710234
"('power_rating', 'mv_usd', 'elo_rating', 'life_exp', 'mv_play_dom', 'dom_int_mv_ratio', 'dom_perc', 'int_perc')",0.574710234
"('power_rating', 'gdp_usd', 'elo_rating', 'bmi', 'mv_play_int', 'dom_int_mv_ratio', 'int_perc')",0.574578743
"('power_rating', 'gdp_usd', 'elo_rating', 'bmi', 'mv_play_int', 'dom_int_mv_ratio', 'dom_perc')",0.574578743
"('power_rating', 'gdp_usd', 'elo_rating', 'bmi', 'mv_play_int', 'dom_int_mv_ratio', 'dom_perc', 'int_perc')",0.574578743
"('power_rating', 'gdp_usd', 'elo_rating', 'bmi', 'life_exp', 'mv_play_dom', 'num_play_dom', 'dom_int_mv_ratio', 'dom_perc')",0.574464562
"('power_rating', 'gdp_usd', 'elo_rating', 'bmi', 'life_exp', 'mv_play_dom', 'num_play_dom', 'dom_int_mv_ratio', 'int_perc')",0.574464562
"('power_rating', 'gdp_usd', 'elo_rating', 'bmi', 'life_exp', 'mv_play_dom', 'num_play_dom', 'dom_int_mv_ratio', 'dom_perc', 'int_perc')",0.574464562
"('power_rating', 'gdp_usd', 'elo_rating', 'bmi', 'life_exp', 'mv_play_dom', 'dom_int_mv_ratio', 'dom_perc')",0.574396421
"('power_rating', 'gdp_usd', 'elo_rating', 'bmi', 'life_exp', 'mv_play_dom', 'dom_int_mv_ratio', 'int_perc')",0.574396421
"('power_rating', 'gdp_usd', 'elo_rating', 'bmi', 'life_exp', 'mv_play_dom', 'dom_int_mv_ratio', 'dom_perc', 'int_perc')",0.574396421
"('power_rating', 'gdp_usd', 'elo_rating', 'bmi', 'mv_play_dom', 'num_play_dom', 'mv_play_int')",0.574364142
"('power_rating', 'elo_rating', 'bmi', 'mv_play_dom', 'num_play_dom', 'mv_play_int')",0.57424519
"('power_rating', 'gdp_usd', 'mv_usd', 'elo_rating', 'bmi', 'qol', 'mv_play_dom', 'dom_perc')",0.574199141
"('power_rating', 'gdp_usd', 'mv_usd', 'elo_rating', 'bmi', 'qol', 'mv_play_dom', 'int_perc')",0.574199141
"('power_rating', 'gdp_usd', 'mv_usd', 'elo_rating', 'bmi', 'qol', 'mv_play_dom', 'dom_perc', 'int_perc')",0.574199141
"('power_rating', 'gdp_usd', 'elo_rating', 'bmi', 'life_exp', 'qol', 'num_play_int', 'dom_perc')",0.574192239
"('power_rating', 'gdp_usd', 'elo_rating', 'bmi', 'life_exp', 'qol', 'num_play_int', 'int_perc')",0.574192239
"('power_rating', 'gdp_usd', 'elo_rating', 'bmi', 'life_exp', 'qol', 'num_play_int', 'dom_perc', 'int_perc')",0.574192239
"('power_rating', 'gdp_usd', 'mv_usd', 'bmi', 'life_exp', 'mv_play_dom', 'num_play_dom', 'mv_play_int', 'dom_int_mv_ratio')",0.574142996
"('power_rating', 'gdp_usd', 'elo_rating', 'bmi', 'num_play_dom', 'mv_play_int')",0.574137218
"('power_rating', 'elo_rating', 'bmi', 'life_exp', 'mv_play_dom', 'num_play_dom', 'dom_int_mv_ratio', 'dom_perc')",0.574053094
"('power_rating', 'elo_rating', 'bmi', 'life_exp', 'mv_play_dom', 'num_play_dom', 'dom_int_mv_ratio', 'int_perc')",0.574053094
"('power_rating', 'elo_rating', 'bmi', 'life_exp', 'mv_play_dom', 'num_play_dom', 'dom_int_mv_ratio', 'dom_perc', 'int_perc')",0.574053094
"('power_rating', 'elo_rating', 'bmi', 'life_exp', 'mv_play_dom', 'dom_int_mv_ratio', 'dom_perc')",0.574048408
"('power_rating', 'elo_rating', 'bmi', 'life_exp', 'mv_play_dom', 'dom_int_mv_ratio', 'int_perc')",0.574048408
"('power_rating', 'elo_rating', 'bmi', 'life_exp', 'mv_play_dom', 'dom_int_mv_ratio', 'dom_perc', 'int_perc')",0.574048408
"('elo_rating', 'life_exp', 'qol', 'mv_play_int', 'dom_int_mv_ratio', 'dom_perc')",0.574032172
"('elo_rating', 'life_exp', 'qol', 'mv_play_int', 'dom_int_mv_ratio', 'int_perc')",0.574032172
"('elo_rating', 'life_exp', 'qol', 'mv_play_int', 'dom_int_mv_ratio', 'dom_perc', 'int_perc')",0.574032172
"('power_rating', 'elo_rating', 'bmi', 'num_play_dom', 'mv_play_int')",0.574021875
"('power_rating', 'gdp_usd', 'life_exp', 'mv_play_dom', 'num_play_dom', 'mv_play_int', 'dom_perc')",0.574015082
"('power_rating', 'gdp_usd', 'life_exp', 'mv_play_dom', 'num_play_dom', 'mv_play_int', 'int_perc')",0.574015082
"('power_rating', 'gdp_usd', 'life_exp', 'mv_play_dom', 'num_play_dom', 'mv_play_int', 'dom_perc', 'int_perc')",0.574015082
"('power_rating', 'gdp_usd', 'bmi', 'life_exp', 'mv_play_dom', 'num_play_dom', 'mv_play_int', 'dom_int_mv_ratio')",0.574010283
"('power_rating', 'gdp_usd', 'bmi', 'qol', 'mv_play_dom', 'mv_play_int', 'dom_perc')",0.573921541
"('power_rating', 'gdp_usd', 'bmi', 'qol', 'mv_play_dom', 'mv_play_int', 'int_perc')",0.573921541
"('power_rating', 'gdp_usd', 'bmi', 'qol', 'mv_play_dom', 'mv_play_int', 'dom_perc', 'int_perc')",0.573921541
"('power_rating', 'life_exp', 'mv_play_dom', 'num_play_dom', 'mv_play_int', 'dom_perc')",0.573912419
"('power_rating', 'life_exp', 'mv_play_dom', 'num_play_dom', 'mv_play_int', 'int_perc')",0.573912419
"('power_rating', 'life_exp', 'mv_play_dom', 'num_play_dom', 'mv_play_int', 'dom_perc', 'int_perc')",0.573912419
"('power_rating', 'mv_usd', 'mv_play_dom', 'mv_play_int', 'num_play_int', 'dom_perc')",0.573878709
"('power_rating', 'mv_usd', 'mv_play_dom', 'mv_play_int', 'num_play_int', 'int_perc')",0.573878709
"('power_rating', 'mv_usd', 'mv_play_dom', 'mv_play_int', 'num_play_int', 'dom_perc', 'int_perc')",0.573878709
"('power_rating', 'gdp_usd', 'elo_rating', 'bmi', 'life_exp', 'num_play_int', 'dom_perc')",0.573870477
"('power_rating', 'gdp_usd', 'elo_rating', 'bmi', 'life_exp', 'num_play_int', 'int_perc')",0.573870477
"('power_rating', 'gdp_usd', 'elo_rating', 'bmi', 'life_exp', 'num_play_int', 'dom_perc', 'int_perc')",0.573870477
"('power_rating', 'gdp_usd', 'mv_usd', 'elo_rating', 'bmi', 'mv_play_int', 'num_play_int', 'dom_int_mv_ratio')",0.573862924
"('power_rating', 'gdp_usd', 'mv_usd', 'elo_rating', 'life_exp', 'qol', 'mv_play_dom', 'dom_perc')",0.573747128
"('power_rating', 'gdp_usd', 'mv_usd', 'elo_rating', 'life_exp', 'qol', 'mv_play_dom', 'int_perc')",0.573747128
"('power_rating', 'gdp_usd', 'mv_usd', 'elo_rating', 'life_exp', 'qol', 'mv_play_dom', 'dom_perc', 'int_perc')",0.573747128
"('power_rating', 'mv_usd', 'elo_rating', 'bmi', 'mv_play_int', 'num_play_int', 'dom_int_mv_ratio')",0.573615231
"('power_rating', 'gdp_usd', 'qol', 'mv_play_dom', 'mv_play_int', 'dom_perc')",0.573518739
"('power_rating', 'gdp_usd', 'qol', 'mv_play_dom', 'mv_play_int', 'int_perc')",0.573518739
"('power_rating', 'gdp_usd', 'qol', 'mv_play_dom', 'mv_play_int', 'dom_perc', 'int_perc')",0.573518739
"('power_rating', 'gdp_usd', 'mv_usd', 'elo_rating', 'bmi', 'life_exp', 'mv_play_int')",0.57343105
"('power_rating', 'gdp_usd', 'mv_usd', 'elo_rating', 'life_exp', 'mv_play_int')",0.573429102
"('power_rating', 'gdp_usd', 'mv_usd', 'bmi', 'life_exp', 'num_play_dom', 'mv_play_int', 'dom_int_mv_ratio')",0.573396706
"('power_rating', 'gdp_usd', 'elo_rating', 'life_exp', 'mv_play_dom', 'num_play_dom', 'dom_int_mv_ratio', 'dom_perc')",0.573248727
"('power_rating', 'gdp_usd', 'elo_rating', 'life_exp', 'mv_play_dom', 'num_play_dom', 'dom_int_mv_ratio', 'int_perc')",0.573248727
"('power_rating', 'gdp_usd', 'elo_rating', 'life_exp', 'mv_play_dom', 'num_play_dom', 'dom_int_mv_ratio', 'dom_perc', 'int_perc')",0.573248727
"('power_rating', 'gdp_usd', 'elo_rating', 'life_exp', 'mv_play_dom', 'dom_int_mv_ratio', 'dom_perc')",0.573248127
"('power_rating', 'gdp_usd', 'elo_rating', 'life_exp', 'mv_play_dom', 'dom_int_mv_ratio', 'int_perc')",0.573248127
"('power_rating', 'gdp_usd', 'elo_rating', 'life_exp', 'mv_play_dom', 'dom_int_mv_ratio', 'dom_perc', 'int_perc')",0.573248127
"('power_rating', 'gdp_usd', 'bmi', 'qol', 'num_play_dom', 'num_play_int', 'dom_int_mv_ratio', 'dom_perc')",0.573062753
"('power_rating', 'gdp_usd', 'bmi', 'qol', 'num_play_dom', 'num_play_int', 'dom_int_mv_ratio', 'int_perc')",0.573062753
"('power_rating', 'gdp_usd', 'bmi', 'qol', 'num_play_dom', 'num_play_int', 'dom_int_mv_ratio', 'dom_perc', 'int_perc')",0.573062753
"('power_rating', 'elo_rating', 'mv_play_dom', 'mv_play_int', 'num_play_int', 'dom_perc')",0.573055621
"('power_rating', 'elo_rating', 'mv_play_dom', 'mv_play_int', 'num_play_int', 'int_perc')",0.573055621
"('power_rating', 'elo_rating', 'mv_play_dom', 'mv_play_int', 'num_play_int', 'dom_perc', 'int_perc')",0.573055621
"('power_rating', 'mv_usd', 'elo_rating', 'bmi', 'life_exp', 'qol', 'mv_play_dom', 'dom_perc')",0.573021093
"('power_rating', 'mv_usd', 'elo_rating', 'bmi', 'life_exp', 'qol', 'mv_play_dom', 'int_perc')",0.573021093
"('power_rating', 'mv_usd', 'elo_rating', 'bmi', 'life_exp', 'qol', 'mv_play_dom', 'dom_perc', 'int_perc')",0.573021093
"('power_rating', 'mv_usd', 'mv_play_int', 'num_play_int', 'dom_perc')",0.573018922
"('power_rating', 'mv_usd', 'mv_play_int', 'num_play_int', 'int_perc')",0.573018922
"('power_rating', 'mv_usd', 'mv_play_int', 'num_play_int', 'dom_perc', 'int_perc')",0.573018922
"('power_rating', 'mv_usd', 'elo_rating', 'bmi', 'qol', 'mv_play_dom', 'num_play_dom', 'dom_perc')",0.572999904
"('power_rating', 'mv_usd', 'elo_rating', 'bmi', 'qol', 'mv_play_dom', 'num_play_dom', 'int_perc')",0.572999904
"('power_rating', 'mv_usd', 'elo_rating', 'bmi', 'qol', 'mv_play_dom', 'num_play_dom', 'dom_perc', 'int_perc')",0.572999904
"('power_rating', 'gdp_usd', 'mv_usd', 'elo_rating', 'qol', 'mv_play_dom', 'num_play_int', 'dom_perc')",0.572952577
"('power_rating', 'gdp_usd', 'mv_usd', 'elo_rating', 'qol', 'mv_play_dom', 'num_play_int', 'int_perc')",0.572952577
"('power_rating', 'gdp_usd', 'mv_usd', 'elo_rating', 'qol', 'mv_play_dom', 'num_play_int', 'dom_perc', 'int_perc')",0.572952577
"('power_rating', 'mv_usd', 'bmi', 'life_exp', 'mv_play_dom', 'num_play_dom', 'mv_play_int', 'dom_int_mv_ratio')",0.572952129
"('power_rating', 'bmi', 'life_exp', 'mv_play_dom', 'num_play_dom', 'mv_play_int', 'dom_int_mv_ratio')",0.572948527
"('mv_usd', 'mv_play_int', 'dom_perc')",0.572926193
"('mv_usd', 'mv_play_int', 'int_perc')",0.572926193
"('mv_usd', 'mv_play_int', 'dom_perc', 'int_perc')",0.572926193
"('power_rating', 'mv_usd', 'elo_rating', 'bmi', 'mv_play_int', 'dom_int_mv_ratio', 'dom_perc')",0.572788996
"('power_rating', 'mv_usd', 'elo_rating', 'bmi', 'mv_play_int', 'dom_int_mv_ratio', 'int_perc')",0.572788996
"('power_rating', 'mv_usd', 'elo_rating', 'bmi', 'mv_play_int', 'dom_int_mv_ratio', 'dom_perc', 'int_perc')",0.572788996
"('power_rating', 'mv_usd', 'elo_rating', 'qol', 'mv_play_dom', 'num_play_int', 'dom_perc')",0.572745558
"('power_rating', 'mv_usd', 'elo_rating', 'qol', 'mv_play_dom', 'num_play_int', 'int_perc')",0.572745558
"('power_rating', 'mv_usd', 'elo_rating', 'qol', 'mv_play_dom', 'num_play_int', 'dom_perc', 'int_perc')",0.572745558
"('power_rating', 'qol', 'mv_play_dom', 'num_play_dom', 'mv_play_int')",0.572716581
"('power_rating', 'mv_usd', 'mv_play_dom', 'num_play_dom', 'mv_play_int', 'num_play_int', 'dom_int_mv_ratio')",0.572709886
"('life_exp', 'qol', 'mv_play_int', 'num_play_int', 'dom_int_mv_ratio')",0.57262338
"('power_rating', 'elo_rating', 'life_exp', 'mv_play_dom', 'num_play_dom', 'dom_int_mv_ratio', 'dom_perc')",0.572614793
"('power_rating', 'elo_rating', 'life_exp', 'mv_play_dom', 'num_play_dom', 'dom_int_mv_ratio', 'int_perc')",0.572614793
"('power_rating', 'elo_rating', 'life_exp', 'mv_play_dom', 'num_play_dom', 'dom_int_mv_ratio', 'dom_perc', 'int_perc')",0.572614793
"('power_rating', 'gdp_usd', 'mv_usd', 'elo_rating', 'bmi', 'qol', 'num_play_int', 'dom_perc')",0.572579991
"('power_rating', 'gdp_usd', 'mv_usd', 'elo_rating', 'bmi', 'qol', 'num_play_int', 'int_perc')",0.572579991
"('power_rating', 'gdp_usd', 'mv_usd', 'elo_rating', 'bmi', 'qol', 'num_play_int', 'dom_perc', 'int_perc')",0.572579991
"('power_rating', 'elo_rating', 'mv_play_dom', 'num_play_dom', 'num_play_int', 'dom_int_mv_ratio', 'dom_perc')",0.572561687
"('power_rating', 'elo_rating', 'mv_play_dom', 'num_play_dom', 'num_play_int', 'dom_int_mv_ratio', 'int_perc')",0.572561687
"('power_rating', 'elo_rating', 'mv_play_dom', 'num_play_dom', 'num_play_int', 'dom_int_mv_ratio', 'dom_perc', 'int_perc')",0.572561687
"('power_rating', 'bmi', 'qol', 'num_play_dom', 'num_play_int', 'dom_int_mv_ratio', 'dom_perc')",0.572549546
"('power_rating', 'bmi', 'qol', 'num_play_dom', 'num_play_int', 'dom_int_mv_ratio', 'int_perc')",0.572549546
"('power_rating', 'bmi', 'qol', 'num_play_dom', 'num_play_int', 'dom_int_mv_ratio', 'dom_perc', 'int_perc')",0.572549546
"('power_rating', 'life_exp', 'num_play_dom', 'num_play_int', 'dom_int_mv_ratio', 'int_perc')",0.572517387
"('power_rating', 'life_exp', 'num_play_dom', 'num_play_int', 'dom_int_mv_ratio', 'dom_perc', 'int_perc')",0.572517387
"('power_rating', 'life_exp', 'num_play_dom', 'num_play_int', 'dom_int_mv_ratio', 'dom_perc')",0.572517387
"('power_rating', 'qol', 'num_play_dom', 'mv_play_int', 'dom_perc')",0.572494175
"('power_rating', 'qol', 'num_play_dom', 'mv_play_int', 'int_perc')",0.572494175
"('power_rating', 'qol', 'num_play_dom', 'mv_play_int', 'dom_perc', 'int_perc')",0.572494175
"('power_rating', 'mv_usd', 'elo_rating', 'qol', 'mv_play_dom', 'num_play_dom', 'dom_perc')",0.572475619
"('power_rating', 'mv_usd', 'elo_rating', 'qol', 'mv_play_dom', 'num_play_dom', 'int_perc')",0.572475619
"('power_rating', 'mv_usd', 'elo_rating', 'qol', 'mv_play_dom', 'num_play_dom', 'dom_perc', 'int_perc')",0.572475619
"('power_rating', 'elo_rating', 'life_exp', 'mv_play_dom', 'dom_int_mv_ratio', 'int_perc')",0.572375362
"('power_rating', 'elo_rating', 'life_exp', 'mv_play_dom', 'dom_int_mv_ratio', 'dom_perc', 'int_perc')",0.572375362
"('power_rating', 'elo_rating', 'life_exp', 'mv_play_dom', 'dom_int_mv_ratio', 'dom_perc')",0.572375362
"('power_rating', 'gdp_usd', 'mv_usd', 'elo_rating', 'mv_play_dom', 'num_play_dom', 'mv_play_int', 'num_play_int')",0.572243461
"('power_rating', 'bmi', 'mv_play_dom', 'num_play_dom', 'num_play_int', 'dom_int_mv_ratio', 'dom_perc')",0.572108392
"('power_rating', 'bmi', 'mv_play_dom', 'num_play_dom', 'num_play_int', 'dom_int_mv_ratio', 'int_perc')",0.572108392
"('power_rating', 'bmi', 'mv_play_dom', 'num_play_dom', 'num_play_int', 'dom_int_mv_ratio', 'dom_perc', 'int_perc')",0.572108392
"('power_rating', 'mv_usd', 'elo_rating', 'num_play_dom', 'num_play_int', 'dom_int_mv_ratio', 'dom_perc')",0.572107482
"('power_rating', 'mv_usd', 'elo_rating', 'num_play_dom', 'num_play_int', 'dom_int_mv_ratio', 'int_perc')",0.572107482
"('power_rating', 'mv_usd', 'elo_rating', 'num_play_dom', 'num_play_int', 'dom_int_mv_ratio', 'dom_perc', 'int_perc')",0.572107482
"('power_rating', 'gdp_usd', 'mv_usd', 'elo_rating', 'life_exp', 'num_play_int', 'dom_perc')",0.57209485
"('power_rating', 'gdp_usd', 'mv_usd', 'elo_rating', 'life_exp', 'num_play_int', 'int_perc')",0.57209485
"('power_rating', 'gdp_usd', 'mv_usd', 'elo_rating', 'life_exp', 'num_play_int', 'dom_perc', 'int_perc')",0.57209485
"('power_rating', 'gdp_usd', 'elo_rating', 'bmi', 'life_exp', 'mv_play_int', 'dom_int_mv_ratio')",0.571974847
"('power_rating', 'mv_usd', 'elo_rating', 'life_exp', 'qol', 'mv_play_dom', 'dom_perc')",0.571961018
"('power_rating', 'mv_usd', 'elo_rating', 'life_exp', 'qol', 'mv_play_dom', 'int_perc')",0.571961018
"('power_rating', 'mv_usd', 'elo_rating', 'life_exp', 'qol', 'mv_play_dom', 'dom_perc', 'int_perc')",0.571961018
"('power_rating', 'gdp_usd', 'elo_rating', 'life_exp', 'mv_play_int', 'dom_int_mv_ratio')",0.57195763
"('power_rating', 'elo_rating', 'num_play_dom', 'num_play_int', 'dom_int_mv_ratio', 'dom_perc')",0.571917835
"('power_rating', 'elo_rating', 'num_play_dom', 'num_play_int', 'dom_int_mv_ratio', 'int_perc')",0.571917835
"('power_rating', 'elo_rating', 'num_play_dom', 'num_play_int', 'dom_int_mv_ratio', 'dom_perc', 'int_perc')",0.571917835
"('power_rating', 'gdp_usd', 'bmi', 'life_exp', 'qol', 'mv_play_dom', 'mv_play_int')",0.571915825
"('power_rating', 'mv_play_dom', 'num_play_dom', 'mv_play_int', 'num_play_int', 'dom_int_mv_ratio')",0.571826143
"('power_rating', 'elo_rating', 'mv_play_int', 'num_play_int', 'dom_perc')",0.571752856
"('power_rating', 'elo_rating', 'mv_play_int', 'num_play_int', 'int_perc')",0.571752856
"('power_rating', 'elo_rating', 'mv_play_int', 'num_play_int', 'dom_perc', 'int_perc')",0.571752856
"('power_rating', 'gdp_usd', 'life_exp', 'num_play_dom', 'mv_play_int', 'dom_perc')",0.571724664
"('power_rating', 'gdp_usd', 'life_exp', 'num_play_dom', 'mv_play_int', 'int_perc')",0.571724664
"('power_rating', 'gdp_usd', 'life_exp', 'num_play_dom', 'mv_play_int', 'dom_perc', 'int_perc')",0.571724664
"('gdp_usd', 'mv_usd', 'elo_rating', 'bmi', 'life_exp', 'qol', 'mv_play_dom', 'num_play_dom', 'mv_play_int', 'dom_perc')",0.571697033
"('gdp_usd', 'mv_usd', 'elo_rating', 'bmi', 'life_exp', 'qol', 'mv_play_dom', 'num_play_dom', 'mv_play_int', 'int_perc')",0.571697033
"('gdp_usd', 'mv_usd', 'elo_rating', 'bmi', 'life_exp', 'qol', 'mv_play_dom', 'num_play_dom', 'mv_play_int', 'dom_perc', 'int_perc')",0.571697033
"('power_rating', 'mv_usd', 'elo_rating', 'bmi', 'qol', 'num_play_int', 'dom_perc')",0.571674613
"('power_rating', 'mv_usd', 'elo_rating', 'bmi', 'qol', 'num_play_int', 'int_perc')",0.571674613
"('power_rating', 'mv_usd', 'elo_rating', 'bmi', 'qol', 'num_play_int', 'dom_perc', 'int_perc')",0.571674613
"('power_rating', 'mv_usd', 'num_play_dom', 'mv_play_int', 'num_play_int', 'dom_int_mv_ratio')",0.571668684
"('power_rating', 'num_play_dom', 'mv_play_int', 'num_play_int', 'dom_int_mv_ratio')",0.571667821
"('power_rating', 'gdp_usd', 'elo_rating', 'mv_play_dom', 'mv_play_int', 'num_play_int', 'dom_int_mv_ratio')",0.571663322
"('power_rating', 'gdp_usd', 'num_play_dom', 'mv_play_int', 'num_play_int', 'dom_perc')",0.57160386
"('power_rating', 'gdp_usd', 'num_play_dom', 'mv_play_int', 'num_play_int', 'int_perc')",0.57160386
"('power_rating', 'gdp_usd', 'num_play_dom', 'mv_play_int', 'num_play_int', 'dom_perc', 'int_perc')",0.57160386
"('power_rating', 'gdp_usd', 'life_exp', 'qol', 'mv_play_dom', 'mv_play_int')",0.571596358
"('gdp_usd', 'mv_usd', 'elo_rating', 'bmi', 'life_exp', 'qol', 'mv_play_dom', 'mv_play_int', 'num_play_int', 'dom_perc')",0.571552497
"('gdp_usd', 'mv_usd', 'elo_rating', 'bmi', 'life_exp', 'qol', 'mv_play_dom', 'mv_play_int', 'num_play_int', 'int_perc')",0.571552497
"('gdp_usd', 'mv_usd', 'elo_rating', 'bmi', 'life_exp', 'qol', 'mv_play_dom', 'mv_play_int', 'num_play_int', 'dom_perc', 'int_perc')",0.571552497
"('power_rating', 'elo_rating', 'bmi', 'mv_play_int', 'dom_int_mv_ratio', 'dom_perc')",0.571522563
"('power_rating', 'elo_rating', 'bmi', 'mv_play_int', 'dom_int_mv_ratio', 'int_perc')",0.571522563
"('power_rating', 'elo_rating', 'bmi', 'mv_play_int', 'dom_int_mv_ratio', 'dom_perc', 'int_perc')",0.571522563
"('power_rating', 'life_exp', 'num_play_dom', 'mv_play_int', 'dom_perc')",0.571500546
"('power_rating', 'life_exp', 'num_play_dom', 'mv_play_int', 'dom_perc', 'int_perc')",0.571500546
"('power_rating', 'life_exp', 'num_play_dom', 'mv_play_int', 'int_perc')",0.571500546
"('power_rating', 'elo_rating', 'mv_play_dom', 'mv_play_int', 'num_play_int', 'dom_int_mv_ratio')",0.57126262
"('power_rating', 'gdp_usd', 'mv_usd', 'bmi', 'life_exp', 'mv_play_dom', 'num_play_dom', 'mv_play_int')",0.571117425
"('power_rating', 'gdp_usd', 'mv_usd', 'bmi', 'mv_play_int', 'num_play_int', 'dom_int_mv_ratio')",0.571074173
"('power_rating', 'mv_usd', 'elo_rating', 'life_exp', 'qol', 'num_play_int', 'dom_perc')",0.57104922
"('power_rating', 'mv_usd', 'elo_rating', 'life_exp', 'qol', 'num_play_int', 'int_perc')",0.57104922
"('power_rating', 'mv_usd', 'elo_rating', 'life_exp', 'qol', 'num_play_int', 'dom_perc', 'int_perc')",0.57104922
"('power_rating', 'mv_usd', 'elo_rating', 'mv_play_dom', 'num_play_dom', 'mv_play_int', 'num_play_int')",0.570971504
"('power_rating', 'mv_usd', 'bmi', 'life_exp', 'num_play_dom', 'mv_play_int', 'dom_int_mv_ratio')",0.570960395
"('power_rating', 'gdp_usd', 'elo_rating', 'bmi', 'life_exp', 'mv_play_int')",0.570952764
"('power_rating', 'gdp_usd', 'elo_rating', 'life_exp', 'mv_play_int')",0.570952704
"('power_rating', 'gdp_usd', 'mv_usd', 'bmi', 'life_exp', 'num_play_dom', 'mv_play_int')",0.570940982
"('power_rating', 'mv_usd', 'bmi', 'mv_play_int', 'num_play_int', 'dom_int_mv_ratio')",0.570665389
"('gdp_usd', 'mv_usd', 'elo_rating', 'life_exp', 'qol', 'mv_play_dom', 'num_play_dom', 'mv_play_int', 'dom_perc')",0.570552438
"('gdp_usd', 'mv_usd', 'elo_rating', 'life_exp', 'qol', 'mv_play_dom', 'num_play_dom', 'mv_play_int', 'int_perc')",0.570552438
"('gdp_usd', 'mv_usd', 'elo_rating', 'life_exp', 'qol', 'mv_play_dom', 'num_play_dom', 'mv_play_int', 'dom_perc', 'int_perc')",0.570552438
"('power_rating', 'gdp_usd', 'bmi', 'mv_play_dom', 'mv_play_int', 'num_play_int')",0.570501176
"('power_rating', 'gdp_usd', 'mv_usd', 'elo_rating', 'qol', 'mv_play_dom', 'dom_perc')",0.570459804
"('power_rating', 'gdp_usd', 'mv_usd', 'elo_rating', 'qol', 'mv_play_dom', 'int_perc')",0.570459804
"('power_rating', 'gdp_usd', 'mv_usd', 'elo_rating', 'qol', 'mv_play_dom', 'dom_perc', 'int_perc')",0.570459804
"('gdp_usd', 'mv_usd', 'elo_rating', 'life_exp', 'qol', 'mv_play_dom', 'mv_play_int', 'num_play_int', 'dom_perc')",0.570233868
"('gdp_usd', 'mv_usd', 'elo_rating', 'life_exp', 'qol', 'mv_play_dom', 'mv_play_int', 'num_play_int', 'int_perc')",0.570233868
"('gdp_usd', 'mv_usd', 'elo_rating', 'life_exp', 'qol', 'mv_play_dom', 'mv_play_int', 'num_play_int', 'dom_perc', 'int_perc')",0.570233868
"('power_rating', 'mv_usd', 'elo_rating', 'bmi', 'qol', 'mv_play_dom', 'dom_perc')",0.570228416
"('power_rating', 'mv_usd', 'elo_rating', 'bmi', 'qol', 'mv_play_dom', 'int_perc')",0.570228416
"('power_rating', 'mv_usd', 'elo_rating', 'bmi', 'qol', 'mv_play_dom', 'dom_perc', 'int_perc')",0.570228416
"('power_rating', 'gdp_usd', 'mv_usd', 'elo_rating', 'bmi', 'life_exp', 'num_play_dom', 'dom_int_mv_ratio', 'dom_perc')",0.570160394
"('power_rating', 'gdp_usd', 'mv_usd', 'elo_rating', 'bmi', 'life_exp', 'num_play_dom', 'dom_int_mv_ratio', 'int_perc')",0.570160394
"('power_rating', 'gdp_usd', 'mv_usd', 'elo_rating', 'bmi', 'life_exp', 'num_play_dom', 'dom_int_mv_ratio', 'dom_perc', 'int_perc')",0.570160394
"('power_rating', 'gdp_usd', 'elo_rating', 'life_exp', 'qol', 'mv_play_dom', 'num_play_int', 'dom_perc')",0.570147072
"('power_rating', 'gdp_usd', 'elo_rating', 'life_exp', 'qol', 'mv_play_dom', 'num_play_int', 'int_perc')",0.570147072
"('power_rating', 'gdp_usd', 'elo_rating', 'life_exp', 'qol', 'mv_play_dom', 'num_play_int', 'dom_perc', 'int_perc')",0.570147072
"('power_rating', 'bmi', 'mv_play_dom', 'mv_play_int', 'num_play_int')",0.570113298
"('power_rating', 'gdp_usd', 'mv_usd', 'elo_rating', 'bmi', 'mv_play_dom', 'mv_play_int', 'dom_int_mv_ratio')",0.569989316
"('power_rating', 'gdp_usd', 'mv_usd', 'elo_rating', 'bmi', 'life_exp', 'dom_int_mv_ratio', 'dom_perc')",0.569860869
"('power_rating', 'gdp_usd', 'mv_usd', 'elo_rating', 'bmi', 'life_exp', 'dom_int_mv_ratio', 'int_perc')",0.569860869
"('power_rating', 'gdp_usd', 'mv_usd', 'elo_rating', 'bmi', 'life_exp', 'dom_int_mv_ratio', 'dom_perc', 'int_perc')",0.569860869
"('power_rating', 'gdp_usd', 'bmi', 'qol', 'mv_play_dom', 'mv_play_int')",0.569822326
"('power_rating', 'gdp_usd', 'qol', 'mv_play_dom', 'mv_play_int')",0.569815448
"('power_rating', 'elo_rating', 'bmi', 'life_exp', 'qol', 'mv_play_dom', 'num_play_int', 'dom_perc')",0.569690876
"('power_rating', 'elo_rating', 'bmi', 'life_exp', 'qol', 'mv_play_dom', 'num_play_int', 'int_perc')",0.569690876
"('power_rating', 'elo_rating', 'bmi', 'life_exp', 'qol', 'mv_play_dom', 'num_play_int', 'dom_perc', 'int_perc')",0.569690876
"('power_rating', 'mv_usd', 'elo_rating', 'bmi', 'life_exp', 'num_play_dom', 'dom_int_mv_ratio', 'dom_perc')",0.569526449
"('power_rating', 'mv_usd', 'elo_rating', 'bmi', 'life_exp', 'num_play_dom', 'dom_int_mv_ratio', 'int_perc')",0.569526449
"('power_rating', 'mv_usd', 'elo_rating', 'bmi', 'life_exp', 'num_play_dom', 'dom_int_mv_ratio', 'dom_perc', 'int_perc')",0.569526449
"('power_rating', 'mv_usd', 'elo_rating', 'bmi', 'life_exp', 'dom_int_mv_ratio', 'dom_perc')",0.56949694
"('power_rating', 'mv_usd', 'elo_rating', 'bmi', 'life_exp', 'dom_int_mv_ratio', 'int_perc')",0.56949694
"('power_rating', 'mv_usd', 'elo_rating', 'bmi', 'life_exp', 'dom_int_mv_ratio', 'dom_perc', 'int_perc')",0.56949694
"('power_rating', 'gdp_usd', 'bmi', 'life_exp', 'mv_play_dom', 'num_play_dom', 'mv_play_int')",0.569369481
"('power_rating', 'mv_usd', 'elo_rating', 'bmi', 'life_exp', 'mv_play_int')",0.568978334
"('power_rating', 'gdp_usd', 'elo_rating', 'bmi', 'mv_play_int', 'num_play_int', 'dom_int_mv_ratio')",0.568881098
"('power_rating', 'mv_play_dom', 'mv_play_int', 'num_play_int', 'dom_perc')",0.568797017
"('power_rating', 'mv_play_dom', 'mv_play_int', 'num_play_int', 'int_perc')",0.568797017
"('power_rating', 'mv_play_dom', 'mv_play_int', 'num_play_int', 'dom_perc', 'int_perc')",0.568797017
"('power_rating', 'gdp_usd', 'mv_usd', 'elo_rating', 'bmi', 'mv_play_int', 'num_play_int')",0.568722612
"('power_rating', 'mv_usd', 'bmi', 'life_exp', 'mv_play_dom', 'num_play_dom', 'mv_play_int')",0.568722218
"('power_rating', 'mv_usd', 'elo_rating', 'life_exp', 'mv_play_dom', 'num_play_int', 'dom_perc')",0.568624393
"('power_rating', 'mv_usd', 'elo_rating', 'life_exp', 'mv_play_dom', 'num_play_int', 'int_perc')",0.568624393
"('power_rating', 'mv_usd', 'elo_rating', 'life_exp', 'mv_play_dom', 'num_play_int', 'dom_perc', 'int_perc')",0.568624393
"('power_rating', 'gdp_usd', 'mv_usd', 'elo_rating', 'life_exp', 'num_play_dom', 'dom_int_mv_ratio', 'dom_perc')",0.568600523
"('power_rating', 'gdp_usd', 'mv_usd', 'elo_rating', 'life_exp', 'num_play_dom', 'dom_int_mv_ratio', 'int_perc')",0.568600523
"('power_rating', 'gdp_usd', 'mv_usd', 'elo_rating', 'life_exp', 'num_play_dom', 'dom_int_mv_ratio', 'dom_perc', 'int_perc')",0.568600523
"('power_rating', 'gdp_usd', 'bmi', 'mv_play_int', 'num_play_int', 'dom_int_mv_ratio')",0.568598436
"('power_rating', 'gdp_usd', 'mv_usd', 'elo_rating', 'life_exp', 'dom_int_mv_ratio', 'int_perc')",0.568499138
"('power_rating', 'gdp_usd', 'mv_usd', 'elo_rating', 'life_exp', 'dom_int_mv_ratio', 'dom_perc', 'int_perc')",0.568499138
"('power_rating', 'gdp_usd', 'mv_usd', 'elo_rating', 'life_exp', 'dom_int_mv_ratio', 'dom_perc')",0.568499138
"('power_rating', 'gdp_usd', 'qol', 'num_play_dom', 'num_play_int', 'dom_int_mv_ratio', 'dom_perc')",0.568416984
"('power_rating', 'gdp_usd', 'qol', 'num_play_dom', 'num_play_int', 'dom_int_mv_ratio', 'int_perc')",0.568416984
"('power_rating', 'gdp_usd', 'qol', 'num_play_dom', 'num_play_int', 'dom_int_mv_ratio', 'dom_perc', 'int_perc')",0.568416984
"('power_rating', 'mv_usd', 'elo_rating', 'life_exp', 'mv_play_int')",0.568366236
"('power_rating', 'qol', 'num_play_dom', 'num_play_int', 'dom_int_mv_ratio', 'dom_perc')",0.568198162
"('power_rating', 'qol', 'num_play_dom', 'num_play_int', 'dom_int_mv_ratio', 'int_perc')",0.568198162
"('power_rating', 'qol', 'num_play_dom', 'num_play_int', 'dom_int_mv_ratio', 'dom_perc', 'int_perc')",0.568198162
"('power_rating', 'gdp_usd', 'elo_rating', 'life_exp', 'qol', 'num_play_int', 'dom_perc')",0.568047964
"('power_rating', 'gdp_usd', 'elo_rating', 'life_exp', 'qol', 'num_play_int', 'int_perc')",0.568047964
"('power_rating', 'gdp_usd', 'elo_rating', 'life_exp', 'qol', 'num_play_int', 'dom_perc', 'int_perc')",0.568047964
"('power_rating', 'gdp_usd', 'mv_usd', 'elo_rating', 'mv_play_dom', 'num_play_dom', 'mv_play_int', 'dom_int_mv_ratio', 'dom_perc')",0.568005894
"('power_rating', 'gdp_usd', 'mv_usd', 'elo_rating', 'mv_play_dom', 'num_play_dom', 'mv_play_int', 'dom_int_mv_ratio', 'int_perc')",0.568005894
"('power_rating', 'gdp_usd', 'mv_usd', 'elo_rating', 'mv_play_dom', 'num_play_dom', 'mv_play_int', 'dom_int_mv_ratio', 'dom_perc', 'int_perc')",0.568005894
"('power_rating', 'bmi', 'life_exp', 'mv_play_dom', 'num_play_dom', 'mv_play_int')",0.567958488
"('power_rating', 'mv_usd', 'elo_rating', 'bmi', 'mv_play_int', 'num_play_int')",0.567954607
"('power_rating', 'gdp_usd', 'elo_rating', 'bmi', 'life_exp', 'num_play_dom', 'dom_int_mv_ratio', 'dom_perc')",0.567912413
"('power_rating', 'gdp_usd', 'elo_rating', 'bmi', 'life_exp', 'num_play_dom', 'dom_int_mv_ratio', 'int_perc')",0.567912413
"('power_rating', 'gdp_usd', 'elo_rating', 'bmi', 'life_exp', 'num_play_dom', 'dom_int_mv_ratio', 'dom_perc', 'int_perc')",0.567912413
"('power_rating', 'gdp_usd', 'mv_usd', 'elo_rating', 'mv_play_dom', 'num_play_dom', 'mv_play_int', 'dom_int_mv_ratio')",0.567838846
"('power_rating', 'mv_usd', 'elo_rating', 'bmi', 'mv_play_dom', 'mv_play_int', 'dom_perc')",0.567765401
"('power_rating', 'mv_usd', 'elo_rating', 'bmi', 'mv_play_dom', 'mv_play_int', 'int_perc')",0.567765401
"('power_rating', 'mv_usd', 'elo_rating', 'bmi', 'mv_play_dom', 'mv_play_int', 'dom_perc', 'int_perc')",0.567765401
"('power_rating', 'elo_rating', 'bmi', 'life_exp', 'num_play_dom', 'dom_int_mv_ratio', 'dom_perc')",0.567762158
"('power_rating', 'elo_rating', 'bmi', 'life_exp', 'num_play_dom', 'dom_int_mv_ratio', 'int_perc')",0.567762158
"('power_rating', 'elo_rating', 'bmi', 'life_exp', 'num_play_dom', 'dom_int_mv_ratio', 'dom_perc', 'int_perc')",0.567762158
"('power_rating', 'gdp_usd', 'elo_rating', 'life_exp', 'mv_play_dom', 'num_play_int', 'dom_perc')",0.567749517
"('power_rating', 'gdp_usd', 'elo_rating', 'life_exp', 'mv_play_dom', 'num_play_int', 'int_perc')",0.567749517
"('power_rating', 'gdp_usd', 'elo_rating', 'life_exp', 'mv_play_dom', 'num_play_int', 'dom_perc', 'int_perc')",0.567749517
"('power_rating', 'gdp_usd', 'elo_rating', 'bmi', 'mv_play_int', 'num_play_int')",0.567749141
"('power_rating', 'mv_usd', 'elo_rating', 'mv_play_dom', 'num_play_dom', 'mv_play_int', 'dom_int_mv_ratio', 'dom_perc')",0.567736577
"('power_rating', 'mv_usd', 'elo_rating', 'mv_play_dom', 'num_play_dom', 'mv_play_int', 'dom_int_mv_ratio', 'int_perc')",0.567736577
"('power_rating', 'mv_usd', 'elo_rating', 'mv_play_dom', 'num_play_dom', 'mv_play_int', 'dom_int_mv_ratio', 'dom_perc', 'int_perc')",0.567736577
"('power_rating', 'mv_usd', 'elo_rating', 'mv_play_dom', 'num_play_dom', 'mv_play_int', 'dom_int_mv_ratio')",0.56766598
"('power_rating', 'mv_usd', 'elo_rating', 'qol', 'mv_play_dom', 'dom_perc')",0.567662108
"('power_rating', 'mv_usd', 'elo_rating', 'qol', 'mv_play_dom', 'int_perc')",0.567662108
"('power_rating', 'mv_usd', 'elo_rating', 'qol', 'mv_play_dom', 'dom_perc', 'int_perc')",0.567662108
"('power_rating', 'gdp_usd', 'mv_play_int', 'num_play_int', 'dom_perc')",0.567661394
"('power_rating', 'gdp_usd', 'mv_play_int', 'num_play_int', 'int_perc')",0.567661394
"('power_rating', 'gdp_usd', 'mv_play_int', 'num_play_int', 'dom_perc', 'int_perc')",0.567661394
"('power_rating', 'gdp_usd', 'elo_rating', 'bmi', 'life_exp', 'dom_int_mv_ratio', 'dom_perc')",0.567658129
"('power_rating', 'gdp_usd', 'elo_rating', 'bmi', 'life_exp', 'dom_int_mv_ratio', 'int_perc')",0.567658129
"('power_rating', 'gdp_usd', 'elo_rating', 'bmi', 'life_exp', 'dom_int_mv_ratio', 'dom_perc', 'int_perc')",0.567658129
"('power_rating', 'mv_usd', 'bmi', 'life_exp', 'num_play_dom', 'mv_play_int')",0.567643343
"('power_rating', 'gdp_usd', 'mv_usd', 'elo_rating', 'num_play_dom', 'mv_play_int', 'num_play_int')",0.567640023
"('power_rating', 'elo_rating', 'bmi', 'life_exp', 'dom_int_mv_ratio', 'dom_perc')",0.567635661
"('power_rating', 'elo_rating', 'bmi', 'life_exp', 'dom_int_mv_ratio', 'int_perc')",0.567635661
"('power_rating', 'elo_rating', 'bmi', 'life_exp', 'dom_int_mv_ratio', 'dom_perc', 'int_perc')",0.567635661
"('gdp_usd', 'mv_usd', 'elo_rating', 'bmi', 'life_exp', 'qol', 'mv_play_dom', 'num_play_int', 'dom_perc')",0.567629377
"('gdp_usd', 'mv_usd', 'elo_rating', 'bmi', 'life_exp', 'qol', 'mv_play_dom', 'num_play_int', 'int_perc')",0.567629377
"('gdp_usd', 'mv_usd', 'elo_rating', 'bmi', 'life_exp', 'qol', 'mv_play_dom', 'num_play_int', 'dom_perc', 'int_perc')",0.567629377
"('gdp_usd', 'mv_usd', 'bmi', 'life_exp', 'qol', 'mv_play_dom', 'num_play_dom', 'mv_play_int', 'dom_perc')",0.567585831
"('gdp_usd', 'mv_usd', 'bmi', 'life_exp', 'qol', 'mv_play_dom', 'num_play_dom', 'mv_play_int', 'int_perc')",0.567585831
"('gdp_usd', 'mv_usd', 'bmi', 'life_exp', 'qol', 'mv_play_dom', 'num_play_dom', 'mv_play_int', 'dom_perc', 'int_perc')",0.567585831
"('power_rating', 'mv_usd', 'elo_rating', 'life_exp', 'num_play_dom', 'dom_int_mv_ratio', 'dom_perc')",0.567532185
"('power_rating', 'mv_usd', 'elo_rating', 'life_exp', 'num_play_dom', 'dom_int_mv_ratio', 'int_perc')",0.567532185
"('power_rating', 'mv_usd', 'elo_rating', 'life_exp', 'num_play_dom', 'dom_int_mv_ratio', 'dom_perc', 'int_perc')",0.567532185
"('power_rating', 'gdp_usd', 'mv_usd', 'bmi', 'mv_play_int', 'num_play_int')",0.567525389
"('power_rating', 'mv_usd', 'elo_rating', 'life_exp', 'dom_int_mv_ratio', 'dom_perc')",0.567440544
"('power_rating', 'mv_usd', 'elo_rating', 'life_exp', 'dom_int_mv_ratio', 'int_perc')",0.567440544
"('power_rating', 'mv_usd', 'elo_rating', 'life_exp', 'dom_int_mv_ratio', 'dom_perc', 'int_perc')",0.567440544
"('power_rating', 'gdp_usd', 'mv_usd', 'life_exp', 'mv_play_dom', 'num_play_dom', 'mv_play_int', 'dom_int_mv_ratio')",0.56739721
"('power_rating', 'gdp_usd', 'life_exp', 'mv_play_dom', 'num_play_dom', 'mv_play_int', 'dom_int_mv_ratio')",0.567397127
"('power_rating', 'gdp_usd', 'bmi', 'life_exp', 'qol', 'num_play_dom', 'mv_play_int')",0.567378932
"('power_rating', 'gdp_usd', 'bmi', 'mv_play_int', 'num_play_int')",0.567277315
"('power_rating', 'gdp_usd', 'elo_rating', 'mv_play_dom', 'num_play_dom', 'mv_play_int', 'dom_int_mv_ratio', 'dom_perc')",0.567260496
"('power_rating', 'gdp_usd', 'elo_rating', 'mv_play_dom', 'num_play_dom', 'mv_play_int', 'dom_int_mv_ratio', 'int_perc')",0.567260496
"('power_rating', 'gdp_usd', 'elo_rating', 'mv_play_dom', 'num_play_dom', 'mv_play_int', 'dom_int_mv_ratio', 'dom_perc', 'int_perc')",0.567260496
"('power_rating', 'gdp_usd', 'mv_usd', 'bmi', 'mv_play_dom', 'num_play_dom', 'mv_play_int', 'dom_int_mv_ratio', 'dom_perc')",0.567217623
"('power_rating', 'gdp_usd', 'mv_usd', 'bmi', 'mv_play_dom', 'num_play_dom', 'mv_play_int', 'dom_int_mv_ratio', 'int_perc')",0.567217623
"('power_rating', 'gdp_usd', 'mv_usd', 'bmi', 'mv_play_dom', 'num_play_dom', 'mv_play_int', 'dom_int_mv_ratio', 'dom_perc', 'int_perc')",0.567217623
"('mv_usd', 'bmi', 'life_exp', 'qol', 'num_play_dom', 'mv_play_int', 'num_play_int')",0.567194555
"('power_rating', 'mv_usd', 'bmi', 'mv_play_dom', 'num_play_dom', 'mv_play_int', 'dom_int_mv_ratio', 'dom_perc')",0.567190563
"('power_rating', 'mv_usd', 'bmi', 'mv_play_dom', 'num_play_dom', 'mv_play_int', 'dom_int_mv_ratio', 'int_perc')",0.567190563
"('power_rating', 'mv_usd', 'bmi', 'mv_play_dom', 'num_play_dom', 'mv_play_int', 'dom_int_mv_ratio', 'dom_perc', 'int_perc')",0.567190563
"('power_rating', 'elo_rating', 'bmi', 'mv_play_int', 'num_play_int', 'dom_int_mv_ratio')",0.567173579
"('power_rating', 'gdp_usd', 'mv_usd', 'bmi', 'num_play_dom', 'mv_play_int', 'dom_int_mv_ratio', 'dom_perc')",0.567168466
"('power_rating', 'gdp_usd', 'mv_usd', 'bmi', 'num_play_dom', 'mv_play_int', 'dom_int_mv_ratio', 'int_perc')",0.567168466
"('power_rating', 'gdp_usd', 'mv_usd', 'bmi', 'num_play_dom', 'mv_play_int', 'dom_int_mv_ratio', 'dom_perc', 'int_perc')",0.567168466
"('power_rating', 'mv_usd', 'bmi', 'num_play_dom', 'mv_play_int', 'dom_int_mv_ratio', 'dom_perc')",0.567157476
"('power_rating', 'mv_usd', 'bmi', 'num_play_dom', 'mv_play_int', 'dom_int_mv_ratio', 'int_perc')",0.567157476
"('power_rating', 'mv_usd', 'bmi', 'num_play_dom', 'mv_play_int', 'dom_int_mv_ratio', 'dom_perc', 'int_perc')",0.567157476
"('power_rating', 'bmi', 'mv_play_int', 'num_play_int', 'dom_int_mv_ratio')",0.567034489
"('bmi', 'life_exp', 'qol', 'mv_play_dom', 'num_play_dom', 'mv_play_int', 'num_play_int', 'dom_int_mv_ratio', 'dom_perc')",0.567028548
"('bmi', 'life_exp', 'qol', 'mv_play_dom', 'num_play_dom', 'mv_play_int', 'num_play_int', 'dom_int_mv_ratio', 'int_perc')",0.567028548
"('bmi', 'life_exp', 'qol', 'mv_play_dom', 'num_play_dom', 'mv_play_int', 'num_play_int', 'dom_int_mv_ratio', 'dom_perc', 'int_perc')",0.567028548
"('power_rating', 'gdp_usd', 'life_exp', 'qol', 'num_play_dom', 'mv_play_int')",0.567027924
"('power_rating', 'gdp_usd', 'mv_usd', 'elo_rating', 'bmi', 'life_exp', 'qol', 'mv_play_dom', 'num_play_dom', 'num_play_int', 'dom_int_mv_ratio')",0.567024541
"('power_rating', 'gdp_usd', 'mv_usd', 'elo_rating', 'life_exp', 'qol', 'mv_play_dom', 'num_play_dom', 'num_play_int', 'dom_int_mv_ratio')",0.567024324
"('power_rating', 'mv_usd', 'elo_rating', 'bmi', 'life_exp', 'qol', 'mv_play_dom', 'num_play_dom', 'num_play_int', 'dom_int_mv_ratio')",0.567024035
"('power_rating', 'mv_usd', 'elo_rating', 'life_exp', 'qol', 'mv_play_dom', 'num_play_dom', 'num_play_int', 'dom_int_mv_ratio')",0.567023782
"('power_rating', 'gdp_usd', 'elo_rating', 'mv_play_dom', 'num_play_dom', 'mv_play_int', 'dom_int_mv_ratio')",0.567018632
"('power_rating', 'gdp_usd', 'elo_rating', 'bmi', 'num_play_dom', 'num_play_int', 'dom_perc')",0.566995833
"('power_rating', 'gdp_usd', 'elo_rating', 'bmi', 'num_play_dom', 'num_play_int', 'int_perc')",0.566995833
"('power_rating', 'gdp_usd', 'elo_rating', 'bmi', 'num_play_dom', 'num_play_int', 'dom_perc', 'int_perc')",0.566995833
"('bmi', 'life_exp', 'qol', 'mv_play_dom', 'num_play_dom', 'num_play_int', 'dom_int_mv_ratio', 'dom_perc')",0.56695415
"('bmi', 'life_exp', 'qol', 'mv_play_dom', 'num_play_dom', 'num_play_int', 'dom_int_mv_ratio', 'int_perc')",0.56695415
"('bmi', 'life_exp', 'qol', 'mv_play_dom', 'num_play_dom', 'num_play_int', 'dom_int_mv_ratio', 'dom_perc', 'int_perc')",0.56695415
"('gdp_usd', 'mv_usd', 'life_exp', 'qol', 'mv_play_dom', 'num_play_dom', 'mv_play_int', 'dom_perc')",0.566947254
"('gdp_usd', 'mv_usd', 'life_exp', 'qol', 'mv_play_dom', 'num_play_dom', 'mv_play_int', 'int_perc')",0.566947254
"('gdp_usd', 'mv_usd', 'life_exp', 'qol', 'mv_play_dom', 'num_play_dom', 'mv_play_int', 'dom_perc', 'int_perc')",0.566947254
"('power_rating', 'mv_usd', 'life_exp', 'mv_play_dom', 'num_play_dom', 'mv_play_int', 'dom_int_mv_ratio')",0.566900835
"('power_rating', 'gdp_usd', 'elo_rating', 'mv_play_dom', 'num_play_dom', 'mv_play_int', 'num_play_int')",0.566882259
"('power_rating', 'gdp_usd', 'elo_rating', 'num_play_dom', 'mv_play_int', 'num_play_int')",0.566875756
"('power_rating', 'life_exp', 'mv_play_dom', 'num_play_dom', 'mv_play_int', 'dom_int_mv_ratio')",0.56682678
"('elo_rating', 'qol', 'mv_play_int', 'dom_int_mv_ratio', 'dom_perc')",0.56668491
"('elo_rating', 'qol', 'mv_play_int', 'dom_int_mv_ratio', 'int_perc')",0.56668491
"('elo_rating', 'qol', 'mv_play_int', 'dom_int_mv_ratio', 'dom_perc', 'int_perc')",0.56668491
"('power_rating', 'mv_usd', 'bmi', 'mv_play_int', 'num_play_int')",0.566674218
"('power_rating', 'gdp_usd', 'bmi', 'mv_play_dom', 'num_play_dom', 'mv_play_int', 'dom_int_mv_ratio', 'dom_perc')",0.566655652
"('power_rating', 'gdp_usd', 'bmi', 'mv_play_dom', 'num_play_dom', 'mv_play_int', 'dom_int_mv_ratio', 'int_perc')",0.566655652
"('power_rating', 'gdp_usd', 'bmi', 'mv_play_dom', 'num_play_dom', 'mv_play_int', 'dom_int_mv_ratio', 'dom_perc', 'int_perc')",0.566655652
"('power_rating', 'num_play_dom', 'mv_play_int', 'num_play_int', 'dom_perc')",0.56665374
"('power_rating', 'num_play_dom', 'mv_play_int', 'num_play_int', 'int_perc')",0.56665374
"('power_rating', 'num_play_dom', 'mv_play_int', 'num_play_int', 'dom_perc', 'int_perc')",0.56665374
"('power_rating', 'bmi', 'mv_play_dom', 'num_play_dom', 'mv_play_int', 'dom_int_mv_ratio', 'dom_perc')",0.566639164
"('power_rating', 'bmi', 'mv_play_dom', 'num_play_dom', 'mv_play_int', 'dom_int_mv_ratio', 'int_perc')",0.566639164
"('power_rating', 'bmi', 'mv_play_dom', 'num_play_dom', 'mv_play_int', 'dom_int_mv_ratio', 'dom_perc', 'int_perc')",0.566639164
"('power_rating', 'elo_rating', 'mv_play_dom', 'num_play_dom', 'mv_play_int', 'dom_int_mv_ratio', 'dom_perc')",0.566436279
"('power_rating', 'elo_rating', 'mv_play_dom', 'num_play_dom', 'mv_play_int', 'dom_int_mv_ratio', 'int_perc')",0.566436279
"('power_rating', 'elo_rating', 'mv_play_dom', 'num_play_dom', 'mv_play_int', 'dom_int_mv_ratio', 'dom_perc', 'int_perc')",0.566436279
"('gdp_usd', 'mv_usd', 'elo_rating', 'life_exp', 'qol', 'mv_play_dom', 'num_play_int', 'dom_perc')",0.566417245
"('gdp_usd', 'mv_usd', 'elo_rating', 'life_exp', 'qol', 'mv_play_dom', 'num_play_int', 'int_perc')",0.566417245
"('gdp_usd', 'mv_usd', 'elo_rating', 'life_exp', 'qol', 'mv_play_dom', 'num_play_int', 'dom_perc', 'int_perc')",0.566417245
"('power_rating', 'elo_rating', 'mv_play_dom', 'num_play_dom', 'mv_play_int', 'dom_int_mv_ratio')",0.566377529
"('elo_rating', 'life_exp', 'qol', 'mv_play_int', 'dom_perc')",0.566354437
"('elo_rating', 'life_exp', 'qol', 'mv_play_int', 'int_perc')",0.566354437
"('elo_rating', 'life_exp', 'qol', 'mv_play_int', 'dom_perc', 'int_perc')",0.566354437
"('power_rating', 'gdp_usd', 'mv_usd', 'mv_play_dom', 'num_play_dom', 'mv_play_int', 'num_play_int')",0.56625546
"('power_rating', 'elo_rating', 'bmi', 'mv_play_int', 'num_play_int')",0.566238462
"('power_rating', 'gdp_usd', 'mv_usd', 'life_exp', 'num_play_dom', 'mv_play_int', 'dom_int_mv_ratio')",0.566166044
"('power_rating', 'gdp_usd', 'mv_usd', 'elo_rating', 'bmi', 'life_exp', 'qol', 'mv_play_dom', 'num_play_dom', 'dom_int_mv_ratio')",0.56616513
"('power_rating', 'gdp_usd', 'mv_usd', 'elo_rating', 'life_exp', 'qol', 'mv_play_dom', 'num_play_dom', 'dom_int_mv_ratio')",0.566150764
"('power_rating', 'elo_rating', 'bmi', 'life_exp', 'mv_play_dom', 'num_play_int', 'dom_perc')",0.565997443
"('power_rating', 'elo_rating', 'bmi', 'life_exp', 'mv_play_dom', 'num_play_int', 'int_perc')",0.565997443
"('power_rating', 'elo_rating', 'bmi', 'life_exp', 'mv_play_dom', 'num_play_int', 'dom_perc', 'int_perc')",0.565997443
"('power_rating', 'bmi', 'mv_play_int', 'num_play_int')",0.565963276
"('power_rating', 'gdp_usd', 'mv_usd', 'elo_rating', 'mv_play_dom', 'mv_play_int', 'num_play_int')",0.565861374
"('power_rating', 'mv_usd', 'elo_rating', 'mv_play_dom', 'mv_play_int', 'num_play_int')",0.565853055
"('power_rating', 'gdp_usd', 'elo_rating', 'life_exp', 'num_play_int', 'dom_perc')",0.565765243
"('power_rating', 'gdp_usd', 'elo_rating', 'life_exp', 'num_play_int', 'int_perc')",0.565765243
"('power_rating', 'gdp_usd', 'elo_rating', 'life_exp', 'num_play_int', 'dom_perc', 'int_perc')",0.565765243
"('power_rating', 'mv_usd', 'elo_rating', 'bmi', 'life_exp', 'qol', 'mv_play_dom', 'num_play_dom', 'dom_int_mv_ratio')",0.565760554
"('power_rating', 'mv_usd', 'elo_rating', 'life_exp', 'qol', 'mv_play_dom', 'num_play_dom', 'dom_int_mv_ratio')",0.565740896
"('power_rating', 'elo_rating', 'bmi', 'life_exp', 'qol', 'num_play_int', 'dom_perc')",0.56566394
"('power_rating', 'elo_rating', 'bmi', 'life_exp', 'qol', 'num_play_int', 'int_perc')",0.56566394
"('power_rating', 'elo_rating', 'bmi', 'life_exp', 'qol', 'num_play_int', 'dom_perc', 'int_perc')",0.56566394
"('power_rating', 'gdp_usd', 'mv_usd', 'bmi', 'life_exp', 'qol', 'mv_play_dom', 'num_play_int', 'dom_int_mv_ratio', 'dom_perc')",0.565570896
"('power_rating', 'gdp_usd', 'mv_usd', 'bmi', 'life_exp', 'qol', 'mv_play_dom', 'num_play_int', 'dom_int_mv_ratio', 'int_perc')",0.565570896
"('power_rating', 'gdp_usd', 'mv_usd', 'bmi', 'life_exp', 'qol', 'mv_play_dom', 'num_play_int', 'dom_int_mv_ratio', 'dom_perc', 'int_perc')",0.565570896
"('power_rating', 'gdp_usd', 'qol', 'mv_play_dom', 'num_play_dom', 'num_play_int', 'dom_perc')",0.565568693
"('power_rating', 'gdp_usd', 'qol', 'mv_play_dom', 'num_play_dom', 'num_play_int', 'int_perc')",0.565568693
"('power_rating', 'gdp_usd', 'qol', 'mv_play_dom', 'num_play_dom', 'num_play_int', 'dom_perc', 'int_perc')",0.565568693
"('power_rating', 'gdp_usd', 'bmi', 'num_play_dom', 'mv_play_int', 'dom_int_mv_ratio', 'dom_perc')",0.5655588
"('power_rating', 'gdp_usd', 'bmi', 'num_play_dom', 'mv_play_int', 'dom_int_mv_ratio', 'int_perc')",0.5655588
"('power_rating', 'gdp_usd', 'bmi', 'num_play_dom', 'mv_play_int', 'dom_int_mv_ratio', 'dom_perc', 'int_perc')",0.5655588
"('power_rating', 'bmi', 'num_play_dom', 'mv_play_int', 'dom_int_mv_ratio', 'dom_perc')",0.565488785
"('power_rating', 'bmi', 'num_play_dom', 'mv_play_int', 'dom_int_mv_ratio', 'int_perc')",0.565488785
"('power_rating', 'bmi', 'num_play_dom', 'mv_play_int', 'dom_int_mv_ratio', 'dom_perc', 'int_perc')",0.565488785
"('power_rating', 'gdp_usd', 'mv_usd', 'elo_rating', 'bmi', 'qol', 'mv_play_dom', 'num_play_dom', 'num_play_int', 'dom_int_mv_ratio')",0.565480628
"('power_rating', 'gdp_usd', 'bmi', 'life_exp', 'qol', 'mv_play_dom', 'num_play_int', 'dom_int_mv_ratio', 'dom_perc')",0.565476495
"('power_rating', 'gdp_usd', 'bmi', 'life_exp', 'qol', 'mv_play_dom', 'num_play_int', 'dom_int_mv_ratio', 'int_perc')",0.565476495
"('power_rating', 'gdp_usd', 'bmi', 'life_exp', 'qol', 'mv_play_dom', 'num_play_int', 'dom_int_mv_ratio', 'dom_perc', 'int_perc')",0.565476495
"('mv_usd', 'life_exp', 'qol', 'num_play_dom', 'mv_play_int', 'num_play_int')",0.565436191
"('power_rating', 'gdp_usd', 'mv_usd', 'elo_rating', 'qol', 'mv_play_dom', 'num_play_dom', 'num_play_int', 'dom_int_mv_ratio')",0.565432554
"('power_rating', 'gdp_usd', 'bmi', 'life_exp', 'qol', 'mv_play_int', 'dom_perc')",0.565264355
"('power_rating', 'gdp_usd', 'bmi', 'life_exp', 'qol', 'mv_play_int', 'int_perc')",0.565264355
"('power_rating', 'gdp_usd', 'bmi', 'life_exp', 'qol', 'mv_play_int', 'dom_perc', 'int_perc')",0.565264355
"('power_rating', 'mv_usd', 'elo_rating', 'bmi', 'qol', 'mv_play_dom', 'num_play_dom', 'num_play_int', 'dom_int_mv_ratio')",0.565199152
"('bmi', 'life_exp', 'qol', 'mv_play_dom', 'num_play_dom', 'mv_play_int', 'num_play_int', 'dom_int_mv_ratio')",0.565177431
"('power_rating', 'gdp_usd', 'elo_rating', 'life_exp', 'num_play_dom', 'dom_int_mv_ratio', 'dom_perc')",0.5651483
"('power_rating', 'gdp_usd', 'elo_rating', 'life_exp', 'num_play_dom', 'dom_int_mv_ratio', 'int_perc')",0.5651483
"('power_rating', 'gdp_usd', 'elo_rating', 'life_exp', 'num_play_dom', 'dom_int_mv_ratio', 'dom_perc', 'int_perc')",0.5651483
"('power_rating', 'gdp_usd', 'elo_rating', 'life_exp', 'dom_int_mv_ratio', 'dom_perc')",0.565118081
"('power_rating', 'gdp_usd', 'elo_rating', 'life_exp', 'dom_int_mv_ratio', 'int_perc')",0.565118081
"('power_rating', 'gdp_usd', 'elo_rating', 'life_exp', 'dom_int_mv_ratio', 'dom_perc', 'int_perc')",0.565118081
"('power_rating', 'mv_usd', 'elo_rating', 'qol', 'mv_play_dom', 'num_play_dom', 'num_play_int', 'dom_int_mv_ratio')",0.565110282
"('power_rating', 'qol', 'mv_play_dom', 'num_play_dom', 'num_play_int', 'dom_perc')",0.56507466
"('power_rating', 'qol', 'mv_play_dom', 'num_play_dom', 'num_play_int', 'int_perc')",0.56507466
"('power_rating', 'qol', 'mv_play_dom', 'num_play_dom', 'num_play_int', 'dom_perc', 'int_perc')",0.56507466
"('power_rating', 'gdp_usd', 'life_exp', 'qol', 'mv_play_int', 'dom_perc')",0.565068796
"('power_rating', 'gdp_usd', 'life_exp', 'qol', 'mv_play_int', 'int_perc')",0.565068796
"('power_rating', 'gdp_usd', 'life_exp', 'qol', 'mv_play_int', 'dom_perc', 'int_perc')",0.565068796
"('bmi', 'life_exp', 'qol', 'mv_play_dom', 'num_play_dom', 'num_play_int', 'dom_int_mv_ratio')",0.565059254
"('power_rating', 'gdp_usd', 'mv_usd', 'elo_rating', 'bmi', 'mv_play_dom', 'mv_play_int')",0.564977641
"('power_rating', 'gdp_usd', 'mv_usd', 'bmi', 'life_exp', 'mv_play_dom', 'num_play_int', 'dom_int_mv_ratio', 'dom_perc')",0.564957382
"('power_rating', 'gdp_usd', 'mv_usd', 'bmi', 'life_exp', 'mv_play_dom', 'num_play_int', 'dom_int_mv_ratio', 'int_perc')",0.564957382
"('power_rating', 'gdp_usd', 'mv_usd', 'bmi', 'life_exp', 'mv_play_dom', 'num_play_int', 'dom_int_mv_ratio', 'dom_perc', 'int_perc')",0.564957382
"('power_rating', 'gdp_usd', 'bmi', 'life_exp', 'mv_play_dom', 'num_play_int', 'dom_int_mv_ratio', 'dom_perc')",0.564952553
"('power_rating', 'gdp_usd', 'bmi', 'life_exp', 'mv_play_dom', 'num_play_int', 'dom_int_mv_ratio', 'int_perc')",0.564952553
"('power_rating', 'gdp_usd', 'bmi', 'life_exp', 'mv_play_dom', 'num_play_int', 'dom_int_mv_ratio', 'dom_perc', 'int_perc')",0.564952553
"('power_rating', 'elo_rating', 'life_exp', 'num_play_dom', 'dom_int_mv_ratio', 'dom_perc')",0.564805922
"('power_rating', 'elo_rating', 'life_exp', 'num_play_dom', 'dom_int_mv_ratio', 'int_perc')",0.564805922
"('power_rating', 'elo_rating', 'life_exp', 'num_play_dom', 'dom_int_mv_ratio', 'dom_perc', 'int_perc')",0.564805922
"('power_rating', 'elo_rating', 'life_exp', 'dom_int_mv_ratio', 'dom_perc')",0.564773936
"('power_rating', 'elo_rating', 'life_exp', 'dom_int_mv_ratio', 'int_perc')",0.564773936
"('power_rating', 'elo_rating', 'life_exp', 'dom_int_mv_ratio', 'dom_perc', 'int_perc')",0.564773936
"('mv_usd', 'bmi', 'life_exp', 'num_play_dom', 'mv_play_int', 'num_play_int')",0.564758832
"('power_rating', 'gdp_usd', 'mv_usd', 'num_play_dom', 'mv_play_int', 'num_play_int')",0.564732772
"('power_rating', 'mv_usd', 'bmi', 'life_exp', 'qol', 'mv_play_dom', 'mv_play_int', 'dom_int_mv_ratio', 'dom_perc')",0.564672702
"('power_rating', 'mv_usd', 'bmi', 'life_exp', 'qol', 'mv_play_dom', 'mv_play_int', 'dom_int_mv_ratio', 'int_perc')",0.564672702
"('power_rating', 'mv_usd', 'bmi', 'life_exp', 'qol', 'mv_play_dom', 'mv_play_int', 'dom_int_mv_ratio', 'dom_perc', 'int_perc')",0.564672702
"('power_rating', 'mv_usd', 'life_exp', 'num_play_dom', 'mv_play_int', 'dom_int_mv_ratio')",0.564649376
"('power_rating', 'gdp_usd', 'bmi', 'life_exp', 'qol', 'mv_play_int')",0.564647947
"('power_rating', 'mv_usd', 'bmi', 'life_exp', 'qol', 'mv_play_int', 'dom_int_mv_ratio', 'dom_perc')",0.564627054
"('power_rating', 'mv_usd', 'bmi', 'life_exp', 'qol', 'mv_play_int', 'dom_int_mv_ratio', 'int_perc')",0.564627054
"('power_rating', 'mv_usd', 'bmi', 'life_exp', 'qol', 'mv_play_int', 'dom_int_mv_ratio', 'dom_perc', 'int_perc')",0.564627054
"('power_rating', 'gdp_usd', 'life_exp', 'qol', 'mv_play_int')",0.56461291
"('power_rating', 'elo_rating', 'bmi', 'life_exp', 'mv_play_int', 'dom_int_mv_ratio')",0.564382811
"('power_rating', 'gdp_usd', 'mv_usd', 'elo_rating', 'num_play_dom', 'mv_play_int', 'dom_int_mv_ratio', 'dom_perc')",0.56431295
"('power_rating', 'gdp_usd', 'mv_usd', 'elo_rating', 'num_play_dom', 'mv_play_int', 'dom_int_mv_ratio', 'int_perc')",0.56431295
"('power_rating', 'gdp_usd', 'mv_usd', 'elo_rating', 'num_play_dom', 'mv_play_int', 'dom_int_mv_ratio', 'dom_perc', 'int_perc')",0.56431295
"('power_rating', 'gdp_usd', 'mv_usd', 'bmi', 'mv_play_dom', 'num_play_dom', 'num_play_int', 'dom_perc')",0.564290962
"('power_rating', 'gdp_usd', 'mv_usd', 'bmi', 'mv_play_dom', 'num_play_dom', 'num_play_int', 'int_perc')",0.564290962
"('power_rating', 'gdp_usd', 'mv_usd', 'bmi', 'mv_play_dom', 'num_play_dom', 'num_play_int', 'dom_perc', 'int_perc')",0.564290962
"('power_rating', 'gdp_usd', 'mv_usd', 'bmi', 'num_play_dom', 'num_play_int', 'dom_perc')",0.564286771
"('power_rating', 'gdp_usd', 'mv_usd', 'bmi', 'num_play_dom', 'num_play_int', 'int_perc')",0.564286771
"('power_rating', 'gdp_usd', 'mv_usd', 'bmi', 'num_play_dom', 'num_play_int', 'dom_perc', 'int_perc')",0.564286771
"('power_rating', 'elo_rating', 'bmi', 'num_play_dom', 'num_play_int', 'dom_perc')",0.564189539
"('power_rating', 'elo_rating', 'bmi', 'num_play_dom', 'num_play_int', 'int_perc')",0.564189539
"('power_rating', 'elo_rating', 'bmi', 'num_play_dom', 'num_play_int', 'dom_perc', 'int_perc')",0.564189539
"('mv_usd', 'elo_rating', 'qol', 'mv_play_int', 'num_play_int')",0.564176847
"('power_rating', 'mv_usd', 'elo_rating', 'num_play_dom', 'mv_play_int', 'num_play_int')",0.56414799
"('power_rating', 'mv_usd', 'mv_play_dom', 'num_play_dom', 'mv_play_int', 'num_play_int')",0.564145302
"('power_rating', 'gdp_usd', 'mv_usd', 'elo_rating', 'num_play_dom', 'mv_play_int', 'dom_int_mv_ratio')",0.564139475
"('power_rating', 'mv_usd', 'bmi', 'mv_play_dom', 'num_play_dom', 'num_play_int', 'dom_perc')",0.56406035
"('power_rating', 'mv_usd', 'bmi', 'mv_play_dom', 'num_play_dom', 'num_play_int', 'int_perc')",0.56406035
"('power_rating', 'mv_usd', 'bmi', 'mv_play_dom', 'num_play_dom', 'num_play_int', 'dom_perc', 'int_perc')",0.56406035
"('power_rating', 'mv_usd', 'bmi', 'num_play_dom', 'num_play_int', 'dom_perc')",0.564056961
"('power_rating', 'mv_usd', 'bmi', 'num_play_dom', 'num_play_int', 'int_perc')",0.564056961
"('power_rating', 'mv_usd', 'bmi', 'num_play_dom', 'num_play_int', 'dom_perc', 'int_perc')",0.564056961
"('power_rating', 'gdp_usd', 'bmi', 'qol', 'num_play_dom', 'mv_play_int')",0.564030524
"('power_rating', 'gdp_usd', 'mv_usd', 'elo_rating', 'bmi', 'life_exp', 'qol', 'num_play_dom', 'dom_perc')",0.563805253
"('power_rating', 'gdp_usd', 'mv_usd', 'elo_rating', 'bmi', 'life_exp', 'qol', 'num_play_dom', 'int_perc')",0.563805253
"('power_rating', 'gdp_usd', 'mv_usd', 'elo_rating', 'bmi', 'life_exp', 'qol', 'num_play_dom', 'dom_perc', 'int_perc')",0.563805253
"('power_rating', 'gdp_usd', 'mv_usd', 'elo_rating', 'bmi', 'mv_play_int', 'dom_perc')",0.563796934
"('power_rating', 'gdp_usd', 'mv_usd', 'elo_rating', 'bmi', 'mv_play_int', 'int_perc')",0.563796934
"('power_rating', 'gdp_usd', 'mv_usd', 'elo_rating', 'bmi', 'mv_play_int', 'dom_perc', 'int_perc')",0.563796934
"('elo_rating', 'bmi', 'life_exp', 'mv_play_dom', 'dom_int_mv_ratio')",0.563791407
"('power_rating', 'gdp_usd', 'mv_usd', 'bmi', 'life_exp', 'qol', 'num_play_int', 'dom_int_mv_ratio', 'dom_perc')",0.563576286
"('power_rating', 'gdp_usd', 'mv_usd', 'bmi', 'life_exp', 'qol', 'num_play_int', 'dom_int_mv_ratio', 'int_perc')",0.563576286
"('power_rating', 'gdp_usd', 'mv_usd', 'bmi', 'life_exp', 'qol', 'num_play_int', 'dom_int_mv_ratio', 'dom_perc', 'int_perc')",0.563576286
"('power_rating', 'elo_rating', 'bmi', 'life_exp', 'mv_play_int')",0.563551289
"('power_rating', 'mv_usd', 'life_exp', 'qol', 'mv_play_dom', 'mv_play_int', 'dom_int_mv_ratio', 'dom_perc')",0.563511495
"('power_rating', 'mv_usd', 'life_exp', 'qol', 'mv_play_dom', 'mv_play_int', 'dom_int_mv_ratio', 'int_perc')",0.563511495
"('power_rating', 'mv_usd', 'life_exp', 'qol', 'mv_play_dom', 'mv_play_int', 'dom_int_mv_ratio', 'dom_perc', 'int_perc')",0.563511495
"('power_rating', 'gdp_usd', 'mv_usd', 'elo_rating', 'mv_play_dom', 'mv_play_int', 'dom_int_mv_ratio', 'dom_perc')",0.563491993
"('power_rating', 'gdp_usd', 'mv_usd', 'elo_rating', 'mv_play_dom', 'mv_play_int', 'dom_int_mv_ratio', 'int_perc')",0.563491993
"('power_rating', 'gdp_usd', 'mv_usd', 'elo_rating', 'mv_play_dom', 'mv_play_int', 'dom_int_mv_ratio', 'dom_perc', 'int_perc')",0.563491993
"('power_rating', 'mv_usd', 'life_exp', 'qol', 'mv_play_int', 'dom_int_mv_ratio', 'dom_perc')",0.563476238
"('power_rating', 'mv_usd', 'life_exp', 'qol', 'mv_play_int', 'dom_int_mv_ratio', 'int_perc')",0.563476238
"('power_rating', 'mv_usd', 'life_exp', 'qol', 'mv_play_int', 'dom_int_mv_ratio', 'dom_perc', 'int_perc')",0.563476238
"('power_rating', 'gdp_usd', 'mv_usd', 'elo_rating', 'life_exp', 'qol', 'num_play_dom', 'dom_perc', 'int_perc')",0.563445234
"('power_rating', 'gdp_usd', 'mv_usd', 'elo_rating', 'life_exp', 'qol', 'num_play_dom', 'dom_perc')",0.563445234
"('power_rating', 'gdp_usd', 'mv_usd', 'elo_rating', 'life_exp', 'qol', 'num_play_dom', 'int_perc')",0.563445234
"('power_rating', 'bmi', 'life_exp', 'qol', 'mv_play_dom', 'mv_play_int', 'dom_int_mv_ratio', 'dom_perc')",0.563386179
"('power_rating', 'bmi', 'life_exp', 'qol', 'mv_play_dom', 'mv_play_int', 'dom_int_mv_ratio', 'int_perc')",0.563386179
"('power_rating', 'bmi', 'life_exp', 'qol', 'mv_play_dom', 'mv_play_int', 'dom_int_mv_ratio', 'dom_perc', 'int_perc')",0.563386179
"('power_rating', 'gdp_usd', 'mv_usd', 'elo_rating', 'bmi', 'qol', 'mv_play_dom', 'num_play_dom', 'dom_int_mv_ratio')",0.563358237
"('power_rating', 'mv_usd', 'elo_rating', 'bmi', 'qol', 'mv_play_dom', 'num_play_dom', 'dom_int_mv_ratio')",0.563324764
"('life_exp', 'qol', 'mv_play_dom', 'mv_play_int', 'num_play_int', 'int_perc')",0.563306387
"('life_exp', 'qol', 'mv_play_dom', 'mv_play_int', 'num_play_int', 'dom_perc')",0.563306387
"('life_exp', 'qol', 'mv_play_dom', 'mv_play_int', 'num_play_int', 'dom_perc', 'int_perc')",0.563306387
"('power_rating', 'gdp_usd', 'mv_usd', 'bmi', 'mv_play_dom', 'num_play_dom', 'mv_play_int', 'int_perc')",0.56327539
"('power_rating', 'gdp_usd', 'mv_usd', 'bmi', 'mv_play_dom', 'num_play_dom', 'mv_play_int', 'dom_perc', 'int_perc')",0.56327539
"('power_rating', 'gdp_usd', 'mv_usd', 'bmi', 'mv_play_dom', 'num_play_dom', 'mv_play_int', 'dom_perc')",0.56327539
"('power_rating', 'elo_rating', 'life_exp', 'mv_play_int', 'dom_int_mv_ratio')",0.563190257
"('power_rating', 'mv_usd', 'bmi', 'qol', 'mv_play_dom', 'mv_play_int', 'dom_int_mv_ratio', 'dom_perc')",0.563186951
"('power_rating', 'mv_usd', 'bmi', 'qol', 'mv_play_dom', 'mv_play_int', 'dom_int_mv_ratio', 'int_perc')",0.563186951
"('power_rating', 'mv_usd', 'bmi', 'qol', 'mv_play_dom', 'mv_play_int', 'dom_int_mv_ratio', 'dom_perc', 'int_perc')",0.563186951
"('power_rating', 'mv_usd', 'bmi', 'qol', 'mv_play_int', 'dom_int_mv_ratio', 'dom_perc')",0.563050516
"('power_rating', 'mv_usd', 'bmi', 'qol', 'mv_play_int', 'dom_int_mv_ratio', 'int_perc')",0.563050516
"('power_rating', 'mv_usd', 'bmi', 'qol', 'mv_play_int', 'dom_int_mv_ratio', 'dom_perc', 'int_perc')",0.563050516
"('power_rating', 'gdp_usd', 'mv_usd', 'elo_rating', 'qol', 'mv_play_dom', 'num_play_dom', 'dom_int_mv_ratio')",0.56303914
"('power_rating', 'mv_usd', 'elo_rating', 'num_play_dom', 'mv_play_int', 'dom_int_mv_ratio', 'dom_perc')",0.563021878
"('power_rating', 'mv_usd', 'elo_rating', 'num_play_dom', 'mv_play_int', 'dom_int_mv_ratio', 'int_perc')",0.563021878
"('power_rating', 'mv_usd', 'elo_rating', 'num_play_dom', 'mv_play_int', 'dom_int_mv_ratio', 'dom_perc', 'int_perc')",0.563021878
"('life_exp', 'qol', 'mv_play_dom', 'num_play_dom', 'num_play_int', 'dom_int_mv_ratio')",0.563020627
"('power_rating', 'mv_usd', 'elo_rating', 'num_play_dom', 'mv_play_int', 'dom_int_mv_ratio')",0.563017571
"('power_rating', 'mv_usd', 'elo_rating', 'qol', 'mv_play_dom', 'num_play_dom', 'dom_int_mv_ratio')",0.563013543
"('power_rating', 'mv_usd', 'elo_rating', 'bmi', 'mv_play_dom', 'mv_play_int', 'dom_int_mv_ratio')",0.56299522
"('power_rating', 'mv_usd', 'elo_rating', 'mv_play_dom', 'mv_play_int', 'dom_int_mv_ratio', 'dom_perc')",0.562989015
"('power_rating', 'mv_usd', 'elo_rating', 'mv_play_dom', 'mv_play_int', 'dom_int_mv_ratio', 'int_perc')",0.562989015
"('power_rating', 'mv_usd', 'elo_rating', 'mv_play_dom', 'mv_play_int', 'dom_int_mv_ratio', 'dom_perc', 'int_perc')",0.562989015
"('power_rating', 'mv_usd', 'bmi', 'mv_play_dom', 'num_play_dom', 'mv_play_int', 'dom_perc')",0.562876158
"('power_rating', 'mv_usd', 'bmi', 'mv_play_dom', 'num_play_dom', 'mv_play_int', 'int_perc')",0.562876158
"('power_rating', 'mv_usd', 'bmi', 'mv_play_dom', 'num_play_dom', 'mv_play_int', 'dom_perc', 'int_perc')",0.562876158
"('bmi', 'life_exp', 'qol', 'mv_play_dom', 'num_play_dom', 'mv_play_int', 'dom_int_mv_ratio', 'dom_perc')",0.562872808
"('bmi', 'life_exp', 'qol', 'mv_play_dom', 'num_play_dom', 'mv_play_int', 'dom_int_mv_ratio', 'int_perc')",0.562872808
"('bmi', 'life_exp', 'qol', 'mv_play_dom', 'num_play_dom', 'mv_play_int', 'dom_int_mv_ratio', 'dom_perc', 'int_perc')",0.562872808
"('bmi', 'life_exp', 'qol', 'mv_play_dom', 'num_play_dom', 'dom_int_mv_ratio', 'dom_perc')",0.56284644
"('bmi', 'life_exp', 'qol', 'mv_play_dom', 'num_play_dom', 'dom_int_mv_ratio', 'int_perc')",0.56284644
"('bmi', 'life_exp', 'qol', 'mv_play_dom', 'num_play_dom', 'dom_int_mv_ratio', 'dom_perc', 'int_perc')",0.56284644
"('power_rating', 'gdp_usd', 'qol', 'num_play_dom', 'mv_play_int')",0.562789325
"('mv_usd', 'elo_rating', 'qol', 'mv_play_int')",0.562776604
"('power_rating', 'elo_rating', 'mv_play_dom', 'num_play_dom', 'mv_play_int', 'num_play_int')",0.562762451
"('power_rating', 'elo_rating', 'num_play_dom', 'mv_play_int', 'num_play_int')",0.562759068
"('power_rating', 'gdp_usd', 'mv_play_dom', 'num_play_dom', 'mv_play_int', 'num_play_int')",0.562743588
"('mv_usd', 'elo_rating', 'qol', 'num_play_int')",0.562728516
"('power_rating', 'gdp_usd', 'mv_usd', 'life_exp', 'mv_play_dom', 'num_play_dom', 'mv_play_int')",0.562698367
"('power_rating', 'gdp_usd', 'mv_usd', 'bmi', 'num_play_dom', 'mv_play_int', 'dom_perc')",0.562676317
"('power_rating', 'gdp_usd', 'mv_usd', 'bmi', 'num_play_dom', 'mv_play_int', 'int_perc')",0.562676317
"('power_rating', 'gdp_usd', 'mv_usd', 'bmi', 'num_play_dom', 'mv_play_int', 'dom_perc', 'int_perc')",0.562676317
"('life_exp', 'qol', 'num_play_dom', 'num_play_int', 'dom_int_mv_ratio')",0.562673533
"('power_rating', 'mv_usd', 'qol', 'mv_play_dom', 'mv_play_int', 'dom_int_mv_ratio', 'dom_perc')",0.562644283
"('power_rating', 'mv_usd', 'qol', 'mv_play_dom', 'mv_play_int', 'dom_int_mv_ratio', 'int_perc')",0.562644283
"('power_rating', 'mv_usd', 'qol', 'mv_play_dom', 'mv_play_int', 'dom_int_mv_ratio', 'dom_perc', 'int_perc')",0.562644283
"('power_rating', 'elo_rating', 'life_exp', 'mv_play_int')",0.562629657
"('mv_usd', 'elo_rating', 'mv_play_int', 'num_play_int')",0.562628969
"('power_rating', 'mv_usd', 'qol', 'mv_play_int', 'dom_int_mv_ratio', 'dom_perc')",0.562541236
"('power_rating', 'mv_usd', 'qol', 'mv_play_int', 'dom_int_mv_ratio', 'int_perc')",0.562541236
"('power_rating', 'mv_usd', 'qol', 'mv_play_int', 'dom_int_mv_ratio', 'dom_perc', 'int_perc')",0.562541236
"('power_rating', 'gdp_usd', 'bmi', 'qol', 'mv_play_int', 'dom_perc')",0.562506361
"('power_rating', 'gdp_usd', 'bmi', 'qol', 'mv_play_int', 'int_perc')",0.562506361
"('power_rating', 'gdp_usd', 'bmi', 'qol', 'mv_play_int', 'dom_perc', 'int_perc')",0.562506361
"('power_rating', 'gdp_usd', 'mv_usd', 'elo_rating', 'bmi', 'mv_play_dom', 'num_play_int', 'dom_perc')",0.562497178
"('power_rating', 'gdp_usd', 'mv_usd', 'elo_rating', 'bmi', 'mv_play_dom', 'num_play_int', 'int_perc')",0.562497178
"('power_rating', 'gdp_usd', 'mv_usd', 'elo_rating', 'bmi', 'mv_play_dom', 'num_play_int', 'dom_perc', 'int_perc')",0.562497178
"('power_rating', 'gdp_usd', 'qol', 'mv_play_int', 'dom_perc')",0.562494151
"('power_rating', 'gdp_usd', 'qol', 'mv_play_int', 'int_perc')",0.562494151
"('power_rating', 'gdp_usd', 'qol', 'mv_play_int', 'dom_perc', 'int_perc')",0.562494151
"('power_rating', 'mv_usd', 'bmi', 'num_play_dom', 'mv_play_int', 'dom_perc')",0.562467745
"('power_rating', 'mv_usd', 'bmi', 'num_play_dom', 'mv_play_int', 'int_perc')",0.562467745
"('power_rating', 'mv_usd', 'bmi', 'num_play_dom', 'mv_play_int', 'dom_perc', 'int_perc')",0.562467745
"('power_rating', 'gdp_usd', 'mv_usd', 'mv_play_dom', 'mv_play_int', 'num_play_int', 'dom_int_mv_ratio')",0.56236424
"('power_rating', 'gdp_usd', 'mv_usd', 'life_exp', 'num_play_dom', 'mv_play_int')",0.562363103
"('mv_usd', 'elo_rating', 'qol')",0.562360556
"('power_rating', 'mv_usd', 'mv_play_dom', 'mv_play_int', 'num_play_int', 'dom_int_mv_ratio')",0.562313122
"('power_rating', 'elo_rating', 'life_exp', 'qol', 'mv_play_dom', 'num_play_int', 'dom_perc')",0.562101306
"('power_rating', 'elo_rating', 'life_exp', 'qol', 'mv_play_dom', 'num_play_int', 'int_perc')",0.562101306
"('power_rating', 'elo_rating', 'life_exp', 'qol', 'mv_play_dom', 'num_play_int', 'dom_perc', 'int_perc')",0.562101306
"('elo_rating', 'bmi', 'mv_play_dom', 'dom_int_mv_ratio')",0.562085198
"('power_rating', 'gdp_usd', 'bmi', 'life_exp', 'num_play_dom', 'mv_play_int', 'dom_int_mv_ratio')",0.562079701
"('bmi', 'life_exp', 'qol', 'mv_play_dom', 'mv_play_int', 'num_play_int', 'dom_int_mv_ratio', 'dom_perc')",0.562023742
"('bmi', 'life_exp', 'qol', 'mv_play_dom', 'mv_play_int', 'num_play_int', 'dom_int_mv_ratio', 'int_perc')",0.562023742
"('bmi', 'life_exp', 'qol', 'mv_play_dom', 'mv_play_int', 'num_play_int', 'dom_int_mv_ratio', 'dom_perc', 'int_perc')",0.562023742
"('power_rating', 'life_exp', 'qol', 'mv_play_dom', 'mv_play_int', 'dom_int_mv_ratio', 'dom_perc')",0.562009063
"('power_rating', 'life_exp', 'qol', 'mv_play_dom', 'mv_play_int', 'dom_int_mv_ratio', 'int_perc')",0.562009063
"('power_rating', 'life_exp', 'qol', 'mv_play_dom', 'mv_play_int', 'dom_int_mv_ratio', 'dom_perc', 'int_perc')",0.562009063
"('bmi', 'life_exp', 'qol', 'mv_play_dom', 'num_play_dom', 'mv_play_int', 'dom_int_mv_ratio')",0.561973654
"('power_rating', 'gdp_usd', 'mv_usd', 'elo_rating', 'bmi', 'qol', 'num_play_dom', 'dom_perc')",0.561946638
"('power_rating', 'gdp_usd', 'mv_usd', 'elo_rating', 'bmi', 'qol', 'num_play_dom', 'int_perc')",0.561946638
"('power_rating', 'gdp_usd', 'mv_usd', 'elo_rating', 'bmi', 'qol', 'num_play_dom', 'dom_perc', 'int_perc')",0.561946638
"('power_rating', 'gdp_usd', 'mv_usd', 'bmi', 'life_exp', 'num_play_int', 'dom_int_mv_ratio', 'dom_perc')",0.561916271
"('power_rating', 'gdp_usd', 'mv_usd', 'bmi', 'life_exp', 'num_play_int', 'dom_int_mv_ratio', 'int_perc')",0.561916271
"('power_rating', 'gdp_usd', 'mv_usd', 'bmi', 'life_exp', 'num_play_int', 'dom_int_mv_ratio', 'dom_perc', 'int_perc')",0.561916271
"('life_exp', 'qol', 'mv_play_dom', 'num_play_int', 'dom_perc')",0.561900105
"('life_exp', 'qol', 'mv_play_dom', 'num_play_int', 'int_perc')",0.561900105
"('life_exp', 'qol', 'mv_play_dom', 'num_play_int', 'dom_perc', 'int_perc')",0.561900105
"('power_rating', 'gdp_usd', 'bmi', 'qol', 'mv_play_int')",0.561870492
"('power_rating', 'gdp_usd', 'mv_usd', 'elo_rating', 'mv_play_int', 'num_play_int', 'dom_int_mv_ratio')",0.561854999
"('bmi', 'life_exp', 'qol', 'mv_play_dom', 'num_play_dom', 'dom_int_mv_ratio')",0.561813119
"('power_rating', 'gdp_usd', 'qol', 'mv_play_int')",0.561687541
"('elo_rating', 'qol', 'mv_play_int', 'dom_perc')",0.561594097
"('elo_rating', 'qol', 'mv_play_int', 'int_perc')",0.561594097
"('elo_rating', 'qol', 'mv_play_int', 'dom_perc', 'int_perc')",0.561594097
"('power_rating', 'mv_usd', 'elo_rating', 'mv_play_int', 'num_play_int', 'dom_int_mv_ratio')",0.561579655
"('power_rating', 'elo_rating', 'bmi', 'life_exp', 'num_play_int', 'dom_perc')",0.56153511
"('power_rating', 'elo_rating', 'bmi', 'life_exp', 'num_play_int', 'int_perc')",0.56153511
"('power_rating', 'elo_rating', 'bmi', 'life_exp', 'num_play_int', 'dom_perc', 'int_perc')",0.56153511
"('mv_usd', 'elo_rating', 'mv_play_int')",0.561508414
"('mv_usd', 'elo_rating', 'num_play_int')",0.561487953
"('power_rating', 'gdp_usd', 'life_exp', 'mv_play_dom', 'num_play_dom', 'mv_play_int')",0.561466654
"('power_rating', 'bmi', 'qol', 'mv_play_dom', 'mv_play_int', 'dom_int_mv_ratio', 'dom_perc')",0.561388252
"('power_rating', 'bmi', 'qol', 'mv_play_dom', 'mv_play_int', 'dom_int_mv_ratio', 'int_perc')",0.561388252
"('power_rating', 'bmi', 'qol', 'mv_play_dom', 'mv_play_int', 'dom_int_mv_ratio', 'dom_perc', 'int_perc')",0.561388252
"('elo_rating', 'bmi', 'life_exp', 'mv_play_int', 'dom_int_mv_ratio', 'dom_perc')",0.561301816
"('elo_rating', 'bmi', 'life_exp', 'mv_play_int', 'dom_int_mv_ratio', 'int_perc')",0.561301816
"('elo_rating', 'bmi', 'life_exp', 'mv_play_int', 'dom_int_mv_ratio', 'dom_perc', 'int_perc')",0.561301816
"('power_rating', 'mv_usd', 'life_exp', 'mv_play_dom', 'num_play_dom', 'mv_play_int')",0.561239912
"('power_rating', 'mv_usd', 'num_play_dom', 'mv_play_int', 'num_play_int')",0.561237107
"('power_rating', 'gdp_usd', 'elo_rating', 'num_play_dom', 'mv_play_int', 'dom_int_mv_ratio', 'dom_perc')",0.561206723
"('power_rating', 'gdp_usd', 'elo_rating', 'num_play_dom', 'mv_play_int', 'dom_int_mv_ratio', 'int_perc')",0.561206723
"('power_rating', 'gdp_usd', 'elo_rating', 'num_play_dom', 'mv_play_int', 'dom_int_mv_ratio', 'dom_perc', 'int_perc')",0.561206723
"('power_rating', 'gdp_usd', 'elo_rating', 'num_play_dom', 'mv_play_int', 'dom_int_mv_ratio')",0.561200146
"('mv_usd', 'elo_rating')",0.561182343
"('power_rating', 'gdp_usd', 'elo_rating', 'bmi', 'life_exp', 'qol', 'mv_play_dom', 'num_play_dom', 'num_play_int', 'dom_int_mv_ratio')",0.561152552
"('power_rating', 'gdp_usd', 'elo_rating', 'life_exp', 'qol', 'mv_play_dom', 'num_play_dom', 'num_play_int', 'dom_int_mv_ratio')",0.561150219
"('power_rating', 'gdp_usd', 'elo_rating', 'bmi', 'mv_play_dom', 'mv_play_int', 'dom_int_mv_ratio')",0.561144556
"('bmi', 'life_exp', 'qol', 'mv_play_dom', 'num_play_int', 'dom_int_mv_ratio', 'dom_perc')",0.561143659
"('bmi', 'life_exp', 'qol', 'mv_play_dom', 'num_play_int', 'dom_int_mv_ratio', 'int_perc')",0.561143659
"('bmi', 'life_exp', 'qol', 'mv_play_dom', 'num_play_int', 'dom_int_mv_ratio', 'dom_perc', 'int_perc')",0.561143659
"('power_rating', 'gdp_usd', 'elo_rating', 'mv_play_dom', 'mv_play_int', 'dom_int_mv_ratio', 'dom_perc')",0.561054758
"('power_rating', 'gdp_usd', 'elo_rating', 'mv_play_dom', 'mv_play_int', 'dom_int_mv_ratio', 'int_perc')",0.561054758
"('power_rating', 'gdp_usd', 'elo_rating', 'mv_play_dom', 'mv_play_int', 'dom_int_mv_ratio', 'dom_perc', 'int_perc')",0.561054758
"('power_rating', 'gdp_usd', 'mv_usd', 'elo_rating', 'qol', 'num_play_dom', 'int_perc')",0.56097917
"('power_rating', 'gdp_usd', 'mv_usd', 'elo_rating', 'qol', 'num_play_dom', 'dom_perc', 'int_perc')",0.56097917
"('power_rating', 'gdp_usd', 'mv_usd', 'elo_rating', 'qol', 'num_play_dom', 'dom_perc')",0.56097917
"('power_rating', 'elo_rating', 'mv_play_dom', 'mv_play_int', 'dom_int_mv_ratio', 'dom_perc')",0.560964351
"('power_rating', 'elo_rating', 'mv_play_dom', 'mv_play_int', 'dom_int_mv_ratio', 'int_perc')",0.560964351
"('power_rating', 'elo_rating', 'mv_play_dom', 'mv_play_int', 'dom_int_mv_ratio', 'dom_perc', 'int_perc')",0.560964351
"('power_rating', 'gdp_usd', 'elo_rating', 'bmi', 'qol', 'mv_play_dom', 'num_play_int', 'dom_perc')",0.560959109
"('power_rating', 'gdp_usd', 'elo_rating', 'bmi', 'qol', 'mv_play_dom', 'num_play_int', 'int_perc')",0.560959109
"('power_rating', 'gdp_usd', 'elo_rating', 'bmi', 'qol', 'mv_play_dom', 'num_play_int', 'dom_perc', 'int_perc')",0.560959109
"('power_rating', 'mv_play_int', 'num_play_int', 'dom_perc')",0.560885606
"('power_rating', 'mv_play_int', 'num_play_int', 'int_perc')",0.560885606
"('power_rating', 'mv_play_int', 'num_play_int', 'dom_perc', 'int_perc')",0.560885606
"('power_rating', 'gdp_usd', 'elo_rating', 'bmi', 'life_exp', 'qol', 'mv_play_dom', 'num_play_dom', 'dom_int_mv_ratio')",0.56087769
"('power_rating', 'gdp_usd', 'elo_rating', 'life_exp', 'qol', 'mv_play_dom', 'num_play_dom', 'dom_int_mv_ratio')",0.560876802
"('power_rating', 'qol', 'mv_play_dom', 'mv_play_int', 'dom_int_mv_ratio', 'dom_perc')",0.560773599
"('power_rating', 'qol', 'mv_play_dom', 'mv_play_int', 'dom_int_mv_ratio', 'int_perc')",0.560773599
"('power_rating', 'qol', 'mv_play_dom', 'mv_play_int', 'dom_int_mv_ratio', 'dom_perc', 'int_perc')",0.560773599
"('power_rating', 'gdp_usd', 'elo_rating', 'bmi', 'mv_play_dom', 'mv_play_int', 'dom_perc')",0.560734153
"('power_rating', 'gdp_usd', 'elo_rating', 'bmi', 'mv_play_dom', 'mv_play_int', 'int_perc')",0.560734153
"('power_rating', 'gdp_usd', 'elo_rating', 'bmi', 'mv_play_dom', 'mv_play_int', 'dom_perc', 'int_perc')",0.560734153
"('power_rating', 'gdp_usd', 'elo_rating', 'bmi', 'mv_play_int', 'dom_perc')",0.56073104
"('power_rating', 'gdp_usd', 'elo_rating', 'bmi', 'mv_play_int', 'int_perc')",0.56073104
"('power_rating', 'gdp_usd', 'elo_rating', 'bmi', 'mv_play_int', 'dom_perc', 'int_perc')",0.56073104
"('power_rating', 'gdp_usd', 'num_play_dom', 'mv_play_int', 'num_play_int')",0.560712872
"('power_rating', 'elo_rating', 'num_play_dom', 'mv_play_int', 'dom_int_mv_ratio', 'int_perc')",0.560697665
"('power_rating', 'elo_rating', 'num_play_dom', 'mv_play_int', 'dom_int_mv_ratio', 'dom_perc', 'int_perc')",0.560697665
"('power_rating', 'elo_rating', 'num_play_dom', 'mv_play_int', 'dom_int_mv_ratio', 'dom_perc')",0.560697665
"('power_rating', 'elo_rating', 'num_play_dom', 'mv_play_int', 'dom_int_mv_ratio')",0.560682905
"('power_rating', 'life_exp', 'mv_play_dom', 'num_play_dom', 'mv_play_int')",0.560646672
"('power_rating', 'mv_usd', 'elo_rating', 'bmi', 'mv_play_dom', 'num_play_int', 'dom_perc')",0.560591311
"('power_rating', 'mv_usd', 'elo_rating', 'bmi', 'mv_play_dom', 'num_play_int', 'int_perc')",0.560591311
"('power_rating', 'mv_usd', 'elo_rating', 'bmi', 'mv_play_dom', 'num_play_int', 'dom_perc', 'int_perc')",0.560591311
"('mv_usd', 'life_exp', 'num_play_dom', 'mv_play_int', 'num_play_int')",0.560547074
"('power_rating', 'mv_usd', 'bmi', 'life_exp', 'qol', 'mv_play_dom', 'mv_play_int', 'dom_perc')",0.560346804
"('power_rating', 'mv_usd', 'bmi', 'life_exp', 'qol', 'mv_play_dom', 'mv_play_int', 'int_perc')",0.560346804
"('power_rating', 'mv_usd', 'bmi', 'life_exp', 'qol', 'mv_play_dom', 'mv_play_int', 'dom_perc', 'int_perc')",0.560346804
"('elo_rating', 'life_exp', 'mv_play_dom', 'dom_int_mv_ratio')",0.560192038
"('power_rating', 'mv_usd', 'bmi', 'life_exp', 'qol', 'mv_play_dom', 'mv_play_int', 'dom_int_mv_ratio')",0.56010416
"('gdp_usd', 'mv_usd', 'bmi', 'life_exp', 'qol', 'mv_play_dom', 'mv_play_int', 'num_play_int', 'dom_perc')",0.56009092
"('gdp_usd', 'mv_usd', 'bmi', 'life_exp', 'qol', 'mv_play_dom', 'mv_play_int', 'num_play_int', 'int_perc')",0.56009092
"('gdp_usd', 'mv_usd', 'bmi', 'life_exp', 'qol', 'mv_play_dom', 'mv_play_int', 'num_play_int', 'dom_perc', 'int_perc')",0.56009092
"('gdp_usd', 'mv_usd', 'bmi', 'life_exp', 'qol', 'mv_play_dom', 'num_play_int', 'dom_perc')",0.560090176
"('gdp_usd', 'mv_usd', 'bmi', 'life_exp', 'qol', 'mv_play_dom', 'num_play_int', 'int_perc')",0.560090176
"('gdp_usd', 'mv_usd', 'bmi', 'life_exp', 'qol', 'mv_play_dom', 'num_play_int', 'dom_perc', 'int_perc')",0.560090176
"('power_rating', 'mv_usd', 'life_exp', 'num_play_dom', 'mv_play_int')",0.560087835
"('power_rating', 'bmi', 'life_exp', 'num_play_dom', 'mv_play_int', 'dom_int_mv_ratio')",0.560063547
"('elo_rating', 'mv_play_dom', 'dom_int_mv_ratio')",0.560047852
"('power_rating', 'bmi', 'life_exp', 'qol', 'mv_play_int', 'dom_int_mv_ratio', 'dom_perc')",0.559993823
"('power_rating', 'bmi', 'life_exp', 'qol', 'mv_play_int', 'dom_int_mv_ratio', 'int_perc')",0.559993823
"('power_rating', 'bmi', 'life_exp', 'qol', 'mv_play_int', 'dom_int_mv_ratio', 'dom_perc', 'int_perc')",0.559993823
"('power_rating', 'mv_usd', 'bmi', 'life_exp', 'qol', 'mv_play_int', 'dom_perc')",0.559932757
"('power_rating', 'mv_usd', 'bmi', 'life_exp', 'qol', 'mv_play_int', 'int_perc')",0.559932757
"('power_rating', 'mv_usd', 'bmi', 'life_exp', 'qol', 'mv_play_int', 'dom_perc', 'int_perc')",0.559932757
"('power_rating', 'elo_rating', 'life_exp', 'qol', 'num_play_int', 'dom_perc')",0.559894766
"('power_rating', 'elo_rating', 'life_exp', 'qol', 'num_play_int', 'int_perc')",0.559894766
"('power_rating', 'elo_rating', 'life_exp', 'qol', 'num_play_int', 'dom_perc', 'int_perc')",0.559894766
"('power_rating', 'mv_usd', 'elo_rating', 'life_exp', 'num_play_int', 'dom_perc')",0.55987848
"('power_rating', 'mv_usd', 'elo_rating', 'life_exp', 'num_play_int', 'int_perc')",0.55987848
"('power_rating', 'mv_usd', 'elo_rating', 'life_exp', 'num_play_int', 'dom_perc', 'int_perc')",0.55987848
"('gdp_usd', 'mv_usd', 'life_exp', 'qol', 'mv_play_dom', 'mv_play_int', 'num_play_int', 'dom_perc')",0.559737555
"('gdp_usd', 'mv_usd', 'life_exp', 'qol', 'mv_play_dom', 'mv_play_int', 'num_play_int', 'int_perc')",0.559737555
"('gdp_usd', 'mv_usd', 'life_exp', 'qol', 'mv_play_dom', 'mv_play_int', 'num_play_int', 'dom_perc', 'int_perc')",0.559737555
"('gdp_usd', 'mv_usd', 'life_exp', 'qol', 'mv_play_dom', 'num_play_int', 'dom_perc')",0.559731027
"('gdp_usd', 'mv_usd', 'life_exp', 'qol', 'mv_play_dom', 'num_play_int', 'int_perc')",0.559731027
"('gdp_usd', 'mv_usd', 'life_exp', 'qol', 'mv_play_dom', 'num_play_int', 'dom_perc', 'int_perc')",0.559731027
"('power_rating', 'mv_usd', 'life_exp', 'qol', 'mv_play_dom', 'mv_play_int', 'dom_perc')",0.559662997
"('power_rating', 'mv_usd', 'life_exp', 'qol', 'mv_play_dom', 'mv_play_int', 'int_perc')",0.559662997
"('power_rating', 'mv_usd', 'life_exp', 'qol', 'mv_play_dom', 'mv_play_int', 'dom_perc', 'int_perc')",0.559662997
"('power_rating', 'mv_usd', 'elo_rating', 'bmi', 'life_exp', 'qol', 'num_play_dom', 'dom_perc')",0.559651919
"('power_rating', 'mv_usd', 'elo_rating', 'bmi', 'life_exp', 'qol', 'num_play_dom', 'int_perc')",0.559651919
"('power_rating', 'mv_usd', 'elo_rating', 'bmi', 'life_exp', 'qol', 'num_play_dom', 'dom_perc', 'int_perc')",0.559651919
"('power_rating', 'gdp_usd', 'mv_play_dom', 'mv_play_int', 'num_play_int', 'dom_int_mv_ratio')",0.559560588
"('power_rating', 'gdp_usd', 'bmi', 'mv_play_dom', 'num_play_dom', 'mv_play_int', 'dom_perc')",0.559558306
"('power_rating', 'gdp_usd', 'bmi', 'mv_play_dom', 'num_play_dom', 'mv_play_int', 'int_perc')",0.559558306
"('power_rating', 'gdp_usd', 'bmi', 'mv_play_dom', 'num_play_dom', 'mv_play_int', 'dom_perc', 'int_perc')",0.559558306
"('power_rating', 'bmi', 'mv_play_dom', 'num_play_dom', 'mv_play_int', 'dom_perc')",0.559557653
"('power_rating', 'bmi', 'mv_play_dom', 'num_play_dom', 'mv_play_int', 'int_perc')",0.559557653
"('power_rating', 'bmi', 'mv_play_dom', 'num_play_dom', 'mv_play_int', 'dom_perc', 'int_perc')",0.559557653
"('bmi', 'life_exp', 'qol', 'mv_play_dom', 'num_play_dom', 'mv_play_int', 'num_play_int', 'dom_perc')",0.559396175
"('bmi', 'life_exp', 'qol', 'mv_play_dom', 'num_play_dom', 'mv_play_int', 'num_play_int', 'int_perc')",0.559396175
"('bmi', 'life_exp', 'qol', 'mv_play_dom', 'num_play_dom', 'mv_play_int', 'num_play_int', 'dom_perc', 'int_perc')",0.559396175
"('gdp_usd', 'mv_usd', 'elo_rating', 'bmi', 'life_exp', 'qol', 'mv_play_dom', 'num_play_dom', 'dom_perc')",0.559383635
"('gdp_usd', 'mv_usd', 'elo_rating', 'bmi', 'life_exp', 'qol', 'mv_play_dom', 'num_play_dom', 'int_perc')",0.559383635
"('gdp_usd', 'mv_usd', 'elo_rating', 'bmi', 'life_exp', 'qol', 'mv_play_dom', 'num_play_dom', 'dom_perc', 'int_perc')",0.559383635
"('gdp_usd', 'mv_usd', 'bmi', 'life_exp', 'qol', 'mv_play_dom', 'num_play_dom', 'dom_perc')",0.559369371
"('gdp_usd', 'mv_usd', 'bmi', 'life_exp', 'qol', 'mv_play_dom', 'num_play_dom', 'int_perc')",0.559369371
"('gdp_usd', 'mv_usd', 'bmi', 'life_exp', 'qol', 'mv_play_dom', 'num_play_dom', 'dom_perc', 'int_perc')",0.559369371
"('power_rating', 'mv_usd', 'life_exp', 'qol', 'mv_play_int', 'dom_perc')",0.559299759
"('power_rating', 'mv_usd', 'life_exp', 'qol', 'mv_play_int', 'int_perc')",0.559299759
"('power_rating', 'mv_usd', 'life_exp', 'qol', 'mv_play_int', 'dom_perc', 'int_perc')",0.559299759
"('power_rating', 'mv_usd', 'elo_rating', 'life_exp', 'qol', 'num_play_dom', 'dom_perc')",0.559262418
"('power_rating', 'mv_usd', 'elo_rating', 'life_exp', 'qol', 'num_play_dom', 'int_perc')",0.559262418
"('power_rating', 'mv_usd', 'elo_rating', 'life_exp', 'qol', 'num_play_dom', 'dom_perc', 'int_perc')",0.559262418
"('power_rating', 'elo_rating', 'bmi', 'life_exp', 'qol', 'mv_play_dom', 'num_play_dom', 'num_play_int', 'dom_int_mv_ratio')",0.559195863
"('power_rating', 'elo_rating', 'life_exp', 'qol', 'mv_play_dom', 'num_play_dom', 'num_play_int', 'dom_int_mv_ratio')",0.559175065
"('power_rating', 'mv_play_dom', 'mv_play_int', 'num_play_int', 'dom_int_mv_ratio')",0.559164972
"('power_rating', 'gdp_usd', 'mv_usd', 'elo_rating', 'qol', 'num_play_int', 'dom_perc')",0.55913989
"('power_rating', 'gdp_usd', 'mv_usd', 'elo_rating', 'qol', 'num_play_int', 'int_perc')",0.55913989
"('power_rating', 'gdp_usd', 'mv_usd', 'elo_rating', 'qol', 'num_play_int', 'dom_perc', 'int_perc')",0.55913989
"('power_rating', 'gdp_usd', 'mv_usd', 'elo_rating', 'bmi', 'life_exp', 'qol', 'dom_perc')",0.559095545
"('power_rating', 'gdp_usd', 'mv_usd', 'elo_rating', 'bmi', 'life_exp', 'qol', 'int_perc')",0.559095545
"('power_rating', 'gdp_usd', 'mv_usd', 'elo_rating', 'bmi', 'life_exp', 'qol', 'dom_perc', 'int_perc')",0.559095545
"('power_rating', 'mv_usd', 'elo_rating', 'qol', 'num_play_int', 'dom_perc')",0.558654978
"('power_rating', 'mv_usd', 'elo_rating', 'qol', 'num_play_int', 'int_perc')",0.558654978
"('power_rating', 'mv_usd', 'elo_rating', 'qol', 'num_play_int', 'dom_perc', 'int_perc')",0.558654978
"('gdp_usd', 'mv_usd', 'elo_rating', 'life_exp', 'qol', 'mv_play_dom', 'num_play_dom', 'dom_perc')",0.558628805
"('gdp_usd', 'mv_usd', 'elo_rating', 'life_exp', 'qol', 'mv_play_dom', 'num_play_dom', 'int_perc')",0.558628805
"('gdp_usd', 'mv_usd', 'elo_rating', 'life_exp', 'qol', 'mv_play_dom', 'num_play_dom', 'dom_perc', 'int_perc')",0.558628805
"('gdp_usd', 'mv_usd', 'life_exp', 'qol', 'mv_play_dom', 'num_play_dom', 'dom_perc')",0.558574407
"('gdp_usd', 'mv_usd', 'life_exp', 'qol', 'mv_play_dom', 'num_play_dom', 'int_perc')",0.558574407
"('gdp_usd', 'mv_usd', 'life_exp', 'qol', 'mv_play_dom', 'num_play_dom', 'dom_perc', 'int_perc')",0.558574407
"('power_rating', 'mv_usd', 'elo_rating', 'bmi', 'mv_play_int', 'dom_perc')",0.558518813
"('power_rating', 'mv_usd', 'elo_rating', 'bmi', 'mv_play_int', 'int_perc')",0.558518813
"('power_rating', 'mv_usd', 'elo_rating', 'bmi', 'mv_play_int', 'dom_perc', 'int_perc')",0.558518813
"('power_rating', 'mv_usd', 'bmi', 'qol', 'mv_play_dom', 'mv_play_int', 'dom_perc')",0.558412401
"('power_rating', 'mv_usd', 'bmi', 'qol', 'mv_play_dom', 'mv_play_int', 'int_perc')",0.558412401
"('power_rating', 'mv_usd', 'bmi', 'qol', 'mv_play_dom', 'mv_play_int', 'dom_perc', 'int_perc')",0.558412401
"('power_rating', 'elo_rating', 'bmi', 'qol', 'mv_play_dom', 'num_play_int', 'dom_perc', 'int_perc')",0.558381424
"('power_rating', 'elo_rating', 'bmi', 'qol', 'mv_play_dom', 'num_play_int', 'dom_perc')",0.558381424
"('power_rating', 'elo_rating', 'bmi', 'qol', 'mv_play_dom', 'num_play_int', 'int_perc')",0.558381424
"('power_rating', 'mv_usd', 'bmi', 'life_exp', 'qol', 'mv_play_int', 'dom_int_mv_ratio')",0.558350389
"('power_rating', 'mv_usd', 'elo_rating', 'bmi', 'life_exp', 'qol', 'dom_perc')",0.558267471
"('power_rating', 'mv_usd', 'elo_rating', 'bmi', 'life_exp', 'qol', 'int_perc')",0.558267471
"('power_rating', 'mv_usd', 'elo_rating', 'bmi', 'life_exp', 'qol', 'dom_perc', 'int_perc')",0.558267471
"('power_rating', 'mv_usd', 'bmi', 'qol', 'mv_play_dom', 'mv_play_int', 'dom_int_mv_ratio')",0.558257124
"('power_rating', 'mv_usd', 'qol', 'mv_play_dom', 'mv_play_int', 'dom_perc')",0.558252929
"('power_rating', 'mv_usd', 'qol', 'mv_play_dom', 'mv_play_int', 'int_perc')",0.558252929
"('power_rating', 'mv_usd', 'qol', 'mv_play_dom', 'mv_play_int', 'dom_perc', 'int_perc')",0.558252929
"('bmi', 'life_exp', 'qol', 'num_play_dom', 'mv_play_int', 'num_play_int', 'dom_int_mv_ratio', 'dom_perc')",0.558043695
"('bmi', 'life_exp', 'qol', 'num_play_dom', 'mv_play_int', 'num_play_int', 'dom_int_mv_ratio', 'int_perc')",0.558043695
"('bmi', 'life_exp', 'qol', 'num_play_dom', 'mv_play_int', 'num_play_int', 'dom_int_mv_ratio', 'dom_perc', 'int_perc')",0.558043695
"('bmi', 'life_exp', 'qol', 'num_play_dom', 'mv_play_int', 'num_play_int', 'dom_int_mv_ratio')",0.558041517
"('power_rating', 'mv_play_dom', 'num_play_dom', 'mv_play_int', 'num_play_int')",0.558029844
"('elo_rating', 'bmi', 'life_exp', 'mv_play_dom')",0.557854278
"('bmi', 'life_exp', 'qol', 'mv_play_dom', 'num_play_dom', 'mv_play_int', 'num_play_int')",0.557818835
"('power_rating', 'bmi', 'qol', 'mv_play_int', 'dom_int_mv_ratio', 'dom_perc')",0.557807059
"('power_rating', 'bmi', 'qol', 'mv_play_int', 'dom_int_mv_ratio', 'int_perc')",0.557807059
"('power_rating', 'bmi', 'qol', 'mv_play_int', 'dom_int_mv_ratio', 'dom_perc', 'int_perc')",0.557807059
"('power_rating', 'bmi', 'life_exp', 'qol', 'mv_play_dom', 'mv_play_int', 'dom_int_mv_ratio')",0.55769304
"('power_rating', 'mv_usd', 'bmi', 'qol', 'mv_play_int', 'dom_perc')",0.557683103
"('power_rating', 'mv_usd', 'bmi', 'qol', 'mv_play_int', 'int_perc')",0.557683103
"('power_rating', 'mv_usd', 'bmi', 'qol', 'mv_play_int', 'dom_perc', 'int_perc')",0.557683103
"('bmi', 'life_exp', 'qol', 'mv_play_dom', 'num_play_dom', 'num_play_int', 'dom_perc')",0.557672406
"('bmi', 'life_exp', 'qol', 'mv_play_dom', 'num_play_dom', 'num_play_int', 'int_perc')",0.557672406
"('bmi', 'life_exp', 'qol', 'mv_play_dom', 'num_play_dom', 'num_play_int', 'dom_perc', 'int_perc')",0.557672406
"('power_rating', 'gdp_usd', 'mv_usd', 'elo_rating', 'mv_play_dom', 'mv_play_int', 'dom_int_mv_ratio')",0.557589332
"('power_rating', 'mv_usd', 'qol', 'mv_play_int', 'dom_perc')",0.557585405
"('power_rating', 'mv_usd', 'qol', 'mv_play_int', 'int_perc')",0.557585405
"('power_rating', 'mv_usd', 'qol', 'mv_play_int', 'dom_perc', 'int_perc')",0.557585405
"('power_rating', 'bmi', 'life_exp', 'qol', 'mv_play_int', 'dom_int_mv_ratio')",0.557582687
"('power_rating', 'gdp_usd', 'mv_usd', 'elo_rating', 'bmi', 'mv_play_dom', 'num_play_dom', 'dom_int_mv_ratio', 'dom_perc')",0.557578725
"('power_rating', 'gdp_usd', 'mv_usd', 'elo_rating', 'bmi', 'mv_play_dom', 'num_play_dom', 'dom_int_mv_ratio', 'dom_perc', 'int_perc')",0.557578725
"('power_rating', 'gdp_usd', 'mv_usd', 'elo_rating', 'bmi', 'mv_play_dom', 'num_play_dom', 'dom_int_mv_ratio', 'int_perc')",0.557578725
"('power_rating', 'gdp_usd', 'mv_usd', 'elo_rating', 'bmi', 'life_exp', 'mv_play_dom', 'num_play_dom', 'num_play_int', 'dom_int_mv_ratio')",0.557559226
"('power_rating', 'gdp_usd', 'mv_usd', 'elo_rating', 'bmi', 'life_exp', 'mv_play_dom', 'num_play_dom', 'dom_perc')",0.55754589
"('power_rating', 'gdp_usd', 'mv_usd', 'elo_rating', 'bmi', 'life_exp', 'mv_play_dom', 'num_play_dom', 'int_perc')",0.55754589
"('power_rating', 'gdp_usd', 'mv_usd', 'elo_rating', 'bmi', 'life_exp', 'mv_play_dom', 'num_play_dom', 'dom_perc', 'int_perc')",0.55754589
"('power_rating', 'mv_usd', 'elo_rating', 'bmi', 'mv_play_dom', 'num_play_dom', 'dom_int_mv_ratio', 'dom_perc')",0.557538717
"('power_rating', 'mv_usd', 'elo_rating', 'bmi', 'mv_play_dom', 'num_play_dom', 'dom_int_mv_ratio', 'int_perc')",0.557538717
"('power_rating', 'mv_usd', 'elo_rating', 'bmi', 'mv_play_dom', 'num_play_dom', 'dom_int_mv_ratio', 'dom_perc', 'int_perc')",0.557538717
"('life_exp', 'qol', 'mv_play_dom', 'num_play_dom', 'mv_play_int', 'num_play_int')",0.557511449
"('power_rating', 'gdp_usd', 'mv_usd', 'elo_rating', 'bmi', 'life_exp', 'qol', 'mv_play_dom', 'num_play_int', 'dom_int_mv_ratio')",0.557492447
"('power_rating', 'life_exp', 'qol', 'mv_play_int', 'dom_int_mv_ratio', 'dom_perc')",0.557356946
"('power_rating', 'life_exp', 'qol', 'mv_play_int', 'dom_int_mv_ratio', 'int_perc')",0.557356946
"('power_rating', 'life_exp', 'qol', 'mv_play_int', 'dom_int_mv_ratio', 'dom_perc', 'int_perc')",0.557356946
"('power_rating', 'gdp_usd', 'mv_usd', 'elo_rating', 'bmi', 'mv_play_dom', 'dom_int_mv_ratio', 'dom_perc')",0.5573422
"('power_rating', 'gdp_usd', 'mv_usd', 'elo_rating', 'bmi', 'mv_play_dom', 'dom_int_mv_ratio', 'int_perc')",0.5573422
"('power_rating', 'gdp_usd', 'mv_usd', 'elo_rating', 'bmi', 'mv_play_dom', 'dom_int_mv_ratio', 'dom_perc', 'int_perc')",0.5573422
"('power_rating', 'elo_rating', 'bmi', 'mv_play_dom', 'mv_play_int', 'dom_int_mv_ratio')",0.557317404
"('power_rating', 'gdp_usd', 'mv_usd', 'elo_rating', 'bmi', 'life_exp', 'mv_play_dom', 'num_play_dom', 'dom_int_mv_ratio')",0.557294836
"('power_rating', 'gdp_usd', 'mv_usd', 'elo_rating', 'bmi', 'qol', 'mv_play_dom', 'num_play_int', 'dom_int_mv_ratio')",0.557249451
"('power_rating', 'mv_usd', 'bmi', 'life_exp', 'qol', 'mv_play_dom', 'num_play_int', 'dom_int_mv_ratio', 'dom_perc')",0.557245366
"('power_rating', 'mv_usd', 'bmi', 'life_exp', 'qol', 'mv_play_dom', 'num_play_int', 'dom_int_mv_ratio', 'int_perc')",0.557245366
"('power_rating', 'mv_usd', 'bmi', 'life_exp', 'qol', 'mv_play_dom', 'num_play_int', 'dom_int_mv_ratio', 'dom_perc', 'int_perc')",0.557245366
"('power_rating', 'mv_usd', 'bmi', 'life_exp', 'qol', 'num_play_int', 'dom_int_mv_ratio', 'dom_perc')",0.557188988
"('power_rating', 'mv_usd', 'bmi', 'life_exp', 'qol', 'num_play_int', 'dom_int_mv_ratio', 'int_perc')",0.557188988
"('power_rating', 'mv_usd', 'bmi', 'life_exp', 'qol', 'num_play_int', 'dom_int_mv_ratio', 'dom_perc', 'int_perc')",0.557188988
"('bmi', 'life_exp', 'qol', 'num_play_dom', 'num_play_int', 'dom_int_mv_ratio', 'dom_perc')",0.557173873
"('bmi', 'life_exp', 'qol', 'num_play_dom', 'num_play_int', 'dom_int_mv_ratio', 'int_perc')",0.557173873
"('bmi', 'life_exp', 'qol', 'num_play_dom', 'num_play_int', 'dom_int_mv_ratio', 'dom_perc', 'int_perc')",0.557173873
"('power_rating', 'gdp_usd', 'mv_usd', 'elo_rating', 'life_exp', 'qol', 'dom_perc')",0.557158402
"('power_rating', 'gdp_usd', 'mv_usd', 'elo_rating', 'life_exp', 'qol', 'int_perc')",0.557158402
"('power_rating', 'gdp_usd', 'mv_usd', 'elo_rating', 'life_exp', 'qol', 'dom_perc', 'int_perc')",0.557158402
"('bmi', 'life_exp', 'qol', 'mv_play_dom', 'num_play_dom', 'num_play_int')",0.557151031
"('power_rating', 'gdp_usd', 'life_exp', 'num_play_dom', 'mv_play_int', 'dom_int_mv_ratio')",0.557109533
"('power_rating', 'gdp_usd', 'mv_usd', 'elo_rating', 'bmi', 'life_exp', 'mv_play_dom', 'dom_perc')",0.557055872
"('power_rating', 'gdp_usd', 'mv_usd', 'elo_rating', 'bmi', 'life_exp', 'mv_play_dom', 'int_perc')",0.557055872
"('power_rating', 'gdp_usd', 'mv_usd', 'elo_rating', 'bmi', 'life_exp', 'mv_play_dom', 'dom_perc', 'int_perc')",0.557055872
"('bmi', 'life_exp', 'qol', 'num_play_dom', 'num_play_int', 'dom_int_mv_ratio')",0.557044952
"('power_rating', 'mv_usd', 'elo_rating', 'bmi', 'mv_play_dom', 'dom_int_mv_ratio', 'dom_perc')",0.557033387
"('power_rating', 'mv_usd', 'elo_rating', 'bmi', 'mv_play_dom', 'dom_int_mv_ratio', 'int_perc')",0.557033387
"('power_rating', 'mv_usd', 'elo_rating', 'bmi', 'mv_play_dom', 'dom_int_mv_ratio', 'dom_perc', 'int_perc')",0.557033387
"('power_rating', 'gdp_usd', 'mv_usd', 'bmi', 'mv_play_dom', 'num_play_dom', 'mv_play_int', 'dom_int_mv_ratio')",0.55701748
"('power_rating', 'gdp_usd', 'elo_rating', 'bmi', 'qol', 'mv_play_dom', 'num_play_dom', 'num_play_int', 'dom_int_mv_ratio')",0.556884499
"('power_rating', 'elo_rating', 'bmi', 'life_exp', 'qol', 'mv_play_dom', 'num_play_dom', 'dom_int_mv_ratio')",0.556857822
"('power_rating', 'elo_rating', 'life_exp', 'qol', 'mv_play_dom', 'num_play_dom', 'dom_int_mv_ratio')",0.556854306
"('power_rating', 'elo_rating', 'bmi', 'mv_play_dom', 'mv_play_int', 'dom_perc')",0.556830311
"('power_rating', 'elo_rating', 'bmi', 'mv_play_dom', 'mv_play_int', 'int_perc')",0.556830311
"('power_rating', 'elo_rating', 'bmi', 'mv_play_dom', 'mv_play_int', 'dom_perc', 'int_perc')",0.556830311
"('power_rating', 'mv_usd', 'elo_rating', 'life_exp', 'qol', 'dom_perc')",0.556820497
"('power_rating', 'mv_usd', 'elo_rating', 'life_exp', 'qol', 'int_perc')",0.556820497
"('power_rating', 'mv_usd', 'elo_rating', 'life_exp', 'qol', 'dom_perc', 'int_perc')",0.556820497
"('power_rating', 'elo_rating', 'bmi', 'mv_play_int', 'dom_perc')",0.556791512
"('power_rating', 'elo_rating', 'bmi', 'mv_play_int', 'int_perc')",0.556791512
"('power_rating', 'elo_rating', 'bmi', 'mv_play_int', 'dom_perc', 'int_perc')",0.556791512
"('power_rating', 'gdp_usd', 'mv_usd', 'bmi', 'num_play_dom', 'mv_play_int', 'dom_int_mv_ratio')",0.556788002
"('power_rating', 'gdp_usd', 'elo_rating', 'qol', 'mv_play_dom', 'num_play_dom', 'num_play_int', 'dom_int_mv_ratio')",0.556761771
"('life_exp', 'qol', 'mv_play_int', 'num_play_int', 'dom_perc')",0.556595331
"('life_exp', 'qol', 'mv_play_int', 'num_play_int', 'int_perc')",0.556595331
"('life_exp', 'qol', 'mv_play_int', 'num_play_int', 'dom_perc', 'int_perc')",0.556595331
"('power_rating', 'mv_usd', 'elo_rating', 'bmi', 'life_exp', 'mv_play_dom', 'num_play_dom', 'dom_perc')",0.556580574
"('power_rating', 'mv_usd', 'elo_rating', 'bmi', 'life_exp', 'mv_play_dom', 'num_play_dom', 'int_perc')",0.556580574
"('power_rating', 'mv_usd', 'elo_rating', 'bmi', 'life_exp', 'mv_play_dom', 'num_play_dom', 'dom_perc', 'int_perc')",0.556580574
"('power_rating', 'mv_usd', 'bmi', 'life_exp', 'qol', 'mv_play_dom', 'mv_play_int')",0.556566213
"('power_rating', 'mv_usd', 'elo_rating', 'bmi', 'life_exp', 'mv_play_dom', 'dom_perc')",0.556532473
"('power_rating', 'mv_usd', 'elo_rating', 'bmi', 'life_exp', 'mv_play_dom', 'int_perc')",0.556532473
"('power_rating', 'mv_usd', 'elo_rating', 'bmi', 'life_exp', 'mv_play_dom', 'dom_perc', 'int_perc')",0.556532473
"('life_exp', 'qol', 'num_play_int', 'dom_perc')",0.556473369
"('life_exp', 'qol', 'num_play_int', 'int_perc')",0.556473369
"('life_exp', 'qol', 'num_play_int', 'dom_perc', 'int_perc')",0.556473369
"('power_rating', 'gdp_usd', 'mv_usd', 'elo_rating', 'bmi', 'num_play_int', 'dom_perc')",0.556464337
"('power_rating', 'gdp_usd', 'mv_usd', 'elo_rating', 'bmi', 'num_play_int', 'int_perc')",0.556464337
"('power_rating', 'gdp_usd', 'mv_usd', 'elo_rating', 'bmi', 'num_play_int', 'dom_perc', 'int_perc')",0.556464337
"('elo_rating', 'bmi', 'mv_play_int', 'dom_int_mv_ratio', 'dom_perc')",0.556432509
"('elo_rating', 'bmi', 'mv_play_int', 'dom_int_mv_ratio', 'int_perc')",0.556432509
"('elo_rating', 'bmi', 'mv_play_int', 'dom_int_mv_ratio', 'dom_perc', 'int_perc')",0.556432509
"('power_rating', 'gdp_usd', 'mv_usd', 'elo_rating', 'life_exp', 'mv_play_dom', 'num_play_dom', 'num_play_int', 'dom_int_mv_ratio')",0.556387511
"('power_rating', 'gdp_usd', 'mv_usd', 'mv_play_dom', 'mv_play_int', 'num_play_int')",0.556377611
"('power_rating', 'mv_usd', 'mv_play_dom', 'mv_play_int', 'num_play_int')",0.556377504
"('power_rating', 'gdp_usd', 'mv_usd', 'elo_rating', 'mv_play_int', 'dom_int_mv_ratio', 'dom_perc')",0.556318912
"('power_rating', 'gdp_usd', 'mv_usd', 'elo_rating', 'mv_play_int', 'dom_int_mv_ratio', 'int_perc')",0.556318912
"('power_rating', 'gdp_usd', 'mv_usd', 'elo_rating', 'mv_play_int', 'dom_int_mv_ratio', 'dom_perc', 'int_perc')",0.556318912
"('power_rating', 'qol', 'mv_play_int', 'dom_int_mv_ratio', 'dom_perc')",0.556280067
"('power_rating', 'qol', 'mv_play_int', 'dom_int_mv_ratio', 'int_perc')",0.556280067
"('power_rating', 'qol', 'mv_play_int', 'dom_int_mv_ratio', 'dom_perc', 'int_perc')",0.556280067
"('power_rating', 'elo_rating', 'bmi', 'qol', 'mv_play_dom', 'num_play_dom', 'num_play_int', 'dom_int_mv_ratio')",0.556257614
"('power_rating', 'mv_usd', 'elo_rating', 'mv_play_int', 'dom_int_mv_ratio', 'dom_perc')",0.556251716
"('power_rating', 'mv_usd', 'elo_rating', 'mv_play_int', 'dom_int_mv_ratio', 'int_perc')",0.556251716
"('power_rating', 'mv_usd', 'elo_rating', 'mv_play_int', 'dom_int_mv_ratio', 'dom_perc', 'int_perc')",0.556251716
"('power_rating', 'elo_rating', 'qol', 'mv_play_dom', 'num_play_dom', 'num_play_int', 'dom_int_mv_ratio')",0.556198015
"('power_rating', 'mv_usd', 'life_exp', 'qol', 'mv_play_dom', 'mv_play_int', 'dom_int_mv_ratio')",0.556155106
"('power_rating', 'gdp_usd', 'bmi', 'mv_play_dom', 'num_play_dom', 'mv_play_int', 'dom_int_mv_ratio')",0.55614465
"('power_rating', 'gdp_usd', 'mv_usd', 'elo_rating', 'life_exp', 'mv_play_dom', 'num_play_dom', 'dom_int_mv_ratio')",0.556112901
"('bmi', 'life_exp', 'qol', 'mv_play_dom', 'num_play_dom', 'mv_play_int', 'dom_perc')",0.556085332
"('bmi', 'life_exp', 'qol', 'mv_play_dom', 'num_play_dom', 'mv_play_int', 'int_perc')",0.556085332
"('bmi', 'life_exp', 'qol', 'mv_play_dom', 'num_play_dom', 'mv_play_int', 'dom_perc', 'int_perc')",0.556085332
"('power_rating', 'gdp_usd', 'mv_usd', 'elo_rating', 'bmi', 'qol', 'dom_perc')",0.555865085
"('power_rating', 'gdp_usd', 'mv_usd', 'elo_rating', 'bmi', 'qol', 'int_perc')",0.555865085
"('power_rating', 'gdp_usd', 'mv_usd', 'elo_rating', 'bmi', 'qol', 'dom_perc', 'int_perc')",0.555865085
"('life_exp', 'qol', 'mv_play_dom', 'mv_play_int', 'num_play_int')",0.555803762
"('power_rating', 'bmi', 'life_exp', 'qol', 'num_play_dom', 'mv_play_int')",0.555802466
"('bmi', 'life_exp', 'qol', 'num_play_dom', 'mv_play_int', 'dom_int_mv_ratio', 'dom_perc')",0.555788597
"('bmi', 'life_exp', 'qol', 'num_play_dom', 'mv_play_int', 'dom_int_mv_ratio', 'int_perc')",0.555788597
"('bmi', 'life_exp', 'qol', 'num_play_dom', 'mv_play_int', 'dom_int_mv_ratio', 'dom_perc', 'int_perc')",0.555788597
"('power_rating', 'life_exp', 'num_play_dom', 'mv_play_int', 'dom_int_mv_ratio')",0.555769121
"('power_rating', 'mv_usd', 'bmi', 'qol', 'mv_play_int', 'dom_int_mv_ratio')",0.555747444
"('power_rating', 'gdp_usd', 'mv_usd', 'mv_play_int', 'num_play_int', 'dom_int_mv_ratio')",0.555734868
"('power_rating', 'gdp_usd', 'mv_usd', 'bmi', 'qol', 'mv_play_dom', 'num_play_int', 'dom_int_mv_ratio', 'dom_perc')",0.555609897
"('power_rating', 'gdp_usd', 'mv_usd', 'bmi', 'qol', 'mv_play_dom', 'num_play_int', 'dom_int_mv_ratio', 'int_perc')",0.555609897
"('power_rating', 'gdp_usd', 'mv_usd', 'bmi', 'qol', 'mv_play_dom', 'num_play_int', 'dom_int_mv_ratio', 'dom_perc', 'int_perc')",0.555609897
"('power_rating', 'num_play_dom', 'mv_play_int', 'num_play_int')",0.55557148
"('power_rating', 'life_exp', 'qol', 'num_play_dom', 'mv_play_int')",0.555560144
"('power_rating', 'mv_usd', 'qol', 'mv_play_dom', 'mv_play_int', 'dom_int_mv_ratio')",0.555537365
"('power_rating', 'mv_usd', 'elo_rating', 'bmi', 'qol', 'num_play_dom', 'dom_perc')",0.555535691
"('power_rating', 'mv_usd', 'elo_rating', 'bmi', 'qol', 'num_play_dom', 'int_perc')",0.555535691
"('power_rating', 'mv_usd', 'elo_rating', 'bmi', 'qol', 'num_play_dom', 'dom_perc', 'int_perc')",0.555535691
"('power_rating', 'mv_usd', 'mv_play_int', 'num_play_int', 'dom_int_mv_ratio')",0.555515561
"('bmi', 'life_exp', 'qol', 'mv_play_dom', 'num_play_dom', 'mv_play_int')",0.555506676
"('power_rating', 'bmi', 'life_exp', 'qol', 'mv_play_dom', 'mv_play_int', 'dom_perc')",0.555491559
"('power_rating', 'bmi', 'life_exp', 'qol', 'mv_play_dom', 'mv_play_int', 'int_perc')",0.555491559
"('power_rating', 'bmi', 'life_exp', 'qol', 'mv_play_dom', 'mv_play_int', 'dom_perc', 'int_perc')",0.555491559
"('power_rating', 'gdp_usd', 'mv_usd', 'life_exp', 'qol', 'mv_play_dom', 'num_play_int', 'dom_int_mv_ratio', 'dom_perc')",0.55542587
"('power_rating', 'gdp_usd', 'mv_usd', 'life_exp', 'qol', 'mv_play_dom', 'num_play_int', 'dom_int_mv_ratio', 'int_perc')",0.55542587
"('power_rating', 'gdp_usd', 'mv_usd', 'life_exp', 'qol', 'mv_play_dom', 'num_play_int', 'dom_int_mv_ratio', 'dom_perc', 'int_perc')",0.55542587
"('power_rating', 'gdp_usd', 'elo_rating', 'bmi', 'qol', 'num_play_int', 'dom_perc')",0.555411507
"('power_rating', 'gdp_usd', 'elo_rating', 'bmi', 'qol', 'num_play_int', 'int_perc')",0.555411507
"('power_rating', 'gdp_usd', 'elo_rating', 'bmi', 'qol', 'num_play_int', 'dom_perc', 'int_perc')",0.555411507
"('power_rating', 'mv_usd', 'elo_rating', 'mv_play_dom', 'mv_play_int', 'dom_int_mv_ratio')",0.555374226
"('power_rating', 'gdp_usd', 'life_exp', 'qol', 'mv_play_dom', 'num_play_int', 'dom_int_mv_ratio', 'dom_perc')",0.555371017
"('power_rating', 'gdp_usd', 'life_exp', 'qol', 'mv_play_dom', 'num_play_int', 'dom_int_mv_ratio', 'int_perc')",0.555371017
"('power_rating', 'gdp_usd', 'life_exp', 'qol', 'mv_play_dom', 'num_play_int', 'dom_int_mv_ratio', 'dom_perc', 'int_perc')",0.555371017
"('power_rating', 'gdp_usd', 'mv_usd', 'bmi', 'qol', 'num_play_int', 'dom_int_mv_ratio', 'dom_perc')",0.555353533
"('power_rating', 'gdp_usd', 'mv_usd', 'bmi', 'qol', 'num_play_int', 'dom_int_mv_ratio', 'int_perc')",0.555353533
"('power_rating', 'gdp_usd', 'mv_usd', 'bmi', 'qol', 'num_play_int', 'dom_int_mv_ratio', 'dom_perc', 'int_perc')",0.555353533
"('power_rating', 'gdp_usd', 'elo_rating', 'bmi', 'life_exp', 'qol', 'mv_play_dom', 'num_play_dom', 'dom_perc')",0.555348299
"('power_rating', 'gdp_usd', 'elo_rating', 'bmi', 'life_exp', 'qol', 'mv_play_dom', 'num_play_dom', 'int_perc')",0.555348299
"('power_rating', 'gdp_usd', 'elo_rating', 'bmi', 'life_exp', 'qol', 'mv_play_dom', 'num_play_dom', 'dom_perc', 'int_perc')",0.555348299
"('power_rating', 'gdp_usd', 'elo_rating', 'bmi', 'qol', 'mv_play_dom', 'num_play_dom', 'dom_int_mv_ratio')",0.555320057
"('bmi', 'life_exp', 'qol', 'mv_play_dom', 'num_play_dom', 'dom_perc')",0.555319306
"('bmi', 'life_exp', 'qol', 'mv_play_dom', 'num_play_dom', 'int_perc')",0.555319306
"('bmi', 'life_exp', 'qol', 'mv_play_dom', 'num_play_dom', 'dom_perc', 'int_perc')",0.555319306
"('power_rating', 'mv_usd', 'bmi', 'mv_play_dom', 'num_play_dom', 'mv_play_int', 'dom_int_mv_ratio')",0.555296578
"('power_rating', 'gdp_usd', 'elo_rating', 'life_exp', 'qol', 'mv_play_dom', 'num_play_dom', 'dom_perc')",0.555227422
"('power_rating', 'gdp_usd', 'elo_rating', 'life_exp', 'qol', 'mv_play_dom', 'num_play_dom', 'int_perc')",0.555227422
"('power_rating', 'gdp_usd', 'elo_rating', 'life_exp', 'qol', 'mv_play_dom', 'num_play_dom', 'dom_perc', 'int_perc')",0.555227422
"('power_rating', 'gdp_usd', 'elo_rating', 'bmi', 'life_exp', 'mv_play_dom', 'num_play_dom', 'num_play_int', 'dom_int_mv_ratio')",0.555227415
"('bmi', 'life_exp', 'qol', 'num_play_dom', 'mv_play_int', 'num_play_int', 'dom_perc')",0.555224854
"('bmi', 'life_exp', 'qol', 'num_play_dom', 'mv_play_int', 'num_play_int', 'int_perc')",0.555224854
"('bmi', 'life_exp', 'qol', 'num_play_dom', 'mv_play_int', 'num_play_int', 'dom_perc', 'int_perc')",0.555224854
"('bmi', 'life_exp', 'qol', 'num_play_dom', 'num_play_int', 'dom_perc')",0.555217705
"('bmi', 'life_exp', 'qol', 'num_play_dom', 'num_play_int', 'int_perc')",0.555217705
"('bmi', 'life_exp', 'qol', 'num_play_dom', 'num_play_int', 'dom_perc', 'int_perc')",0.555217705
"('bmi', 'life_exp', 'qol', 'num_play_dom', 'mv_play_int', 'num_play_int')",0.555106215
"('bmi', 'life_exp', 'qol', 'num_play_dom', 'num_play_int')",0.555106154
"('power_rating', 'gdp_usd', 'elo_rating', 'bmi', 'life_exp', 'qol', 'num_play_dom', 'dom_perc')",0.555089216
"('power_rating', 'gdp_usd', 'elo_rating', 'bmi', 'life_exp', 'qol', 'num_play_dom', 'int_perc')",0.555089216
"('power_rating', 'gdp_usd', 'elo_rating', 'bmi', 'life_exp', 'qol', 'num_play_dom', 'dom_perc', 'int_perc')",0.555089216
"('power_rating', 'bmi', 'mv_play_dom', 'num_play_dom', 'mv_play_int', 'dom_int_mv_ratio')",0.555076331
"('power_rating', 'gdp_usd', 'elo_rating', 'life_exp', 'qol', 'num_play_dom', 'dom_perc')",0.555011161
"('power_rating', 'gdp_usd', 'elo_rating', 'life_exp', 'qol', 'num_play_dom', 'int_perc')",0.555011161
"('power_rating', 'gdp_usd', 'elo_rating', 'life_exp', 'qol', 'num_play_dom', 'dom_perc', 'int_perc')",0.555011161
"('power_rating', 'gdp_usd', 'mv_usd', 'elo_rating', 'life_exp', 'qol', 'mv_play_dom', 'num_play_int', 'dom_int_mv_ratio')",0.554993441
"('power_rating', 'gdp_usd', 'mv_usd', 'elo_rating', 'qol', 'mv_play_dom', 'num_play_int', 'dom_int_mv_ratio')",0.55499052
"('power_rating', 'bmi', 'qol', 'mv_play_dom', 'mv_play_int', 'dom_int_mv_ratio')",0.554972556
"('power_rating', 'gdp_usd', 'elo_rating', 'bmi', 'life_exp', 'mv_play_dom', 'num_play_dom', 'dom_int_mv_ratio')",0.554911127
"('power_rating', 'bmi', 'qol', 'mv_play_int', 'dom_int_mv_ratio')",0.554900843
"('power_rating', 'gdp_usd', 'elo_rating', 'qol', 'mv_play_dom', 'num_play_dom', 'dom_int_mv_ratio')",0.554900176
"('mv_play_dom', 'num_play_dom', 'mv_play_int', 'num_play_int')",0.554738231
"('power_rating', 'life_exp', 'qol', 'mv_play_dom', 'mv_play_int', 'dom_perc')",0.554682146
"('power_rating', 'life_exp', 'qol', 'mv_play_dom', 'mv_play_int', 'int_perc')",0.554682146
"('power_rating', 'life_exp', 'qol', 'mv_play_dom', 'mv_play_int', 'dom_perc', 'int_perc')",0.554682146
"('elo_rating', 'bmi', 'mv_play_dom')",0.554647979
"('power_rating', 'gdp_usd', 'elo_rating', 'mv_play_int', 'num_play_int', 'dom_int_mv_ratio')",0.554629094
"('elo_rating', 'life_exp', 'mv_play_dom')",0.554623076
"('power_rating', 'elo_rating', 'mv_play_int', 'num_play_int', 'dom_int_mv_ratio')",0.554525649
"('elo_rating', 'bmi', 'life_exp', 'mv_play_int', 'dom_perc')",0.554475019
"('elo_rating', 'bmi', 'life_exp', 'mv_play_int', 'int_perc')",0.554475019
"('elo_rating', 'bmi', 'life_exp', 'mv_play_int', 'dom_perc', 'int_perc')",0.554475019
"('power_rating', 'gdp_usd', 'elo_rating', 'life_exp', 'mv_play_dom', 'num_play_dom', 'num_play_int', 'dom_int_mv_ratio')",0.55444463
"('power_rating', 'gdp_usd', 'elo_rating', 'mv_play_dom', 'mv_play_int', 'num_play_int')",0.554439306
"('power_rating', 'mv_usd', 'elo_rating', 'bmi', 'mv_play_dom', 'mv_play_int')",0.55443425
"('bmi', 'life_exp', 'qol', 'num_play_dom', 'dom_int_mv_ratio', 'dom_perc')",0.554399146
"('bmi', 'life_exp', 'qol', 'num_play_dom', 'dom_int_mv_ratio', 'int_perc')",0.554399146
"('bmi', 'life_exp', 'qol', 'num_play_dom', 'dom_int_mv_ratio', 'dom_perc', 'int_perc')",0.554399146
"('power_rating', 'mv_usd', 'bmi', 'qol', 'mv_play_dom', 'mv_play_int')",0.554304625
"('power_rating', 'mv_usd', 'bmi', 'num_play_dom', 'mv_play_int', 'dom_int_mv_ratio')",0.554125574
"('power_rating', 'gdp_usd', 'elo_rating', 'life_exp', 'mv_play_dom', 'num_play_dom', 'dom_int_mv_ratio')",0.554123448
"('power_rating', 'mv_usd', 'elo_rating', 'bmi', 'qol', 'dom_perc')",0.554068501
"('power_rating', 'mv_usd', 'elo_rating', 'bmi', 'qol', 'int_perc')",0.554068501
"('power_rating', 'mv_usd', 'elo_rating', 'bmi', 'qol', 'dom_perc', 'int_perc')",0.554068501
"('power_rating', 'mv_usd', 'elo_rating', 'qol', 'num_play_dom', 'dom_perc')",0.554043688
"('power_rating', 'mv_usd', 'elo_rating', 'qol', 'num_play_dom', 'int_perc')",0.554043688
"('power_rating', 'mv_usd', 'elo_rating', 'qol', 'num_play_dom', 'dom_perc', 'int_perc')",0.554043688
"('power_rating', 'elo_rating', 'mv_play_dom', 'mv_play_int', 'num_play_int')",0.554030791
"('power_rating', 'gdp_usd', 'elo_rating', 'mv_play_int', 'dom_int_mv_ratio', 'dom_perc')",0.553874212
"('power_rating', 'gdp_usd', 'elo_rating', 'mv_play_int', 'dom_int_mv_ratio', 'int_perc')",0.553874212
"('power_rating', 'gdp_usd', 'elo_rating', 'mv_play_int', 'dom_int_mv_ratio', 'dom_perc', 'int_perc')",0.553874212
"('power_rating', 'gdp_usd', 'mv_usd', 'life_exp', 'qol', 'num_play_int', 'dom_int_mv_ratio', 'dom_perc')",0.553802731
"('power_rating', 'gdp_usd', 'mv_usd', 'life_exp', 'qol', 'num_play_int', 'dom_int_mv_ratio', 'int_perc')",0.553802731
"('power_rating', 'gdp_usd', 'mv_usd', 'life_exp', 'qol', 'num_play_int', 'dom_int_mv_ratio', 'dom_perc', 'int_perc')",0.553802731
"('power_rating', 'gdp_usd', 'mv_usd', 'elo_rating', 'mv_play_dom', 'num_play_int', 'dom_int_mv_ratio', 'dom_perc')",0.553761451
"('power_rating', 'gdp_usd', 'mv_usd', 'elo_rating', 'mv_play_dom', 'num_play_int', 'dom_int_mv_ratio', 'int_perc')",0.553761451
"('power_rating', 'gdp_usd', 'mv_usd', 'elo_rating', 'mv_play_dom', 'num_play_int', 'dom_int_mv_ratio', 'dom_perc', 'int_perc')",0.553761451
"('power_rating', 'mv_usd', 'bmi', 'life_exp', 'qol', 'mv_play_int')",0.553737042
"('power_rating', 'mv_usd', 'life_exp', 'qol', 'mv_play_dom', 'mv_play_int')",0.553709571
"('power_rating', 'mv_usd', 'elo_rating', 'bmi', 'life_exp', 'mv_play_dom', 'num_play_dom', 'num_play_int', 'dom_int_mv_ratio')",0.553707409
"('bmi', 'life_exp', 'qol', 'mv_play_dom', 'mv_play_int', 'num_play_int', 'dom_perc')",0.553684849
"('bmi', 'life_exp', 'qol', 'mv_play_dom', 'mv_play_int', 'num_play_int', 'int_perc')",0.553684849
"('bmi', 'life_exp', 'qol', 'mv_play_dom', 'mv_play_int', 'num_play_int', 'dom_perc', 'int_perc')",0.553684849
"('power_rating', 'elo_rating', 'bmi', 'life_exp', 'qol', 'mv_play_dom', 'num_play_dom', 'dom_perc')",0.553678589
"('power_rating', 'elo_rating', 'bmi', 'life_exp', 'qol', 'mv_play_dom', 'num_play_dom', 'int_perc')",0.553678589
"('power_rating', 'elo_rating', 'bmi', 'life_exp', 'qol', 'mv_play_dom', 'num_play_dom', 'dom_perc', 'int_perc')",0.553678589
"('elo_rating', 'mv_play_dom')",0.553659626
"('power_rating', 'mv_usd', 'elo_rating', 'bmi', 'life_exp', 'mv_play_dom', 'num_play_dom', 'dom_int_mv_ratio')",0.553607138
"('power_rating', 'gdp_usd', 'bmi', 'num_play_dom', 'mv_play_int', 'dom_perc')",0.553601439
"('power_rating', 'gdp_usd', 'bmi', 'num_play_dom', 'mv_play_int', 'int_perc')",0.553601439
"('power_rating', 'gdp_usd', 'bmi', 'num_play_dom', 'mv_play_int', 'dom_perc', 'int_perc')",0.553601439
"('power_rating', 'bmi', 'life_exp', 'qol', 'mv_play_dom', 'num_play_int', 'dom_int_mv_ratio', 'dom_perc')",0.553568751
"('power_rating', 'bmi', 'life_exp', 'qol', 'mv_play_dom', 'num_play_int', 'dom_int_mv_ratio', 'int_perc')",0.553568751
"('power_rating', 'bmi', 'life_exp', 'qol', 'mv_play_dom', 'num_play_int', 'dom_int_mv_ratio', 'dom_perc', 'int_perc')",0.553568751
"('power_rating', 'gdp_usd', 'bmi', 'qol', 'mv_play_dom', 'num_play_int', 'dom_int_mv_ratio', 'dom_perc')",0.553560722
"('power_rating', 'gdp_usd', 'bmi', 'qol', 'mv_play_dom', 'num_play_int', 'dom_int_mv_ratio', 'int_perc')",0.553560722
"('power_rating', 'gdp_usd', 'bmi', 'qol', 'mv_play_dom', 'num_play_int', 'dom_int_mv_ratio', 'dom_perc', 'int_perc')",0.553560722
"('power_rating', 'elo_rating', 'bmi', 'life_exp', 'qol', 'num_play_dom', 'dom_perc')",0.553548085
"('power_rating', 'elo_rating', 'bmi', 'life_exp', 'qol', 'num_play_dom', 'int_perc')",0.553548085
"('power_rating', 'elo_rating', 'bmi', 'life_exp', 'qol', 'num_play_dom', 'dom_perc', 'int_perc')",0.553548085
"('power_rating', 'bmi', 'num_play_dom', 'mv_play_int', 'dom_perc')",0.55353624
"('power_rating', 'bmi', 'num_play_dom', 'mv_play_int', 'int_perc')",0.55353624
"('power_rating', 'bmi', 'num_play_dom', 'mv_play_int', 'dom_perc', 'int_perc')",0.55353624
"('power_rating', 'elo_rating', 'life_exp', 'qol', 'mv_play_dom', 'num_play_dom', 'dom_perc')",0.553530729
"('power_rating', 'elo_rating', 'life_exp', 'qol', 'mv_play_dom', 'num_play_dom', 'int_perc')",0.553530729
"('power_rating', 'elo_rating', 'life_exp', 'qol', 'mv_play_dom', 'num_play_dom', 'dom_perc', 'int_perc')",0.553530729
"('power_rating', 'elo_rating', 'life_exp', 'qol', 'num_play_dom', 'dom_perc')",0.553435157
"('power_rating', 'elo_rating', 'life_exp', 'qol', 'num_play_dom', 'int_perc')",0.553435157
"('power_rating', 'elo_rating', 'life_exp', 'qol', 'num_play_dom', 'dom_perc', 'int_perc')",0.553435157
"('power_rating', 'elo_rating', 'mv_play_int', 'dom_int_mv_ratio', 'dom_perc')",0.553423411
"('power_rating', 'elo_rating', 'mv_play_int', 'dom_int_mv_ratio', 'int_perc')",0.553423411
"('power_rating', 'elo_rating', 'mv_play_int', 'dom_int_mv_ratio', 'dom_perc', 'int_perc')",0.553423411
"('power_rating', 'mv_usd', 'life_exp', 'qol', 'mv_play_int', 'dom_int_mv_ratio')",0.553323036
"('power_rating', 'gdp_usd', 'mv_usd', 'elo_rating', 'life_exp', 'mv_play_dom', 'num_play_dom', 'dom_perc')",0.553198046
"('power_rating', 'gdp_usd', 'mv_usd', 'elo_rating', 'life_exp', 'mv_play_dom', 'num_play_dom', 'int_perc')",0.553198046
"('power_rating', 'gdp_usd', 'mv_usd', 'elo_rating', 'life_exp', 'mv_play_dom', 'num_play_dom', 'dom_perc', 'int_perc')",0.553198046
"('power_rating', 'gdp_usd', 'elo_rating', 'bmi', 'mv_play_dom', 'num_play_dom', 'dom_int_mv_ratio', 'dom_perc')",0.553153555
"('power_rating', 'gdp_usd', 'elo_rating', 'bmi', 'mv_play_dom', 'num_play_dom', 'dom_int_mv_ratio', 'int_perc')",0.553153555
"('power_rating', 'gdp_usd', 'elo_rating', 'bmi', 'mv_play_dom', 'num_play_dom', 'dom_int_mv_ratio', 'dom_perc', 'int_perc')",0.553153555
"('bmi', 'life_exp', 'qol', 'mv_play_dom', 'num_play_dom')",0.553151861
"('power_rating', 'gdp_usd', 'mv_play_int', 'num_play_int', 'dom_int_mv_ratio')",0.553147668
"('power_rating', 'mv_play_int', 'num_play_int', 'dom_int_mv_ratio')",0.553136626
"('power_rating', 'gdp_usd', 'elo_rating', 'mv_play_dom', 'num_play_int', 'dom_int_mv_ratio', 'dom_perc')",0.55311447
"('power_rating', 'gdp_usd', 'elo_rating', 'mv_play_dom', 'num_play_int', 'dom_int_mv_ratio', 'int_perc')",0.55311447
"('power_rating', 'gdp_usd', 'elo_rating', 'mv_play_dom', 'num_play_int', 'dom_int_mv_ratio', 'dom_perc', 'int_perc')",0.55311447
"('power_rating', 'gdp_usd', 'mv_usd', 'bmi', 'mv_play_dom', 'num_play_dom', 'mv_play_int')",0.553082009
"('power_rating', 'gdp_usd', 'mv_usd', 'bmi', 'num_play_dom', 'mv_play_int')",0.553078358
"('power_rating', 'gdp_usd', 'mv_usd', 'elo_rating', 'bmi', 'life_exp', 'qol', 'mv_play_dom', 'dom_int_mv_ratio')",0.553054698
"('power_rating', 'elo_rating', 'bmi', 'qol', 'num_play_int', 'dom_perc')",0.553004261
"('power_rating', 'elo_rating', 'bmi', 'qol', 'num_play_int', 'int_perc')",0.553004261
"('power_rating', 'elo_rating', 'bmi', 'qol', 'num_play_int', 'dom_perc', 'int_perc')",0.553004261
"('bmi', 'life_exp', 'qol', 'num_play_dom', 'mv_play_int', 'dom_perc')",0.552993075
"('bmi', 'life_exp', 'qol', 'num_play_dom', 'mv_play_int', 'int_perc')",0.552993075
"('bmi', 'life_exp', 'qol', 'num_play_dom', 'mv_play_int', 'dom_perc', 'int_perc')",0.552993075
"('bmi', 'life_exp', 'qol', 'num_play_dom', 'dom_perc')",0.552948103
"('bmi', 'life_exp', 'qol', 'num_play_dom', 'int_perc')",0.552948103
"('bmi', 'life_exp', 'qol', 'num_play_dom', 'dom_perc', 'int_perc')",0.552948103
"('power_rating', 'mv_usd', 'elo_rating', 'bmi', 'life_exp', 'qol', 'mv_play_dom', 'num_play_int', 'dom_int_mv_ratio')",0.552931871
"('power_rating', 'mv_usd', 'bmi', 'qol', 'mv_play_dom', 'num_play_int', 'dom_int_mv_ratio', 'dom_perc')",0.552824722
"('power_rating', 'mv_usd', 'bmi', 'qol', 'mv_play_dom', 'num_play_int', 'dom_int_mv_ratio', 'int_perc')",0.552824722
"('power_rating', 'mv_usd', 'bmi', 'qol', 'mv_play_dom', 'num_play_int', 'dom_int_mv_ratio', 'dom_perc', 'int_perc')",0.552824722
"('power_rating', 'mv_usd', 'bmi', 'qol', 'num_play_int', 'dom_int_mv_ratio', 'dom_perc')",0.552822091
"('power_rating', 'mv_usd', 'bmi', 'qol', 'num_play_int', 'dom_int_mv_ratio', 'int_perc')",0.552822091
"('power_rating', 'mv_usd', 'bmi', 'qol', 'num_play_int', 'dom_int_mv_ratio', 'dom_perc', 'int_perc')",0.552822091
"('power_rating', 'mv_usd', 'elo_rating', 'life_exp', 'mv_play_dom', 'num_play_dom', 'dom_perc')",0.552717415
"('power_rating', 'mv_usd', 'elo_rating', 'life_exp', 'mv_play_dom', 'num_play_dom', 'int_perc')",0.552717415
"('power_rating', 'mv_usd', 'elo_rating', 'life_exp', 'mv_play_dom', 'num_play_dom', 'dom_perc', 'int_perc')",0.552717415
"('power_rating', 'elo_rating', 'bmi', 'mv_play_dom', 'num_play_dom', 'dom_int_mv_ratio', 'dom_perc')",0.552706676
"('power_rating', 'elo_rating', 'bmi', 'mv_play_dom', 'num_play_dom', 'dom_int_mv_ratio', 'int_perc')",0.552706676
"('power_rating', 'elo_rating', 'bmi', 'mv_play_dom', 'num_play_dom', 'dom_int_mv_ratio', 'dom_perc', 'int_perc')",0.552706676
"('power_rating', 'elo_rating', 'bmi', 'qol', 'mv_play_dom', 'num_play_dom', 'dom_int_mv_ratio')",0.55270576
"('power_rating', 'mv_usd', 'qol', 'mv_play_dom', 'mv_play_int')",0.552693846
"('power_rating', 'life_exp', 'qol', 'mv_play_dom', 'mv_play_int', 'dom_int_mv_ratio')",0.552553463
"('power_rating', 'life_exp', 'qol', 'mv_play_int', 'dom_int_mv_ratio')",0.552506328
"('power_rating', 'elo_rating', 'qol', 'mv_play_dom', 'num_play_dom', 'dom_int_mv_ratio')",0.552348263
"('power_rating', 'gdp_usd', 'mv_usd', 'elo_rating', 'mv_play_dom', 'num_play_dom', 'mv_play_int', 'dom_perc')",0.552315835
"('power_rating', 'gdp_usd', 'mv_usd', 'elo_rating', 'mv_play_dom', 'num_play_dom', 'mv_play_int', 'int_perc')",0.552315835
"('power_rating', 'gdp_usd', 'mv_usd', 'elo_rating', 'mv_play_dom', 'num_play_dom', 'mv_play_int', 'dom_perc', 'int_perc')",0.552315835
"('power_rating', 'mv_usd', 'qol', 'mv_play_int', 'dom_int_mv_ratio')",0.552296841
"('power_rating', 'mv_usd', 'elo_rating', 'mv_play_dom', 'num_play_dom', 'mv_play_int', 'dom_perc')",0.552271246
"('power_rating', 'mv_usd', 'elo_rating', 'mv_play_dom', 'num_play_dom', 'mv_play_int', 'int_perc')",0.552271246
"('power_rating', 'mv_usd', 'elo_rating', 'mv_play_dom', 'num_play_dom', 'mv_play_int', 'dom_perc', 'int_perc')",0.552271246
"('power_rating', 'gdp_usd', 'elo_rating', 'bmi', 'mv_play_dom', 'dom_int_mv_ratio', 'dom_perc')",0.552095679
"('power_rating', 'gdp_usd', 'elo_rating', 'bmi', 'mv_play_dom', 'dom_int_mv_ratio', 'int_perc')",0.552095679
"('power_rating', 'gdp_usd', 'elo_rating', 'bmi', 'mv_play_dom', 'dom_int_mv_ratio', 'dom_perc', 'int_perc')",0.552095679
"('power_rating', 'gdp_usd', 'elo_rating', 'mv_play_dom', 'mv_play_int', 'dom_int_mv_ratio')",0.552066964
"('power_rating', 'elo_rating', 'bmi', 'mv_play_dom', 'dom_int_mv_ratio', 'dom_perc')",0.552065933
"('power_rating', 'elo_rating', 'bmi', 'mv_play_dom', 'dom_int_mv_ratio', 'int_perc')",0.552065933
"('power_rating', 'elo_rating', 'bmi', 'mv_play_dom', 'dom_int_mv_ratio', 'dom_perc', 'int_perc')",0.552065933
"('life_exp', 'qol', 'mv_play_dom', 'num_play_int', 'dom_int_mv_ratio')",0.552061618
"('power_rating', 'elo_rating', 'life_exp', 'mv_play_dom', 'num_play_int', 'dom_perc')",0.552045195
"('power_rating', 'elo_rating', 'life_exp', 'mv_play_dom', 'num_play_int', 'int_perc')",0.552045195
"('power_rating', 'elo_rating', 'life_exp', 'mv_play_dom', 'num_play_int', 'dom_perc', 'int_perc')",0.552045195
"('power_rating', 'bmi', 'qol', 'mv_play_dom', 'mv_play_int', 'dom_perc')",0.551901704
"('power_rating', 'bmi', 'qol', 'mv_play_dom', 'mv_play_int', 'int_perc')",0.551901704
"('power_rating', 'bmi', 'qol', 'mv_play_dom', 'mv_play_int', 'dom_perc', 'int_perc')",0.551901704
"('power_rating', 'gdp_usd', 'mv_usd', 'elo_rating', 'life_exp', 'mv_play_dom', 'dom_perc')",0.55185853
"('power_rating', 'gdp_usd', 'mv_usd', 'elo_rating', 'life_exp', 'mv_play_dom', 'int_perc')",0.55185853
"('power_rating', 'gdp_usd', 'mv_usd', 'elo_rating', 'life_exp', 'mv_play_dom', 'dom_perc', 'int_perc')",0.55185853
"('power_rating', 'mv_usd', 'elo_rating', 'life_exp', 'mv_play_dom', 'dom_perc')",0.551856811
"('power_rating', 'mv_usd', 'elo_rating', 'life_exp', 'mv_play_dom', 'int_perc')",0.551856811
"('power_rating', 'mv_usd', 'elo_rating', 'life_exp', 'mv_play_dom', 'dom_perc', 'int_perc')",0.551856811
"('power_rating', 'qol', 'mv_play_dom', 'mv_play_int', 'dom_perc')",0.551809622
"('power_rating', 'qol', 'mv_play_dom', 'mv_play_int', 'int_perc')",0.551809622
"('power_rating', 'qol', 'mv_play_dom', 'mv_play_int', 'dom_perc', 'int_perc')",0.551809622
"('life_exp', 'qol', 'mv_play_dom', 'num_play_dom', 'num_play_int')",0.551797152
"('power_rating', 'mv_usd', 'elo_rating', 'life_exp', 'mv_play_dom', 'num_play_dom', 'num_play_int', 'dom_int_mv_ratio')",0.551714819
"('power_rating', 'gdp_usd', 'mv_usd', 'elo_rating', 'bmi', 'qol', 'mv_play_dom', 'dom_int_mv_ratio')",0.551705224
"('power_rating', 'gdp_usd', 'mv_usd', 'elo_rating', 'mv_play_dom', 'num_play_dom', 'mv_play_int')",0.551666742
"('power_rating', 'gdp_usd', 'mv_usd', 'life_exp', 'mv_play_dom', 'num_play_int', 'dom_int_mv_ratio', 'dom_perc')",0.551665318
"('power_rating', 'gdp_usd', 'mv_usd', 'life_exp', 'mv_play_dom', 'num_play_int', 'dom_int_mv_ratio', 'int_perc')",0.551665318
"('power_rating', 'gdp_usd', 'mv_usd', 'life_exp', 'mv_play_dom', 'num_play_int', 'dom_int_mv_ratio', 'dom_perc', 'int_perc')",0.551665318
"('power_rating', 'mv_usd', 'elo_rating', 'bmi', 'num_play_int', 'dom_perc')",0.551659037
"('power_rating', 'mv_usd', 'elo_rating', 'bmi', 'num_play_int', 'int_perc')",0.551659037
"('power_rating', 'mv_usd', 'elo_rating', 'bmi', 'num_play_int', 'dom_perc', 'int_perc')",0.551659037
"('power_rating', 'mv_usd', 'elo_rating', 'life_exp', 'mv_play_dom', 'num_play_dom', 'dom_int_mv_ratio')",0.551550869
"('power_rating', 'gdp_usd', 'elo_rating', 'bmi', 'life_exp', 'qol', 'mv_play_dom', 'dom_perc')",0.551517084
"('power_rating', 'gdp_usd', 'elo_rating', 'bmi', 'life_exp', 'qol', 'mv_play_dom', 'int_perc')",0.551517084
"('power_rating', 'gdp_usd', 'elo_rating', 'bmi', 'life_exp', 'qol', 'mv_play_dom', 'dom_perc', 'int_perc')",0.551517084
"('power_rating', 'elo_rating', 'bmi', 'life_exp', 'qol', 'mv_play_dom', 'dom_perc')",0.5514958
"('power_rating', 'elo_rating', 'bmi', 'life_exp', 'qol', 'mv_play_dom', 'int_perc')",0.5514958
"('power_rating', 'elo_rating', 'bmi', 'life_exp', 'qol', 'mv_play_dom', 'dom_perc', 'int_perc')",0.5514958
"('power_rating', 'gdp_usd', 'life_exp', 'mv_play_dom', 'num_play_int', 'dom_int_mv_ratio', 'dom_perc')",0.551472708
"('power_rating', 'gdp_usd', 'life_exp', 'mv_play_dom', 'num_play_int', 'dom_int_mv_ratio', 'int_perc')",0.551472708
"('power_rating', 'gdp_usd', 'life_exp', 'mv_play_dom', 'num_play_int', 'dom_int_mv_ratio', 'dom_perc', 'int_perc')",0.551472708
"('power_rating', 'qol', 'mv_play_dom', 'mv_play_int', 'dom_int_mv_ratio')",0.551470357
"('power_rating', 'qol', 'mv_play_int', 'dom_int_mv_ratio')",0.551434072
"('power_rating', 'mv_usd', 'elo_rating', 'mv_play_dom', 'num_play_dom', 'mv_play_int')",0.551417341
"('power_rating', 'mv_usd', 'elo_rating', 'bmi', 'life_exp', 'qol', 'mv_play_dom', 'dom_int_mv_ratio')",0.551324757
"('power_rating', 'gdp_usd', 'mv_usd', 'elo_rating', 'qol', 'dom_perc')",0.551294869
"('power_rating', 'gdp_usd', 'mv_usd', 'elo_rating', 'qol', 'int_perc')",0.551294869
"('power_rating', 'gdp_usd', 'mv_usd', 'elo_rating', 'qol', 'dom_perc', 'int_perc')",0.551294869
"('power_rating', 'mv_usd', 'elo_rating', 'bmi', 'qol', 'mv_play_dom', 'num_play_int', 'dom_int_mv_ratio')",0.551287584
"('elo_rating', 'life_exp', 'mv_play_int', 'dom_int_mv_ratio', 'dom_perc')",0.551231477
"('elo_rating', 'life_exp', 'mv_play_int', 'dom_int_mv_ratio', 'int_perc')",0.551231477
"('elo_rating', 'life_exp', 'mv_play_int', 'dom_int_mv_ratio', 'dom_perc', 'int_perc')",0.551231477
"('power_rating', 'gdp_usd', 'mv_usd', 'elo_rating', 'num_play_int', 'dom_int_mv_ratio', 'dom_perc')",0.551083798
"('power_rating', 'gdp_usd', 'mv_usd', 'elo_rating', 'num_play_int', 'dom_int_mv_ratio', 'int_perc')",0.551083798
"('power_rating', 'gdp_usd', 'mv_usd', 'elo_rating', 'num_play_int', 'dom_int_mv_ratio', 'dom_perc', 'int_perc')",0.551083798
"('power_rating', 'gdp_usd', 'elo_rating', 'bmi', 'life_exp', 'qol', 'dom_perc')",0.551075743
"('power_rating', 'gdp_usd', 'elo_rating', 'bmi', 'life_exp', 'qol', 'int_perc')",0.551075743
"('power_rating', 'gdp_usd', 'elo_rating', 'bmi', 'life_exp', 'qol', 'dom_perc', 'int_perc')",0.551075743
"('power_rating', 'elo_rating', 'bmi', 'life_exp', 'qol', 'dom_perc')",0.551075642
"('power_rating', 'elo_rating', 'bmi', 'life_exp', 'qol', 'int_perc')",0.551075642
"('power_rating', 'elo_rating', 'bmi', 'life_exp', 'qol', 'dom_perc', 'int_perc')",0.551075642
"('power_rating', 'elo_rating', 'mv_play_dom', 'mv_play_int', 'dom_int_mv_ratio')",0.550996156
"('power_rating', 'gdp_usd', 'mv_usd', 'elo_rating', 'bmi', 'life_exp', 'qol', 'num_play_dom', 'num_play_int', 'dom_int_mv_ratio')",0.550826208
"('elo_rating', 'mv_play_int', 'dom_int_mv_ratio', 'dom_perc')",0.550821444
"('elo_rating', 'mv_play_int', 'dom_int_mv_ratio', 'int_perc')",0.550821444
"('elo_rating', 'mv_play_int', 'dom_int_mv_ratio', 'dom_perc', 'int_perc')",0.550821444
"('power_rating', 'gdp_usd', 'mv_usd', 'elo_rating', 'life_exp', 'qol', 'num_play_dom', 'num_play_int', 'dom_int_mv_ratio')",0.550739363
"('power_rating', 'gdp_usd', 'mv_usd', 'elo_rating', 'bmi', 'life_exp', 'qol', 'num_play_dom', 'dom_int_mv_ratio')",0.550627001
"('bmi', 'qol', 'mv_play_dom', 'num_play_dom', 'mv_play_int', 'num_play_int', 'dom_int_mv_ratio', 'dom_perc')",0.550603289
"('bmi', 'qol', 'mv_play_dom', 'num_play_dom', 'mv_play_int', 'num_play_int', 'dom_int_mv_ratio', 'int_perc')",0.550603289
"('bmi', 'qol', 'mv_play_dom', 'num_play_dom', 'mv_play_int', 'num_play_int', 'dom_int_mv_ratio', 'dom_perc', 'int_perc')",0.550603289
"('bmi', 'qol', 'mv_play_dom', 'num_play_dom', 'num_play_int', 'dom_int_mv_ratio', 'dom_perc')",0.550603261
"('bmi', 'qol', 'mv_play_dom', 'num_play_dom', 'num_play_int', 'dom_int_mv_ratio', 'int_perc')",0.550603261
"('bmi', 'qol', 'mv_play_dom', 'num_play_dom', 'num_play_int', 'dom_int_mv_ratio', 'dom_perc', 'int_perc')",0.550603261
"('power_rating', 'gdp_usd', 'elo_rating', 'bmi', 'qol', 'mv_play_dom', 'num_play_dom', 'dom_perc')",0.550567918
"('power_rating', 'gdp_usd', 'elo_rating', 'bmi', 'qol', 'mv_play_dom', 'num_play_dom', 'int_perc')",0.550567918
"('power_rating', 'gdp_usd', 'elo_rating', 'bmi', 'qol', 'mv_play_dom', 'num_play_dom', 'dom_perc', 'int_perc')",0.550567918
"('power_rating', 'gdp_usd', 'mv_usd', 'elo_rating', 'life_exp', 'qol', 'num_play_dom', 'dom_int_mv_ratio')",0.550498322
"('power_rating', 'gdp_usd', 'mv_usd', 'elo_rating', 'life_exp', 'qol', 'mv_play_dom', 'dom_int_mv_ratio')",0.550472288
"('power_rating', 'mv_usd', 'elo_rating', 'qol', 'int_perc')",0.550387399
"('power_rating', 'mv_usd', 'elo_rating', 'qol', 'dom_perc', 'int_perc')",0.550387399
"('power_rating', 'mv_usd', 'elo_rating', 'qol', 'dom_perc')",0.550387399
"('power_rating', 'mv_usd', 'bmi', 'life_exp', 'mv_play_dom', 'num_play_int', 'dom_int_mv_ratio', 'dom_perc')",0.55036398
"('power_rating', 'mv_usd', 'bmi', 'life_exp', 'mv_play_dom', 'num_play_int', 'dom_int_mv_ratio', 'int_perc')",0.55036398
"('power_rating', 'mv_usd', 'bmi', 'life_exp', 'mv_play_dom', 'num_play_int', 'dom_int_mv_ratio', 'dom_perc', 'int_perc')",0.55036398
"('power_rating', 'gdp_usd', 'elo_rating', 'life_exp', 'qol', 'mv_play_dom', 'dom_perc')",0.550331525
"('power_rating', 'gdp_usd', 'elo_rating', 'life_exp', 'qol', 'mv_play_dom', 'int_perc')",0.550331525
"('power_rating', 'gdp_usd', 'elo_rating', 'life_exp', 'qol', 'mv_play_dom', 'dom_perc', 'int_perc')",0.550331525
"('power_rating', 'elo_rating', 'life_exp', 'qol', 'mv_play_dom', 'dom_perc')",0.550317963
"('power_rating', 'elo_rating', 'life_exp', 'qol', 'mv_play_dom', 'int_perc')",0.550317963
"('power_rating', 'elo_rating', 'life_exp', 'qol', 'mv_play_dom', 'dom_perc', 'int_perc')",0.550317963
"('power_rating', 'mv_usd', 'bmi', 'qol', 'mv_play_int')",0.550285927
"('power_rating', 'bmi', 'life_exp', 'qol', 'mv_play_dom', 'mv_play_int')",0.550101467
"('power_rating', 'gdp_usd', 'mv_usd', 'elo_rating', 'mv_play_int', 'num_play_int')",0.550098218
"('power_rating', 'gdp_usd', 'mv_usd', 'elo_rating', 'qol', 'mv_play_dom', 'dom_int_mv_ratio')",0.550074191
"('power_rating', 'elo_rating', 'life_exp', 'num_play_int', 'dom_perc')",0.550048359
"('power_rating', 'elo_rating', 'life_exp', 'num_play_int', 'int_perc')",0.550048359
"('power_rating', 'elo_rating', 'life_exp', 'num_play_int', 'dom_perc', 'int_perc')",0.550048359
"('power_rating', 'mv_usd', 'elo_rating', 'mv_play_int', 'num_play_int')",0.550043036
"('power_rating', 'gdp_usd', 'elo_rating', 'life_exp', 'qol', 'dom_perc')",0.550042844
"('power_rating', 'gdp_usd', 'elo_rating', 'life_exp', 'qol', 'int_perc')",0.550042844
"('power_rating', 'gdp_usd', 'elo_rating', 'life_exp', 'qol', 'dom_perc', 'int_perc')",0.550042844
"('power_rating', 'mv_usd', 'bmi', 'life_exp', 'num_play_int', 'dom_int_mv_ratio', 'dom_perc')",0.55002854
"('power_rating', 'mv_usd', 'bmi', 'life_exp', 'num_play_int', 'dom_int_mv_ratio', 'int_perc')",0.55002854
"('power_rating', 'mv_usd', 'bmi', 'life_exp', 'num_play_int', 'dom_int_mv_ratio', 'dom_perc', 'int_perc')",0.55002854
"('power_rating', 'elo_rating', 'life_exp', 'qol', 'dom_perc')",0.549995178
"('power_rating', 'elo_rating', 'life_exp', 'qol', 'int_perc')",0.549995178
"('power_rating', 'elo_rating', 'life_exp', 'qol', 'dom_perc', 'int_perc')",0.549995178
"('power_rating', 'mv_usd', 'life_exp', 'qol', 'mv_play_int')",0.549935616
"('elo_rating', 'bmi', 'life_exp', 'qol', 'num_play_dom', 'num_play_int', 'dom_int_mv_ratio', 'dom_perc')",0.549891318
"('elo_rating', 'bmi', 'life_exp', 'qol', 'num_play_dom', 'num_play_int', 'dom_int_mv_ratio', 'int_perc')",0.549891318
"('elo_rating', 'bmi', 'life_exp', 'qol', 'num_play_dom', 'num_play_int', 'dom_int_mv_ratio', 'dom_perc', 'int_perc')",0.549891318
"('elo_rating', 'bmi', 'life_exp', 'qol', 'num_play_dom', 'num_play_int', 'dom_int_mv_ratio')",0.54988583
"('power_rating', 'bmi', 'qol', 'num_play_dom', 'mv_play_int')",0.54985156
"('elo_rating', 'bmi', 'qol', 'num_play_dom', 'num_play_int', 'dom_int_mv_ratio', 'dom_perc')",0.549842347
"('elo_rating', 'bmi', 'qol', 'num_play_dom', 'num_play_int', 'dom_int_mv_ratio', 'int_perc')",0.549842347
"('elo_rating', 'bmi', 'qol', 'num_play_dom', 'num_play_int', 'dom_int_mv_ratio', 'dom_perc', 'int_perc')",0.549842347
"('elo_rating', 'bmi', 'qol', 'num_play_dom', 'num_play_int', 'dom_int_mv_ratio')",0.54984215
"('power_rating', 'gdp_usd', 'elo_rating', 'mv_play_int', 'num_play_int')",0.549745505
"('power_rating', 'elo_rating', 'mv_play_int', 'num_play_int')",0.549744098
"('power_rating', 'gdp_usd', 'elo_rating', 'bmi', 'qol', 'num_play_dom', 'dom_perc')",0.549730542
"('power_rating', 'gdp_usd', 'elo_rating', 'bmi', 'qol', 'num_play_dom', 'int_perc')",0.549730542
"('power_rating', 'gdp_usd', 'elo_rating', 'bmi', 'qol', 'num_play_dom', 'dom_perc', 'int_perc')",0.549730542
"('power_rating', 'gdp_usd', 'elo_rating', 'qol', 'mv_play_dom', 'num_play_dom', 'dom_perc')",0.549687297
"('power_rating', 'gdp_usd', 'elo_rating', 'qol', 'mv_play_dom', 'num_play_dom', 'int_perc')",0.549687297
"('power_rating', 'gdp_usd', 'elo_rating', 'qol', 'mv_play_dom', 'num_play_dom', 'dom_perc', 'int_perc')",0.549687297
"('power_rating', 'mv_usd', 'bmi', 'mv_play_dom', 'num_play_dom', 'mv_play_int')",0.549682063
"('power_rating', 'gdp_usd', 'elo_rating', 'num_play_int', 'dom_int_mv_ratio', 'dom_perc')",0.549360734
"('power_rating', 'gdp_usd', 'elo_rating', 'num_play_int', 'dom_int_mv_ratio', 'int_perc')",0.549360734
"('power_rating', 'gdp_usd', 'elo_rating', 'num_play_int', 'dom_int_mv_ratio', 'dom_perc', 'int_perc')",0.549360734
"('elo_rating', 'life_exp', 'qol', 'num_play_dom', 'num_play_int', 'dom_int_mv_ratio', 'dom_perc')",0.549321874
"('elo_rating', 'life_exp', 'qol', 'num_play_dom', 'num_play_int', 'dom_int_mv_ratio', 'int_perc')",0.549321874
"('elo_rating', 'life_exp', 'qol', 'num_play_dom', 'num_play_int', 'dom_int_mv_ratio', 'dom_perc', 'int_perc')",0.549321874
"('elo_rating', 'qol', 'num_play_dom', 'num_play_int', 'dom_int_mv_ratio', 'dom_perc')",0.549316617
"('elo_rating', 'qol', 'num_play_dom', 'num_play_int', 'dom_int_mv_ratio', 'int_perc')",0.549316617
"('elo_rating', 'qol', 'num_play_dom', 'num_play_int', 'dom_int_mv_ratio', 'dom_perc', 'int_perc')",0.549316617
"('elo_rating', 'life_exp', 'qol', 'num_play_dom', 'num_play_int', 'dom_int_mv_ratio')",0.54931431
"('elo_rating', 'qol', 'num_play_dom', 'num_play_int', 'dom_int_mv_ratio')",0.549311816
"('power_rating', 'mv_usd', 'bmi', 'num_play_dom', 'mv_play_int')",0.549289057
"('elo_rating', 'bmi', 'life_exp', 'qol', 'num_play_int', 'dom_int_mv_ratio', 'dom_perc')",0.549285432
"('elo_rating', 'bmi', 'life_exp', 'qol', 'num_play_int', 'dom_int_mv_ratio', 'int_perc')",0.549285432
"('elo_rating', 'bmi', 'life_exp', 'qol', 'num_play_int', 'dom_int_mv_ratio', 'dom_perc', 'int_perc')",0.549285432
"('elo_rating', 'bmi', 'qol', 'num_play_int', 'dom_int_mv_ratio', 'dom_perc')",0.549284642
"('elo_rating', 'bmi', 'qol', 'num_play_int', 'dom_int_mv_ratio', 'int_perc')",0.549284642
"('elo_rating', 'bmi', 'qol', 'num_play_int', 'dom_int_mv_ratio', 'dom_perc', 'int_perc')",0.549284642
"('power_rating', 'gdp_usd', 'mv_usd', 'elo_rating', 'bmi', 'num_play_dom', 'dom_int_mv_ratio', 'dom_perc')",0.54927827
"('power_rating', 'gdp_usd', 'mv_usd', 'elo_rating', 'bmi', 'num_play_dom', 'dom_int_mv_ratio', 'int_perc')",0.54927827
"('power_rating', 'gdp_usd', 'mv_usd', 'elo_rating', 'bmi', 'num_play_dom', 'dom_int_mv_ratio', 'dom_perc', 'int_perc')",0.54927827
"('power_rating', 'mv_usd', 'elo_rating', 'bmi', 'qol', 'mv_play_dom', 'dom_int_mv_ratio')",0.549030604
"('power_rating', 'gdp_usd', 'elo_rating', 'qol', 'num_play_dom', 'dom_perc')",0.549003996
"('power_rating', 'gdp_usd', 'elo_rating', 'qol', 'num_play_dom', 'int_perc')",0.549003996
"('power_rating', 'gdp_usd', 'elo_rating', 'qol', 'num_play_dom', 'dom_perc', 'int_perc')",0.549003996
"('bmi', 'life_exp', 'qol', 'mv_play_dom', 'num_play_int', 'dom_perc')",0.548881351
"('bmi', 'life_exp', 'qol', 'mv_play_dom', 'num_play_int', 'int_perc')",0.548881351
"('bmi', 'life_exp', 'qol', 'mv_play_dom', 'num_play_int', 'dom_perc', 'int_perc')",0.548881351
"('elo_rating', 'life_exp', 'qol', 'num_play_int', 'dom_int_mv_ratio', 'dom_perc')",0.548865845
"('elo_rating', 'life_exp', 'qol', 'num_play_int', 'dom_int_mv_ratio', 'int_perc')",0.548865845
"('elo_rating', 'life_exp', 'qol', 'num_play_int', 'dom_int_mv_ratio', 'dom_perc', 'int_perc')",0.548865845
"('elo_rating', 'qol', 'num_play_int', 'dom_int_mv_ratio', 'dom_perc')",0.548858947
"('elo_rating', 'qol', 'num_play_int', 'dom_int_mv_ratio', 'int_perc')",0.548858947
"('elo_rating', 'qol', 'num_play_int', 'dom_int_mv_ratio', 'dom_perc', 'int_perc')",0.548858947
"('power_rating', 'mv_usd', 'elo_rating', 'bmi', 'num_play_dom', 'dom_int_mv_ratio', 'dom_perc')",0.548820758
"('power_rating', 'mv_usd', 'elo_rating', 'bmi', 'num_play_dom', 'dom_int_mv_ratio', 'int_perc')",0.548820758
"('power_rating', 'mv_usd', 'elo_rating', 'bmi', 'num_play_dom', 'dom_int_mv_ratio', 'dom_perc', 'int_perc')",0.548820758
"('life_exp', 'qol', 'mv_play_dom', 'num_play_dom', 'mv_play_int', 'dom_int_mv_ratio', 'dom_perc')",0.54876405
"('life_exp', 'qol', 'mv_play_dom', 'num_play_dom', 'mv_play_int', 'dom_int_mv_ratio', 'int_perc')",0.54876405
"('life_exp', 'qol', 'mv_play_dom', 'num_play_dom', 'mv_play_int', 'dom_int_mv_ratio', 'dom_perc', 'int_perc')",0.54876405
"('bmi', 'qol', 'mv_play_dom', 'mv_play_int', 'num_play_int', 'dom_int_mv_ratio', 'dom_perc')",0.548568454
"('bmi', 'qol', 'mv_play_dom', 'mv_play_int', 'num_play_int', 'dom_int_mv_ratio', 'int_perc')",0.548568454
"('bmi', 'qol', 'mv_play_dom', 'mv_play_int', 'num_play_int', 'dom_int_mv_ratio', 'dom_perc', 'int_perc')",0.548568454
"('power_rating', 'gdp_usd', 'elo_rating', 'bmi', 'num_play_dom', 'dom_int_mv_ratio', 'dom_perc')",0.548552838
"('power_rating', 'gdp_usd', 'elo_rating', 'bmi', 'num_play_dom', 'dom_int_mv_ratio', 'int_perc')",0.548552838
"('power_rating', 'gdp_usd', 'elo_rating', 'bmi', 'num_play_dom', 'dom_int_mv_ratio', 'dom_perc', 'int_perc')",0.548552838
"('power_rating', 'gdp_usd', 'bmi', 'mv_play_dom', 'num_play_dom', 'mv_play_int')",0.548503722
"('power_rating', 'qol', 'num_play_dom', 'mv_play_int')",0.548474201
"('life_exp', 'qol', 'num_play_dom', 'mv_play_int', 'dom_int_mv_ratio', 'dom_perc')",0.548459166
"('life_exp', 'qol', 'num_play_dom', 'mv_play_int', 'dom_int_mv_ratio', 'int_perc')",0.548459166
"('life_exp', 'qol', 'num_play_dom', 'mv_play_int', 'dom_int_mv_ratio', 'dom_perc', 'int_perc')",0.548459166
"('bmi', 'qol', 'mv_play_dom', 'num_play_int', 'dom_int_mv_ratio', 'dom_perc')",0.54835996
"('bmi', 'qol', 'mv_play_dom', 'num_play_int', 'dom_int_mv_ratio', 'int_perc')",0.54835996
"('bmi', 'qol', 'mv_play_dom', 'num_play_int', 'dom_int_mv_ratio', 'dom_perc', 'int_perc')",0.54835996
"('power_rating', 'elo_rating', 'bmi', 'num_play_dom', 'dom_int_mv_ratio', 'dom_perc')",0.548346347
"('power_rating', 'elo_rating', 'bmi', 'num_play_dom', 'dom_int_mv_ratio', 'int_perc')",0.548346347
"('power_rating', 'elo_rating', 'bmi', 'num_play_dom', 'dom_int_mv_ratio', 'dom_perc', 'int_perc')",0.548346347
"('power_rating', 'gdp_usd', 'mv_usd', 'elo_rating', 'mv_play_dom', 'mv_play_int', 'dom_perc')",0.548317606
"('power_rating', 'gdp_usd', 'mv_usd', 'elo_rating', 'mv_play_dom', 'mv_play_int', 'int_perc')",0.548317606
"('power_rating', 'gdp_usd', 'mv_usd', 'elo_rating', 'mv_play_dom', 'mv_play_int', 'dom_perc', 'int_perc')",0.548317606
"('power_rating', 'mv_usd', 'qol', 'mv_play_int')",0.548187985
"('mv_play_dom', 'mv_play_int', 'num_play_int', 'dom_int_mv_ratio')",0.5480206
"('mv_play_dom', 'num_play_int', 'dom_int_mv_ratio')",0.547958782
"('power_rating', 'gdp_usd', 'elo_rating', 'qol', 'mv_play_dom', 'num_play_int', 'dom_perc')",0.547941046
"('power_rating', 'gdp_usd', 'elo_rating', 'qol', 'mv_play_dom', 'num_play_int', 'int_perc')",0.547941046
"('power_rating', 'gdp_usd', 'elo_rating', 'qol', 'mv_play_dom', 'num_play_int', 'dom_perc', 'int_perc')",0.547941046
"('gdp_usd', 'mv_usd', 'elo_rating', 'bmi', 'qol', 'mv_play_dom', 'num_play_dom', 'mv_play_int', 'num_play_int', 'dom_int_mv_ratio', 'dom_perc')",0.547829322
"('gdp_usd', 'mv_usd', 'elo_rating', 'bmi', 'qol', 'mv_play_dom', 'num_play_dom', 'mv_play_int', 'num_play_int', 'dom_int_mv_ratio', 'int_perc')",0.547829322
"('gdp_usd', 'mv_usd', 'elo_rating', 'bmi', 'qol', 'mv_play_dom', 'num_play_dom', 'mv_play_int', 'num_play_int', 'dom_int_mv_ratio', 'dom_perc', 'int_perc')",0.547829322
"('power_rating', 'mv_usd', 'elo_rating', 'life_exp', 'qol', 'mv_play_dom', 'num_play_int', 'dom_int_mv_ratio')",0.547741634
"('power_rating', 'gdp_usd', 'mv_usd', 'elo_rating', 'bmi', 'dom_int_mv_ratio', 'dom_perc')",0.547721891
"('power_rating', 'gdp_usd', 'mv_usd', 'elo_rating', 'bmi', 'dom_int_mv_ratio', 'int_perc')",0.547721891
"('power_rating', 'gdp_usd', 'mv_usd', 'elo_rating', 'bmi', 'dom_int_mv_ratio', 'dom_perc', 'int_perc')",0.547721891
"('power_rating', 'mv_usd', 'elo_rating', 'bmi', 'dom_int_mv_ratio', 'dom_perc')",0.547719779
"('power_rating', 'mv_usd', 'elo_rating', 'bmi', 'dom_int_mv_ratio', 'int_perc')",0.547719779
"('power_rating', 'mv_usd', 'elo_rating', 'bmi', 'dom_int_mv_ratio', 'dom_perc', 'int_perc')",0.547719779
"('power_rating', 'gdp_usd', 'mv_usd', 'life_exp', 'num_play_int', 'dom_int_mv_ratio', 'dom_perc')",0.547715243
"('power_rating', 'gdp_usd', 'mv_usd', 'life_exp', 'num_play_int', 'dom_int_mv_ratio', 'int_perc')",0.547715243
"('power_rating', 'gdp_usd', 'mv_usd', 'life_exp', 'num_play_int', 'dom_int_mv_ratio', 'dom_perc', 'int_perc')",0.547715243
"('power_rating', 'bmi', 'qol', 'mv_play_dom', 'num_play_int', 'dom_int_mv_ratio', 'int_perc')",0.54768731
"('power_rating', 'bmi', 'qol', 'mv_play_dom', 'num_play_int', 'dom_int_mv_ratio', 'dom_perc', 'int_perc')",0.54768731
"('power_rating', 'bmi', 'qol', 'mv_play_dom', 'num_play_int', 'dom_int_mv_ratio', 'dom_perc')",0.54768731
"('bmi', 'life_exp', 'qol', 'mv_play_int', 'num_play_int', 'dom_int_mv_ratio', 'dom_perc')",0.547595266
"('bmi', 'life_exp', 'qol', 'mv_play_int', 'num_play_int', 'dom_int_mv_ratio', 'int_perc')",0.547595266
"('bmi', 'life_exp', 'qol', 'mv_play_int', 'num_play_int', 'dom_int_mv_ratio', 'dom_perc', 'int_perc')",0.547595266
"('power_rating', 'gdp_usd', 'mv_usd', 'elo_rating', 'bmi', 'mv_play_int', 'dom_int_mv_ratio')",0.547516853
"('bmi', 'life_exp', 'qol', 'num_play_int', 'dom_int_mv_ratio', 'dom_perc')",0.547498073
"('bmi', 'life_exp', 'qol', 'num_play_int', 'dom_int_mv_ratio', 'int_perc')",0.547498073
"('bmi', 'life_exp', 'qol', 'num_play_int', 'dom_int_mv_ratio', 'dom_perc', 'int_perc')",0.547498073
"('power_rating', 'bmi', 'life_exp', 'mv_play_dom', 'num_play_int', 'dom_int_mv_ratio', 'dom_perc')",0.547471418
"('power_rating', 'bmi', 'life_exp', 'mv_play_dom', 'num_play_int', 'dom_int_mv_ratio', 'int_perc')",0.547471418
"('power_rating', 'bmi', 'life_exp', 'mv_play_dom', 'num_play_int', 'dom_int_mv_ratio', 'dom_perc', 'int_perc')",0.547471418
"('power_rating', 'gdp_usd', 'mv_play_dom', 'mv_play_int', 'num_play_int')",0.547361874
"('power_rating', 'mv_usd', 'elo_rating', 'qol', 'mv_play_dom', 'num_play_int', 'dom_int_mv_ratio')",0.54727844
"('power_rating', 'elo_rating', 'bmi', 'life_exp', 'mv_play_dom', 'num_play_dom', 'num_play_int', 'dom_int_mv_ratio')",0.547278048
"('power_rating', 'elo_rating', 'bmi', 'qol', 'mv_play_dom', 'num_play_dom', 'dom_perc')",0.547103285
"('power_rating', 'elo_rating', 'bmi', 'qol', 'mv_play_dom', 'num_play_dom', 'int_perc')",0.547103285
"('power_rating', 'elo_rating', 'bmi', 'qol', 'mv_play_dom', 'num_play_dom', 'dom_perc', 'int_perc')",0.547103285
"('power_rating', 'gdp_usd', 'elo_rating', 'bmi', 'dom_int_mv_ratio', 'dom_perc')",0.547100157
"('power_rating', 'gdp_usd', 'elo_rating', 'bmi', 'dom_int_mv_ratio', 'int_perc')",0.547100157
"('power_rating', 'gdp_usd', 'elo_rating', 'bmi', 'dom_int_mv_ratio', 'dom_perc', 'int_perc')",0.547100157
"('power_rating', 'elo_rating', 'bmi', 'dom_int_mv_ratio', 'dom_perc')",0.547060892
"('power_rating', 'elo_rating', 'bmi', 'dom_int_mv_ratio', 'int_perc')",0.547060892
"('power_rating', 'elo_rating', 'bmi', 'dom_int_mv_ratio', 'dom_perc', 'int_perc')",0.547060892
"('power_rating', 'mv_usd', 'life_exp', 'qol', 'mv_play_dom', 'num_play_int', 'dom_int_mv_ratio', 'dom_perc')",0.547058758
"('power_rating', 'mv_usd', 'life_exp', 'qol', 'mv_play_dom', 'num_play_int', 'dom_int_mv_ratio', 'int_perc')",0.547058758
"('power_rating', 'mv_usd', 'life_exp', 'qol', 'mv_play_dom', 'num_play_int', 'dom_int_mv_ratio', 'dom_perc', 'int_perc')",0.547058758
"('power_rating', 'mv_usd', 'life_exp', 'qol', 'num_play_int', 'dom_int_mv_ratio', 'dom_perc')",0.547052255
"('power_rating', 'mv_usd', 'life_exp', 'qol', 'num_play_int', 'dom_int_mv_ratio', 'int_perc')",0.547052255
"('power_rating', 'mv_usd', 'life_exp', 'qol', 'num_play_int', 'dom_int_mv_ratio', 'dom_perc', 'int_perc')",0.547052255
"('power_rating', 'gdp_usd', 'mv_usd', 'mv_play_int', 'num_play_int')",0.547035736
"('power_rating', 'mv_usd', 'mv_play_int', 'num_play_int')",0.546983774
"('power_rating', 'bmi', 'mv_play_dom', 'num_play_dom', 'mv_play_int')",0.546973187
"('power_rating', 'mv_play_dom', 'mv_play_int', 'num_play_int')",0.546958464
"('power_rating', 'gdp_usd', 'mv_usd', 'elo_rating', 'bmi', 'life_exp', 'num_play_dom', 'num_play_int', 'dom_int_mv_ratio')",0.546928341
"('power_rating', 'gdp_usd', 'mv_play_int', 'num_play_int')",0.54687766
"('power_rating', 'gdp_usd', 'mv_usd', 'elo_rating', 'mv_play_dom', 'num_play_dom', 'num_play_int', 'dom_perc')",0.546827255
"('power_rating', 'gdp_usd', 'mv_usd', 'elo_rating', 'mv_play_dom', 'num_play_dom', 'num_play_int', 'int_perc')",0.546827255
"('power_rating', 'gdp_usd', 'mv_usd', 'elo_rating', 'mv_play_dom', 'num_play_dom', 'num_play_int', 'dom_perc', 'int_perc')",0.546827255
"('power_rating', 'mv_usd', 'elo_rating', 'life_exp', 'qol', 'mv_play_dom', 'dom_int_mv_ratio')",0.546814891
"('power_rating', 'mv_usd', 'elo_rating', 'bmi', 'life_exp', 'qol', 'num_play_dom', 'num_play_int', 'dom_int_mv_ratio')",0.546813058
"('power_rating', 'mv_usd', 'elo_rating', 'life_exp', 'qol', 'num_play_dom', 'num_play_int', 'dom_int_mv_ratio')",0.546749216
"('power_rating', 'elo_rating', 'bmi', 'life_exp', 'mv_play_dom', 'num_play_dom', 'dom_int_mv_ratio')",0.546741029
"('power_rating', 'gdp_usd', 'mv_usd', 'elo_rating', 'bmi', 'life_exp', 'num_play_dom', 'dom_int_mv_ratio')",0.54671267
"('power_rating', 'mv_play_int', 'num_play_int')",0.546702396
"('life_exp', 'qol', 'num_play_int', 'dom_int_mv_ratio')",0.546685683
"('power_rating', 'gdp_usd', 'mv_usd', 'bmi', 'life_exp', 'mv_play_dom', 'mv_play_int', 'dom_int_mv_ratio', 'dom_perc')",0.546648307
"('power_rating', 'gdp_usd', 'mv_usd', 'bmi', 'life_exp', 'mv_play_dom', 'mv_play_int', 'dom_int_mv_ratio', 'int_perc')",0.546648307
"('power_rating', 'gdp_usd', 'mv_usd', 'bmi', 'life_exp', 'mv_play_dom', 'mv_play_int', 'dom_int_mv_ratio', 'dom_perc', 'int_perc')",0.546648307
"('power_rating', 'mv_usd', 'elo_rating', 'mv_play_dom', 'num_play_dom', 'num_play_int', 'dom_perc')",0.546523913
"('power_rating', 'mv_usd', 'elo_rating', 'mv_play_dom', 'num_play_dom', 'num_play_int', 'int_perc')",0.546523913
"('power_rating', 'mv_usd', 'elo_rating', 'mv_play_dom', 'num_play_dom', 'num_play_int', 'dom_perc', 'int_perc')",0.546523913
"('power_rating', 'elo_rating', 'bmi', 'qol', 'num_play_dom', 'dom_perc')",0.54650513
"('power_rating', 'elo_rating', 'bmi', 'qol', 'num_play_dom', 'int_perc')",0.54650513
"('power_rating', 'elo_rating', 'bmi', 'qol', 'num_play_dom', 'dom_perc', 'int_perc')",0.54650513
"('gdp_usd', 'mv_usd', 'elo_rating', 'bmi', 'qol', 'mv_play_dom', 'num_play_dom', 'num_play_int', 'dom_int_mv_ratio', 'dom_perc')",0.546451199
"('gdp_usd', 'mv_usd', 'elo_rating', 'bmi', 'qol', 'mv_play_dom', 'num_play_dom', 'num_play_int', 'dom_int_mv_ratio', 'int_perc')",0.546451199
"('gdp_usd', 'mv_usd', 'elo_rating', 'bmi', 'qol', 'mv_play_dom', 'num_play_dom', 'num_play_int', 'dom_int_mv_ratio', 'dom_perc', 'int_perc')",0.546451199
"('elo_rating', 'bmi', 'mv_play_int', 'dom_perc')",0.546379297
"('elo_rating', 'bmi', 'mv_play_int', 'int_perc')",0.546379297
"('elo_rating', 'bmi', 'mv_play_int', 'dom_perc', 'int_perc')",0.546379297
"('power_rating', 'elo_rating', 'qol', 'mv_play_dom', 'num_play_int', 'dom_perc')",0.546287593
"('power_rating', 'elo_rating', 'qol', 'mv_play_dom', 'num_play_int', 'int_perc')",0.546287593
"('power_rating', 'elo_rating', 'qol', 'mv_play_dom', 'num_play_int', 'dom_perc', 'int_perc')",0.546287593
"('power_rating', 'life_exp', 'qol', 'mv_play_dom', 'mv_play_int')",0.546267024
"('power_rating', 'gdp_usd', 'mv_usd', 'bmi', 'life_exp', 'mv_play_int', 'dom_int_mv_ratio', 'dom_perc')",0.546206919
"('power_rating', 'gdp_usd', 'mv_usd', 'bmi', 'life_exp', 'mv_play_int', 'dom_int_mv_ratio', 'int_perc')",0.546206919
"('power_rating', 'gdp_usd', 'mv_usd', 'bmi', 'life_exp', 'mv_play_int', 'dom_int_mv_ratio', 'dom_perc', 'int_perc')",0.546206919
"('power_rating', 'mv_usd', 'elo_rating', 'mv_play_dom', 'mv_play_int', 'dom_perc')",0.546058583
"('power_rating', 'mv_usd', 'elo_rating', 'mv_play_dom', 'mv_play_int', 'int_perc')",0.546058583
"('power_rating', 'mv_usd', 'elo_rating', 'mv_play_dom', 'mv_play_int', 'dom_perc', 'int_perc')",0.546058583
"('power_rating', 'mv_usd', 'elo_rating', 'qol', 'mv_play_dom', 'dom_int_mv_ratio')",0.545989129
"('power_rating', 'gdp_usd', 'mv_usd', 'elo_rating', 'life_exp', 'num_play_dom', 'num_play_int', 'dom_int_mv_ratio')",0.54592792
"('power_rating', 'elo_rating', 'qol', 'mv_play_dom', 'num_play_dom', 'dom_perc')",0.54585002
"('power_rating', 'elo_rating', 'qol', 'mv_play_dom', 'num_play_dom', 'int_perc')",0.54585002
"('power_rating', 'elo_rating', 'qol', 'mv_play_dom', 'num_play_dom', 'dom_perc', 'int_perc')",0.54585002
"('power_rating', 'gdp_usd', 'mv_usd', 'elo_rating', 'bmi', 'life_exp', 'qol', 'mv_play_dom', 'num_play_dom', 'num_play_int')",0.545825771
"('power_rating', 'elo_rating', 'life_exp', 'mv_play_dom', 'num_play_dom', 'num_play_int', 'dom_int_mv_ratio')",0.545797351
"('bmi', 'life_exp', 'qol', 'num_play_dom', 'mv_play_int', 'dom_int_mv_ratio')",0.545786031
"('power_rating', 'gdp_usd', 'mv_usd', 'elo_rating', 'mv_play_dom', 'mv_play_int')",0.545781402
"('bmi', 'life_exp', 'qol', 'num_play_dom', 'dom_int_mv_ratio')",0.545753052
"('power_rating', 'gdp_usd', 'mv_usd', 'elo_rating', 'bmi', 'qol', 'num_play_dom', 'num_play_int', 'dom_int_mv_ratio')",0.545740003
"('power_rating', 'gdp_usd', 'mv_usd', 'elo_rating', 'life_exp', 'num_play_dom', 'dom_int_mv_ratio')",0.545703346
"('bmi', 'life_exp', 'qol', 'num_play_dom', 'mv_play_int')",0.545662152
"('power_rating', 'bmi', 'qol', 'mv_play_dom', 'mv_play_int')",0.545605757
"('power_rating', 'gdp_usd', 'mv_usd', 'bmi', 'life_exp', 'mv_play_dom', 'mv_play_int', 'dom_perc')",0.545565347
"('power_rating', 'gdp_usd', 'mv_usd', 'bmi', 'life_exp', 'mv_play_dom', 'mv_play_int', 'int_perc')",0.545565347
"('power_rating', 'gdp_usd', 'mv_usd', 'bmi', 'life_exp', 'mv_play_dom', 'mv_play_int', 'dom_perc', 'int_perc')",0.545565347
"('power_rating', 'gdp_usd', 'mv_usd', 'elo_rating', 'life_exp', 'qol', 'mv_play_dom', 'num_play_dom', 'num_play_int')",0.545557228
"('bmi', 'life_exp', 'qol', 'mv_play_int', 'num_play_int', 'dom_perc')",0.545503066
"('bmi', 'life_exp', 'qol', 'mv_play_int', 'num_play_int', 'int_perc')",0.545503066
"('bmi', 'life_exp', 'qol', 'mv_play_int', 'num_play_int', 'dom_perc', 'int_perc')",0.545503066
"('bmi', 'life_exp', 'qol', 'num_play_dom')",0.545482414
"('power_rating', 'elo_rating', 'qol', 'num_play_dom', 'dom_perc')",0.545417397
"('power_rating', 'elo_rating', 'qol', 'num_play_dom', 'int_perc')",0.545417397
"('power_rating', 'elo_rating', 'qol', 'num_play_dom', 'dom_perc', 'int_perc')",0.545417397
"('elo_rating', 'bmi', 'life_exp', 'num_play_dom', 'num_play_int', 'dom_int_mv_ratio', 'dom_perc')",0.545306112
"('elo_rating', 'bmi', 'life_exp', 'num_play_dom', 'num_play_int', 'dom_int_mv_ratio', 'int_perc')",0.545306112
"('elo_rating', 'bmi', 'life_exp', 'num_play_dom', 'num_play_int', 'dom_int_mv_ratio', 'dom_perc', 'int_perc')",0.545306112
"('power_rating', 'gdp_usd', 'bmi', 'life_exp', 'qol', 'num_play_int', 'dom_int_mv_ratio', 'dom_perc')",0.545303412
"('power_rating', 'gdp_usd', 'bmi', 'life_exp', 'qol', 'num_play_int', 'dom_int_mv_ratio', 'int_perc')",0.545303412
"('power_rating', 'gdp_usd', 'bmi', 'life_exp', 'qol', 'num_play_int', 'dom_int_mv_ratio', 'dom_perc', 'int_perc')",0.545303412
"('elo_rating', 'bmi', 'life_exp', 'num_play_dom', 'num_play_int', 'dom_int_mv_ratio')",0.545299794
"('power_rating', 'elo_rating', 'life_exp', 'mv_play_dom', 'num_play_dom', 'dom_int_mv_ratio')",0.545165448
"('power_rating', 'mv_usd', 'elo_rating', 'mv_play_dom', 'num_play_int', 'dom_int_mv_ratio', 'dom_perc')",0.545150817
"('power_rating', 'mv_usd', 'elo_rating', 'mv_play_dom', 'num_play_int', 'dom_int_mv_ratio', 'int_perc')",0.545150817
"('power_rating', 'mv_usd', 'elo_rating', 'mv_play_dom', 'num_play_int', 'dom_int_mv_ratio', 'dom_perc', 'int_perc')",0.545150817
"('power_rating', 'gdp_usd', 'mv_usd', 'elo_rating', 'qol', 'num_play_dom', 'num_play_int', 'dom_int_mv_ratio')",0.545123111
"('power_rating', 'gdp_usd', 'elo_rating', 'bmi', 'qol', 'mv_play_dom', 'dom_perc')",0.545112623
"('power_rating', 'gdp_usd', 'elo_rating', 'bmi', 'qol', 'mv_play_dom', 'int_perc')",0.545112623
"('power_rating', 'gdp_usd', 'elo_rating', 'bmi', 'qol', 'mv_play_dom', 'dom_perc', 'int_perc')",0.545112623
"('bmi', 'life_exp', 'qol', 'num_play_int', 'dom_perc')",0.545038007
"('bmi', 'life_exp', 'qol', 'num_play_int', 'int_perc')",0.545038007
"('bmi', 'life_exp', 'qol', 'num_play_int', 'dom_perc', 'int_perc')",0.545038007
"('power_rating', 'gdp_usd', 'elo_rating', 'qol', 'num_play_int', 'dom_perc')",0.545027575
"('power_rating', 'gdp_usd', 'elo_rating', 'qol', 'num_play_int', 'int_perc')",0.545027575
"('power_rating', 'gdp_usd', 'elo_rating', 'qol', 'num_play_int', 'dom_perc', 'int_perc')",0.545027575
"('bmi', 'qol', 'mv_play_dom', 'num_play_dom', 'mv_play_int', 'num_play_int', 'dom_int_mv_ratio')",0.544991412
"('power_rating', 'gdp_usd', 'elo_rating', 'bmi', 'mv_play_dom', 'num_play_int', 'dom_perc')",0.544986574
"('power_rating', 'gdp_usd', 'elo_rating', 'bmi', 'mv_play_dom', 'num_play_int', 'int_perc')",0.544986574
"('power_rating', 'gdp_usd', 'elo_rating', 'bmi', 'mv_play_dom', 'num_play_int', 'dom_perc', 'int_perc')",0.544986574
"('power_rating', 'gdp_usd', 'mv_usd', 'elo_rating', 'bmi', 'qol', 'mv_play_dom', 'num_play_dom', 'num_play_int')",0.544823473
"('power_rating', 'gdp_usd', 'elo_rating', 'bmi', 'mv_play_dom', 'mv_play_int')",0.544799665
"('power_rating', 'elo_rating', 'bmi', 'qol', 'mv_play_dom', 'dom_perc')",0.544745297
"('power_rating', 'elo_rating', 'bmi', 'qol', 'mv_play_dom', 'int_perc')",0.544745297
"('power_rating', 'elo_rating', 'bmi', 'qol', 'mv_play_dom', 'dom_perc', 'int_perc')",0.544745297
"('power_rating', 'gdp_usd', 'bmi', 'mv_play_dom', 'num_play_dom', 'num_play_int', 'dom_perc')",0.544681956
"('power_rating', 'gdp_usd', 'bmi', 'mv_play_dom', 'num_play_dom', 'num_play_int', 'int_perc')",0.544681956
"('power_rating', 'gdp_usd', 'bmi', 'mv_play_dom', 'num_play_dom', 'num_play_int', 'dom_perc', 'int_perc')",0.544681956
"('power_rating', 'mv_usd', 'elo_rating', 'bmi', 'life_exp', 'qol', 'mv_play_dom', 'num_play_dom', 'num_play_int')",0.544677369
"('power_rating', 'gdp_usd', 'mv_usd', 'bmi', 'life_exp', 'mv_play_int', 'dom_perc')",0.544664504
"('power_rating', 'gdp_usd', 'mv_usd', 'bmi', 'life_exp', 'mv_play_int', 'int_perc')",0.544664504
"('power_rating', 'gdp_usd', 'mv_usd', 'bmi', 'life_exp', 'mv_play_int', 'dom_perc', 'int_perc')",0.544664504
"('elo_rating', 'bmi', 'life_exp', 'num_play_int', 'dom_int_mv_ratio', 'dom_perc')",0.54455421
"('elo_rating', 'bmi', 'life_exp', 'num_play_int', 'dom_int_mv_ratio', 'int_perc')",0.54455421
"('elo_rating', 'bmi', 'life_exp', 'num_play_int', 'dom_int_mv_ratio', 'dom_perc', 'int_perc')",0.54455421
"('power_rating', 'gdp_usd', 'mv_usd', 'elo_rating', 'num_play_dom', 'mv_play_int', 'dom_perc')",0.544459013
"('power_rating', 'gdp_usd', 'mv_usd', 'elo_rating', 'num_play_dom', 'mv_play_int', 'int_perc')",0.544459013
"('power_rating', 'gdp_usd', 'mv_usd', 'elo_rating', 'num_play_dom', 'mv_play_int', 'dom_perc', 'int_perc')",0.544459013
"('elo_rating', 'bmi', 'life_exp', 'qol', 'num_play_int', 'dom_int_mv_ratio')",0.544372817
"('power_rating', 'gdp_usd', 'mv_usd', 'elo_rating', 'qol', 'mv_play_dom', 'num_play_dom', 'num_play_int')",0.544318327
"('elo_rating', 'life_exp', 'mv_play_int', 'dom_perc')",0.544316177
"('elo_rating', 'life_exp', 'mv_play_int', 'int_perc')",0.544316177
"('elo_rating', 'life_exp', 'mv_play_int', 'dom_perc', 'int_perc')",0.544316177
"('power_rating', 'mv_usd', 'elo_rating', 'life_exp', 'qol', 'mv_play_dom', 'num_play_dom', 'num_play_int')",0.54430759
"('power_rating', 'gdp_usd', 'mv_usd', 'life_exp', 'mv_play_dom', 'mv_play_int', 'dom_int_mv_ratio', 'dom_perc')",0.544294989
"('power_rating', 'gdp_usd', 'mv_usd', 'life_exp', 'mv_play_dom', 'mv_play_int', 'dom_int_mv_ratio', 'int_perc')",0.544294989
"('power_rating', 'gdp_usd', 'mv_usd', 'life_exp', 'mv_play_dom', 'mv_play_int', 'dom_int_mv_ratio', 'dom_perc', 'int_perc')",0.544294989
"('elo_rating', 'bmi', 'qol', 'num_play_int', 'dom_int_mv_ratio')",0.544280437
"('power_rating', 'gdp_usd', 'elo_rating', 'bmi', 'life_exp', 'qol', 'num_play_dom', 'num_play_int', 'dom_int_mv_ratio')",0.544172224
"('power_rating', 'gdp_usd', 'bmi', 'life_exp', 'num_play_int', 'dom_int_mv_ratio', 'dom_perc')",0.544169034
"('power_rating', 'gdp_usd', 'bmi', 'life_exp', 'num_play_int', 'dom_int_mv_ratio', 'int_perc')",0.544169034
"('power_rating', 'gdp_usd', 'bmi', 'life_exp', 'num_play_int', 'dom_int_mv_ratio', 'dom_perc', 'int_perc')",0.544169034
"('power_rating', 'mv_usd', 'elo_rating', 'num_play_dom', 'mv_play_int', 'dom_perc')",0.544147686
"('power_rating', 'mv_usd', 'elo_rating', 'num_play_dom', 'mv_play_int', 'int_perc')",0.544147686
"('power_rating', 'mv_usd', 'elo_rating', 'num_play_dom', 'mv_play_int', 'dom_perc', 'int_perc')",0.544147686
"('power_rating', 'gdp_usd', 'mv_usd', 'elo_rating', 'bmi', 'qol', 'num_play_dom', 'dom_int_mv_ratio')",0.544113002
"('power_rating', 'mv_usd', 'elo_rating', 'bmi', 'qol', 'num_play_dom', 'num_play_int', 'dom_int_mv_ratio')",0.544053078
"('elo_rating', 'life_exp', 'qol', 'num_play_int', 'dom_int_mv_ratio')",0.54400619
"('power_rating', 'gdp_usd', 'mv_usd', 'life_exp', 'mv_play_int', 'dom_int_mv_ratio', 'dom_perc')",0.544000825
"('power_rating', 'gdp_usd', 'mv_usd', 'life_exp', 'mv_play_int', 'dom_int_mv_ratio', 'int_perc')",0.544000825
"('power_rating', 'gdp_usd', 'mv_usd', 'life_exp', 'mv_play_int', 'dom_int_mv_ratio', 'dom_perc', 'int_perc')",0.544000825
"('elo_rating', 'bmi', 'num_play_dom', 'num_play_int', 'dom_int_mv_ratio', 'dom_perc')",0.543985326
"('elo_rating', 'bmi', 'num_play_dom', 'num_play_int', 'dom_int_mv_ratio', 'int_perc')",0.543985326
"('elo_rating', 'bmi', 'num_play_dom', 'num_play_int', 'dom_int_mv_ratio', 'dom_perc', 'int_perc')",0.543985326
"('elo_rating', 'bmi', 'num_play_dom', 'num_play_int', 'dom_int_mv_ratio')",0.543920663
"('power_rating', 'gdp_usd', 'mv_usd', 'bmi', 'life_exp', 'qol', 'mv_play_dom', 'num_play_int', 'dom_perc')",0.543773065
"('power_rating', 'gdp_usd', 'mv_usd', 'bmi', 'life_exp', 'qol', 'mv_play_dom', 'num_play_int', 'int_perc')",0.543773065
"('power_rating', 'gdp_usd', 'mv_usd', 'bmi', 'life_exp', 'qol', 'mv_play_dom', 'num_play_int', 'dom_perc', 'int_perc')",0.543773065
"('elo_rating', 'qol', 'num_play_int', 'dom_int_mv_ratio')",0.543764749
"('power_rating', 'bmi', 'life_exp', 'qol', 'mv_play_int', 'dom_perc')",0.543751672
"('power_rating', 'bmi', 'life_exp', 'qol', 'mv_play_int', 'int_perc')",0.543751672
"('power_rating', 'bmi', 'life_exp', 'qol', 'mv_play_int', 'dom_perc', 'int_perc')",0.543751672
"('power_rating', 'qol', 'mv_play_dom', 'mv_play_int')",0.543747698
"('power_rating', 'gdp_usd', 'mv_usd', 'bmi', 'life_exp', 'qol', 'num_play_int', 'dom_perc')",0.543741421
"('power_rating', 'gdp_usd', 'mv_usd', 'bmi', 'life_exp', 'qol', 'num_play_int', 'dom_perc', 'int_perc')",0.543741421
"('power_rating', 'gdp_usd', 'mv_usd', 'bmi', 'life_exp', 'qol', 'num_play_int', 'int_perc')",0.543741421
"('power_rating', 'gdp_usd', 'elo_rating', 'bmi', 'qol', 'dom_perc')",0.543722208
"('power_rating', 'gdp_usd', 'elo_rating', 'bmi', 'qol', 'int_perc')",0.543722208
"('power_rating', 'gdp_usd', 'elo_rating', 'bmi', 'qol', 'dom_perc', 'int_perc')",0.543722208
"('power_rating', 'gdp_usd', 'mv_usd', 'elo_rating', 'num_play_dom', 'mv_play_int')",0.543690273
"('power_rating', 'life_exp', 'qol', 'mv_play_dom', 'num_play_int', 'dom_int_mv_ratio', 'dom_perc')",0.543678422
"('power_rating', 'life_exp', 'qol', 'mv_play_dom', 'num_play_int', 'dom_int_mv_ratio', 'int_perc')",0.543678422
"('power_rating', 'life_exp', 'qol', 'mv_play_dom', 'num_play_int', 'dom_int_mv_ratio', 'dom_perc', 'int_perc')",0.543678422
"('power_rating', 'mv_usd', 'elo_rating', 'qol', 'num_play_dom', 'num_play_int', 'dom_int_mv_ratio')",0.543623406
"('power_rating', 'gdp_usd', 'mv_usd', 'elo_rating', 'bmi', 'life_exp', 'qol', 'mv_play_dom', 'num_play_dom')",0.543610452
"('power_rating', 'mv_usd', 'elo_rating', 'num_play_dom', 'mv_play_int')",0.543609106
"('power_rating', 'bmi', 'life_exp', 'qol', 'mv_play_int')",0.543584692
"('power_rating', 'gdp_usd', 'elo_rating', 'life_exp', 'qol', 'num_play_dom', 'num_play_int', 'dom_int_mv_ratio')",0.543566596
"('power_rating', 'elo_rating', 'bmi', 'qol', 'dom_perc')",0.543558594
"('power_rating', 'elo_rating', 'bmi', 'qol', 'int_perc')",0.543558594
"('power_rating', 'elo_rating', 'bmi', 'qol', 'dom_perc', 'int_perc')",0.543558594
"('life_exp', 'qol', 'mv_play_dom', 'num_play_int')",0.543546628
"('bmi', 'qol', 'mv_play_dom', 'num_play_dom', 'num_play_int', 'dom_int_mv_ratio')",0.543519125
"('power_rating', 'gdp_usd', 'elo_rating', 'bmi', 'life_exp', 'qol', 'num_play_dom', 'dom_int_mv_ratio')",0.543514694
"('power_rating', 'mv_usd', 'elo_rating', 'bmi', 'life_exp', 'qol', 'mv_play_dom', 'num_play_dom')",0.543509042
"('power_rating', 'gdp_usd', 'elo_rating', 'mv_play_dom', 'num_play_dom', 'mv_play_int', 'dom_perc')",0.54348125
"('power_rating', 'gdp_usd', 'elo_rating', 'mv_play_dom', 'num_play_dom', 'mv_play_int', 'int_perc')",0.54348125
"('power_rating', 'gdp_usd', 'elo_rating', 'mv_play_dom', 'num_play_dom', 'mv_play_int', 'dom_perc', 'int_perc')",0.54348125
"('power_rating', 'gdp_usd', 'elo_rating', 'num_play_dom', 'mv_play_int', 'int_perc')",0.543404685
"('power_rating', 'gdp_usd', 'elo_rating', 'num_play_dom', 'mv_play_int', 'dom_perc', 'int_perc')",0.543404685
"('power_rating', 'gdp_usd', 'elo_rating', 'num_play_dom', 'mv_play_int', 'dom_perc')",0.543404685
"('power_rating', 'elo_rating', 'qol', 'num_play_int', 'dom_perc')",0.543401558
"('power_rating', 'elo_rating', 'qol', 'num_play_int', 'int_perc')",0.543401558
"('power_rating', 'elo_rating', 'qol', 'num_play_int', 'dom_perc', 'int_perc')",0.543401558
"('power_rating', 'mv_usd', 'elo_rating', 'bmi', 'life_exp', 'qol', 'num_play_dom', 'dom_int_mv_ratio')",0.5432774
"('mv_play_dom', 'num_play_dom', 'mv_play_int', 'dom_int_mv_ratio')",0.543159513
"('power_rating', 'gdp_usd', 'bmi', 'life_exp', 'mv_play_dom', 'mv_play_int', 'dom_int_mv_ratio', 'dom_perc')",0.543135812
"('power_rating', 'gdp_usd', 'bmi', 'life_exp', 'mv_play_dom', 'mv_play_int', 'dom_int_mv_ratio', 'int_perc')",0.543135812
"('power_rating', 'gdp_usd', 'bmi', 'life_exp', 'mv_play_dom', 'mv_play_int', 'dom_int_mv_ratio', 'dom_perc', 'int_perc')",0.543135812
"('power_rating', 'gdp_usd', 'mv_usd', 'elo_rating', 'life_exp', 'qol', 'mv_play_dom', 'num_play_dom')",0.54302393
"('power_rating', 'mv_usd', 'elo_rating', 'life_exp', 'qol', 'num_play_dom', 'dom_int_mv_ratio')",0.542985616
"('power_rating', 'mv_usd', 'elo_rating', 'life_exp', 'qol', 'mv_play_dom', 'num_play_dom')",0.542925023
"('power_rating', 'gdp_usd', 'mv_usd', 'elo_rating', 'qol', 'num_play_dom', 'dom_int_mv_ratio')",0.542905342
"('power_rating', 'gdp_usd', 'mv_usd', 'bmi', 'life_exp', 'mv_play_dom', 'mv_play_int', 'dom_int_mv_ratio')",0.542843818
"('gdp_usd', 'mv_usd', 'bmi', 'qol', 'mv_play_dom', 'num_play_dom', 'mv_play_int', 'num_play_int', 'dom_int_mv_ratio', 'dom_perc')",0.542821087
"('gdp_usd', 'mv_usd', 'bmi', 'qol', 'mv_play_dom', 'num_play_dom', 'mv_play_int', 'num_play_int', 'dom_int_mv_ratio', 'int_perc')",0.542821087
"('gdp_usd', 'mv_usd', 'bmi', 'qol', 'mv_play_dom', 'num_play_dom', 'mv_play_int', 'num_play_int', 'dom_int_mv_ratio', 'dom_perc', 'int_perc')",0.542821087
"('power_rating', 'elo_rating', 'mv_play_dom', 'num_play_dom', 'mv_play_int', 'dom_perc')",0.542804593
"('power_rating', 'elo_rating', 'mv_play_dom', 'num_play_dom', 'mv_play_int', 'int_perc')",0.542804593
"('power_rating', 'elo_rating', 'mv_play_dom', 'num_play_dom', 'mv_play_int', 'dom_perc', 'int_perc')",0.542804593
"('power_rating', 'gdp_usd', 'mv_usd', 'elo_rating', 'bmi', 'life_exp', 'num_play_dom', 'dom_perc')",0.542798404
"('power_rating', 'gdp_usd', 'mv_usd', 'elo_rating', 'bmi', 'life_exp', 'num_play_dom', 'int_perc')",0.542798404
"('power_rating', 'gdp_usd', 'mv_usd', 'elo_rating', 'bmi', 'life_exp', 'num_play_dom', 'dom_perc', 'int_perc')",0.542798404
"('power_rating', 'mv_usd', 'elo_rating', 'bmi', 'life_exp', 'num_play_dom', 'dom_perc')",0.542798333
"('power_rating', 'mv_usd', 'elo_rating', 'bmi', 'life_exp', 'num_play_dom', 'int_perc')",0.542798333
"('power_rating', 'mv_usd', 'elo_rating', 'bmi', 'life_exp', 'num_play_dom', 'dom_perc', 'int_perc')",0.542798333
"('power_rating', 'gdp_usd', 'mv_usd', 'elo_rating', 'bmi', 'life_exp', 'dom_perc')",0.542785085
"('power_rating', 'gdp_usd', 'mv_usd', 'elo_rating', 'bmi', 'life_exp', 'int_perc')",0.542785085
"('power_rating', 'gdp_usd', 'mv_usd', 'elo_rating', 'bmi', 'life_exp', 'dom_perc', 'int_perc')",0.542785085
"('gdp_usd', 'mv_usd', 'bmi', 'qol', 'mv_play_dom', 'num_play_dom', 'num_play_int', 'dom_int_mv_ratio', 'dom_perc')",0.54278239
"('gdp_usd', 'mv_usd', 'bmi', 'qol', 'mv_play_dom', 'num_play_dom', 'num_play_int', 'dom_int_mv_ratio', 'int_perc')",0.54278239
"('gdp_usd', 'mv_usd', 'bmi', 'qol', 'mv_play_dom', 'num_play_dom', 'num_play_int', 'dom_int_mv_ratio', 'dom_perc', 'int_perc')",0.54278239
"('power_rating', 'mv_usd', 'elo_rating', 'bmi', 'life_exp', 'dom_perc')",0.542779379
"('power_rating', 'mv_usd', 'elo_rating', 'bmi', 'life_exp', 'int_perc')",0.542779379
"('power_rating', 'mv_usd', 'elo_rating', 'bmi', 'life_exp', 'dom_perc', 'int_perc')",0.542779379
"('power_rating', 'elo_rating', 'num_play_dom', 'mv_play_int', 'dom_perc')",0.542760102
"('power_rating', 'elo_rating', 'num_play_dom', 'mv_play_int', 'int_perc')",0.542760102
"('power_rating', 'elo_rating', 'num_play_dom', 'mv_play_int', 'dom_perc', 'int_perc')",0.542760102
"('power_rating', 'gdp_usd', 'elo_rating', 'life_exp', 'qol', 'num_play_dom', 'dom_int_mv_ratio')",0.54265865
"('power_rating', 'mv_usd', 'elo_rating', 'bmi', 'mv_play_int', 'dom_int_mv_ratio')",0.542573551
"('power_rating', 'gdp_usd', 'mv_usd', 'life_exp', 'mv_play_dom', 'mv_play_int', 'dom_perc')",0.542555962
"('power_rating', 'gdp_usd', 'mv_usd', 'life_exp', 'mv_play_dom', 'mv_play_int', 'int_perc')",0.542555962
"('power_rating', 'gdp_usd', 'mv_usd', 'life_exp', 'mv_play_dom', 'mv_play_int', 'dom_perc', 'int_perc')",0.542555962
"('elo_rating', 'mv_play_int', 'dom_perc')",0.542496412
"('elo_rating', 'mv_play_int', 'int_perc')",0.542496412
"('elo_rating', 'mv_play_int', 'dom_perc', 'int_perc')",0.542496412
"('elo_rating', 'life_exp', 'num_play_dom', 'num_play_int', 'dom_int_mv_ratio', 'dom_perc')",0.5424701
"('elo_rating', 'life_exp', 'num_play_dom', 'num_play_int', 'dom_int_mv_ratio', 'int_perc')",0.5424701
"('elo_rating', 'life_exp', 'num_play_dom', 'num_play_int', 'dom_int_mv_ratio', 'dom_perc', 'int_perc')",0.5424701
"('elo_rating', 'life_exp', 'num_play_dom', 'num_play_int', 'dom_int_mv_ratio')",0.542460592
"('power_rating', 'gdp_usd', 'mv_usd', 'bmi', 'life_exp', 'mv_play_dom', 'num_play_int', 'dom_perc')",0.54233749
"('power_rating', 'gdp_usd', 'mv_usd', 'bmi', 'life_exp', 'mv_play_dom', 'num_play_int', 'int_perc')",0.54233749
"('power_rating', 'gdp_usd', 'mv_usd', 'bmi', 'life_exp', 'mv_play_dom', 'num_play_int', 'dom_perc', 'int_perc')",0.54233749
"('elo_rating', 'bmi', 'num_play_int', 'dom_int_mv_ratio', 'dom_perc')",0.542258971
"('elo_rating', 'bmi', 'num_play_int', 'dom_int_mv_ratio', 'int_perc')",0.542258971
"('elo_rating', 'bmi', 'num_play_int', 'dom_int_mv_ratio', 'dom_perc', 'int_perc')",0.542258971
"('power_rating', 'mv_usd', 'elo_rating', 'bmi', 'qol', 'mv_play_dom', 'num_play_dom', 'num_play_int')",0.542199344
"('power_rating', 'gdp_usd', 'mv_usd', 'bmi', 'life_exp', 'mv_play_dom', 'mv_play_int')",0.542196706
"('power_rating', 'elo_rating', 'bmi', 'life_exp', 'qol', 'num_play_dom', 'num_play_int', 'dom_int_mv_ratio')",0.542173238
"('elo_rating', 'life_exp', 'num_play_int', 'dom_int_mv_ratio', 'dom_perc')",0.542066095
"('elo_rating', 'life_exp', 'num_play_int', 'dom_int_mv_ratio', 'int_perc')",0.542066095
"('elo_rating', 'life_exp', 'num_play_int', 'dom_int_mv_ratio', 'dom_perc', 'int_perc')",0.542066095
"('power_rating', 'gdp_usd', 'mv_usd', 'bmi', 'life_exp', 'num_play_int', 'dom_perc')",0.542019092
"('power_rating', 'gdp_usd', 'mv_usd', 'bmi', 'life_exp', 'num_play_int', 'int_perc')",0.542019092
"('power_rating', 'gdp_usd', 'mv_usd', 'bmi', 'life_exp', 'num_play_int', 'dom_perc', 'int_perc')",0.542019092
"('power_rating', 'gdp_usd', 'elo_rating', 'bmi', 'mv_play_int', 'dom_int_mv_ratio')",0.541962173
"('power_rating', 'gdp_usd', 'mv_usd', 'life_exp', 'mv_play_dom', 'mv_play_int', 'dom_int_mv_ratio')",0.541837626
"('power_rating', 'mv_usd', 'elo_rating', 'mv_play_dom', 'mv_play_int')",0.541830154
"('power_rating', 'gdp_usd', 'elo_rating', 'mv_play_dom', 'num_play_dom', 'mv_play_int')",0.541829661
"('power_rating', 'gdp_usd', 'elo_rating', 'num_play_dom', 'mv_play_int')",0.54182382
"('power_rating', 'gdp_usd', 'mv_usd', 'qol', 'mv_play_dom', 'num_play_int', 'dom_int_mv_ratio', 'dom_perc')",0.541812488
"('power_rating', 'gdp_usd', 'mv_usd', 'qol', 'mv_play_dom', 'num_play_int', 'dom_int_mv_ratio', 'int_perc')",0.541812488
"('power_rating', 'gdp_usd', 'mv_usd', 'qol', 'mv_play_dom', 'num_play_int', 'dom_int_mv_ratio', 'dom_perc', 'int_perc')",0.541812488
"('power_rating', 'gdp_usd', 'mv_usd', 'qol', 'num_play_int', 'dom_int_mv_ratio', 'dom_perc')",0.541787874
"('power_rating', 'gdp_usd', 'mv_usd', 'qol', 'num_play_int', 'dom_int_mv_ratio', 'int_perc')",0.541787874
"('power_rating', 'gdp_usd', 'mv_usd', 'qol', 'num_play_int', 'dom_int_mv_ratio', 'dom_perc', 'int_perc')",0.541787874
"('power_rating', 'gdp_usd', 'mv_usd', 'life_exp', 'mv_play_int', 'dom_perc')",0.541783812
"('power_rating', 'gdp_usd', 'mv_usd', 'life_exp', 'mv_play_int', 'int_perc')",0.541783812
"('power_rating', 'gdp_usd', 'mv_usd', 'life_exp', 'mv_play_int', 'dom_perc', 'int_perc')",0.541783812
"('power_rating', 'elo_rating', 'life_exp', 'qol', 'num_play_dom', 'num_play_int', 'dom_int_mv_ratio')",0.541707643
"('power_rating', 'gdp_usd', 'life_exp', 'mv_play_dom', 'mv_play_int', 'dom_int_mv_ratio', 'dom_perc')",0.541652089
"('power_rating', 'gdp_usd', 'life_exp', 'mv_play_dom', 'mv_play_int', 'dom_int_mv_ratio', 'int_perc')",0.541652089
"('power_rating', 'gdp_usd', 'life_exp', 'mv_play_dom', 'mv_play_int', 'dom_int_mv_ratio', 'dom_perc', 'int_perc')",0.541652089
"('power_rating', 'elo_rating', 'mv_play_dom', 'num_play_dom', 'mv_play_int')",0.541611391
"('power_rating', 'elo_rating', 'num_play_dom', 'mv_play_int')",0.541605465
"('power_rating', 'mv_usd', 'elo_rating', 'qol', 'mv_play_dom', 'num_play_dom', 'num_play_int')",0.541186419
"('power_rating', 'life_exp', 'qol', 'mv_play_int', 'dom_perc')",0.541133132
"('power_rating', 'life_exp', 'qol', 'mv_play_int', 'int_perc')",0.541133132
"('power_rating', 'life_exp', 'qol', 'mv_play_int', 'dom_perc', 'int_perc')",0.541133132
"('power_rating', 'life_exp', 'qol', 'mv_play_int')",0.541090447
"('power_rating', 'gdp_usd', 'bmi', 'num_play_dom', 'mv_play_int', 'dom_int_mv_ratio')",0.541063753
"('power_rating', 'gdp_usd', 'elo_rating', 'bmi', 'qol', 'num_play_dom', 'num_play_int', 'dom_int_mv_ratio')",0.541060635
"('power_rating', 'elo_rating', 'mv_play_dom', 'num_play_int', 'dom_int_mv_ratio', 'dom_perc')",0.540986952
"('power_rating', 'elo_rating', 'mv_play_dom', 'num_play_int', 'dom_int_mv_ratio', 'int_perc')",0.540986952
"('power_rating', 'elo_rating', 'mv_play_dom', 'num_play_int', 'dom_int_mv_ratio', 'dom_perc', 'int_perc')",0.540986952
"('power_rating', 'gdp_usd', 'mv_usd', 'elo_rating', 'bmi', 'qol', 'mv_play_dom', 'num_play_dom')",0.540983195
"('power_rating', 'gdp_usd', 'elo_rating', 'qol', 'mv_play_dom', 'dom_perc')",0.540882625
"('power_rating', 'gdp_usd', 'elo_rating', 'qol', 'mv_play_dom', 'int_perc')",0.540882625
"('power_rating', 'gdp_usd', 'elo_rating', 'qol', 'mv_play_dom', 'dom_perc', 'int_perc')",0.540882625
"('life_exp', 'qol', 'num_play_dom', 'mv_play_int', 'num_play_int')",0.54084446
"('power_rating', 'elo_rating', 'qol', 'mv_play_dom', 'dom_perc')",0.540836489
"('power_rating', 'elo_rating', 'qol', 'mv_play_dom', 'int_perc')",0.540836489
"('power_rating', 'elo_rating', 'qol', 'mv_play_dom', 'dom_perc', 'int_perc')",0.540836489
"('gdp_usd', 'mv_usd', 'elo_rating', 'bmi', 'qol', 'mv_play_dom', 'num_play_dom', 'mv_play_int', 'dom_int_mv_ratio', 'dom_perc')",0.540775987
"('gdp_usd', 'mv_usd', 'elo_rating', 'bmi', 'qol', 'mv_play_dom', 'num_play_dom', 'mv_play_int', 'dom_int_mv_ratio', 'int_perc')",0.540775987
"('gdp_usd', 'mv_usd', 'elo_rating', 'bmi', 'qol', 'mv_play_dom', 'num_play_dom', 'mv_play_int', 'dom_int_mv_ratio', 'dom_perc', 'int_perc')",0.540775987
"('power_rating', 'gdp_usd', 'mv_usd', 'life_exp', 'mv_play_dom', 'mv_play_int')",0.540741667
"('mv_play_dom', 'num_play_dom', 'dom_int_mv_ratio')",0.54070888
"('life_exp', 'qol', 'num_play_dom', 'num_play_int')",0.540647644
"('bmi', 'qol', 'num_play_dom', 'mv_play_int', 'num_play_int', 'dom_int_mv_ratio', 'dom_perc')",0.540597833
"('bmi', 'qol', 'num_play_dom', 'mv_play_int', 'num_play_int', 'dom_int_mv_ratio', 'int_perc')",0.540597833
"('bmi', 'qol', 'num_play_dom', 'mv_play_int', 'num_play_int', 'dom_int_mv_ratio', 'dom_perc', 'int_perc')",0.540597833
"('gdp_usd', 'mv_usd', 'elo_rating', 'qol', 'mv_play_dom', 'num_play_dom', 'mv_play_int', 'num_play_int', 'dom_int_mv_ratio', 'dom_perc')",0.540516524
"('gdp_usd', 'mv_usd', 'elo_rating', 'qol', 'mv_play_dom', 'num_play_dom', 'mv_play_int', 'num_play_int', 'dom_int_mv_ratio', 'int_perc')",0.540516524
"('gdp_usd', 'mv_usd', 'elo_rating', 'qol', 'mv_play_dom', 'num_play_dom', 'mv_play_int', 'num_play_int', 'dom_int_mv_ratio', 'dom_perc', 'int_perc')",0.540516524
"('power_rating', 'mv_usd', 'elo_rating', 'bmi', 'qol', 'mv_play_dom', 'num_play_dom')",0.540342313
"('power_rating', 'bmi', 'mv_play_dom', 'num_play_dom', 'num_play_int', 'dom_perc')",0.540309472
"('power_rating', 'bmi', 'mv_play_dom', 'num_play_dom', 'num_play_int', 'int_perc')",0.540309472
"('power_rating', 'bmi', 'mv_play_dom', 'num_play_dom', 'num_play_int', 'dom_perc', 'int_perc')",0.540309472
"('power_rating', 'gdp_usd', 'mv_usd', 'bmi', 'mv_play_dom', 'num_play_int', 'dom_int_mv_ratio', 'dom_perc')",0.540260545
"('power_rating', 'gdp_usd', 'mv_usd', 'bmi', 'mv_play_dom', 'num_play_int', 'dom_int_mv_ratio', 'int_perc')",0.540260545
"('power_rating', 'gdp_usd', 'mv_usd', 'bmi', 'mv_play_dom', 'num_play_int', 'dom_int_mv_ratio', 'dom_perc', 'int_perc')",0.540260545
"('power_rating', 'elo_rating', 'bmi', 'qol', 'num_play_dom', 'num_play_int', 'dom_int_mv_ratio')",0.540240922
"('power_rating', 'gdp_usd', 'mv_usd', 'elo_rating', 'bmi', 'mv_play_dom', 'num_play_dom', 'num_play_int', 'dom_int_mv_ratio')",0.539867625
"('power_rating', 'mv_usd', 'qol', 'mv_play_dom', 'num_play_int', 'dom_int_mv_ratio', 'dom_perc')",0.539853578
"('power_rating', 'mv_usd', 'qol', 'mv_play_dom', 'num_play_int', 'dom_int_mv_ratio', 'int_perc')",0.539853578
"('power_rating', 'mv_usd', 'qol', 'mv_play_dom', 'num_play_int', 'dom_int_mv_ratio', 'dom_perc', 'int_perc')",0.539853578
"('power_rating', 'gdp_usd', 'mv_usd', 'elo_rating', 'bmi', 'mv_play_dom', 'num_play_dom', 'dom_int_mv_ratio')",0.539849553
"('gdp_usd', 'mv_usd', 'elo_rating', 'qol', 'mv_play_dom', 'num_play_dom', 'num_play_int', 'dom_int_mv_ratio', 'dom_perc')",0.539840896
"('gdp_usd', 'mv_usd', 'elo_rating', 'qol', 'mv_play_dom', 'num_play_dom', 'num_play_int', 'dom_int_mv_ratio', 'int_perc')",0.539840896
"('gdp_usd', 'mv_usd', 'elo_rating', 'qol', 'mv_play_dom', 'num_play_dom', 'num_play_int', 'dom_int_mv_ratio', 'dom_perc', 'int_perc')",0.539840896
"('power_rating', 'gdp_usd', 'elo_rating', 'qol', 'num_play_dom', 'num_play_int', 'dom_int_mv_ratio')",0.539823351
"('power_rating', 'gdp_usd', 'elo_rating', 'qol', 'dom_perc')",0.539762029
"('power_rating', 'gdp_usd', 'elo_rating', 'qol', 'int_perc')",0.539762029
"('power_rating', 'gdp_usd', 'elo_rating', 'qol', 'dom_perc', 'int_perc')",0.539762029
"('power_rating', 'elo_rating', 'qol', 'dom_perc')",0.539760649
"('power_rating', 'elo_rating', 'qol', 'int_perc')",0.539760649
"('power_rating', 'elo_rating', 'qol', 'dom_perc', 'int_perc')",0.539760649
"('power_rating', 'mv_usd', 'qol', 'num_play_int', 'dom_int_mv_ratio', 'dom_perc')",0.539751468
"('power_rating', 'mv_usd', 'qol', 'num_play_int', 'dom_int_mv_ratio', 'int_perc')",0.539751468
"('power_rating', 'mv_usd', 'qol', 'num_play_int', 'dom_int_mv_ratio', 'dom_perc', 'int_perc')",0.539751468
"('power_rating', 'mv_usd', 'bmi', 'life_exp', 'qol', 'mv_play_dom', 'num_play_int', 'dom_perc')",0.539703789
"('power_rating', 'mv_usd', 'bmi', 'life_exp', 'qol', 'mv_play_dom', 'num_play_int', 'int_perc')",0.539703789
"('power_rating', 'mv_usd', 'bmi', 'life_exp', 'qol', 'mv_play_dom', 'num_play_int', 'dom_perc', 'int_perc')",0.539703789
"('power_rating', 'gdp_usd', 'mv_usd', 'bmi', 'life_exp', 'mv_play_int', 'dom_int_mv_ratio')",0.539686597
"('gdp_usd', 'mv_usd', 'elo_rating', 'bmi', 'qol', 'mv_play_dom', 'num_play_dom', 'dom_int_mv_ratio', 'dom_perc')",0.539500282
"('gdp_usd', 'mv_usd', 'elo_rating', 'bmi', 'qol', 'mv_play_dom', 'num_play_dom', 'dom_int_mv_ratio', 'int_perc')",0.539500282
"('gdp_usd', 'mv_usd', 'elo_rating', 'bmi', 'qol', 'mv_play_dom', 'num_play_dom', 'dom_int_mv_ratio', 'dom_perc', 'int_perc')",0.539500282
"('power_rating', 'gdp_usd', 'mv_usd', 'elo_rating', 'qol', 'mv_play_dom', 'num_play_dom')",0.539494502
"('bmi', 'qol', 'num_play_dom', 'mv_play_int', 'num_play_int', 'dom_int_mv_ratio')",0.539433262
"('power_rating', 'gdp_usd', 'qol', 'mv_play_dom', 'num_play_int', 'dom_int_mv_ratio', 'dom_perc')",0.539430797
"('power_rating', 'gdp_usd', 'qol', 'mv_play_dom', 'num_play_int', 'dom_int_mv_ratio', 'int_perc')",0.539430797
"('power_rating', 'gdp_usd', 'qol', 'mv_play_dom', 'num_play_int', 'dom_int_mv_ratio', 'dom_perc', 'int_perc')",0.539430797
"('power_rating', 'gdp_usd', 'mv_usd', 'elo_rating', 'mv_play_int', 'dom_int_mv_ratio')",0.539399251
"('power_rating', 'gdp_usd', 'mv_usd', 'elo_rating', 'bmi', 'life_exp', 'qol', 'mv_play_dom', 'num_play_int')",0.539368993
"('power_rating', 'gdp_usd', 'mv_usd', 'life_exp', 'mv_play_int', 'dom_int_mv_ratio')",0.539368628
"('power_rating', 'gdp_usd', 'bmi', 'mv_play_dom', 'num_play_int', 'dom_int_mv_ratio', 'dom_perc')",0.539342392
"('power_rating', 'gdp_usd', 'bmi', 'mv_play_dom', 'num_play_int', 'dom_int_mv_ratio', 'int_perc')",0.539342392
"('power_rating', 'gdp_usd', 'bmi', 'mv_play_dom', 'num_play_int', 'dom_int_mv_ratio', 'dom_perc', 'int_perc')",0.539342392
"('power_rating', 'gdp_usd', 'life_exp', 'qol', 'num_play_int', 'dom_int_mv_ratio', 'dom_perc')",0.539340859
"('power_rating', 'gdp_usd', 'life_exp', 'qol', 'num_play_int', 'dom_int_mv_ratio', 'int_perc')",0.539340859
"('power_rating', 'gdp_usd', 'life_exp', 'qol', 'num_play_int', 'dom_int_mv_ratio', 'dom_perc', 'int_perc')",0.539340859
"('power_rating', 'mv_usd', 'bmi', 'life_exp', 'qol', 'num_play_int', 'dom_perc')",0.539286673
"('power_rating', 'mv_usd', 'bmi', 'life_exp', 'qol', 'num_play_int', 'int_perc')",0.539286673
"('power_rating', 'mv_usd', 'bmi', 'life_exp', 'qol', 'num_play_int', 'dom_perc', 'int_perc')",0.539286673
"('power_rating', 'elo_rating', 'qol', 'num_play_dom', 'num_play_int', 'dom_int_mv_ratio')",0.539241068
"('power_rating', 'gdp_usd', 'mv_usd', 'elo_rating', 'bmi', 'qol', 'mv_play_dom', 'num_play_int')",0.539213483
"('power_rating', 'mv_usd', 'elo_rating', 'bmi', 'qol', 'num_play_dom', 'dom_int_mv_ratio')",0.539134555
"('power_rating', 'gdp_usd', 'elo_rating', 'bmi', 'qol', 'num_play_dom', 'dom_int_mv_ratio')",0.538978371
"('power_rating', 'gdp_usd', 'mv_usd', 'bmi', 'num_play_int', 'dom_int_mv_ratio', 'dom_perc')",0.538925802
"('power_rating', 'gdp_usd', 'mv_usd', 'bmi', 'num_play_int', 'dom_int_mv_ratio', 'int_perc')",0.538925802
"('power_rating', 'gdp_usd', 'mv_usd', 'bmi', 'num_play_int', 'dom_int_mv_ratio', 'dom_perc', 'int_perc')",0.538925802
"('bmi', 'qol', 'num_play_dom', 'num_play_int', 'dom_int_mv_ratio', 'dom_perc')",0.538895564
"('bmi', 'qol', 'num_play_dom', 'num_play_int', 'dom_int_mv_ratio', 'int_perc')",0.538895564
"('bmi', 'qol', 'num_play_dom', 'num_play_int', 'dom_int_mv_ratio', 'dom_perc', 'int_perc')",0.538895564
"('power_rating', 'bmi', 'num_play_dom', 'mv_play_int', 'dom_int_mv_ratio')",0.538893497
"('power_rating', 'gdp_usd', 'elo_rating', 'bmi', 'life_exp', 'num_play_dom', 'num_play_int', 'dom_int_mv_ratio')",0.538843798
"('power_rating', 'gdp_usd', 'elo_rating', 'bmi', 'life_exp', 'num_play_dom', 'dom_int_mv_ratio')",0.538805489
"('gdp_usd', 'mv_usd', 'bmi', 'qol', 'mv_play_dom', 'num_play_dom', 'mv_play_int', 'dom_int_mv_ratio', 'dom_perc')",0.53877118
"('gdp_usd', 'mv_usd', 'bmi', 'qol', 'mv_play_dom', 'num_play_dom', 'mv_play_int', 'dom_int_mv_ratio', 'int_perc')",0.53877118
"('gdp_usd', 'mv_usd', 'bmi', 'qol', 'mv_play_dom', 'num_play_dom', 'mv_play_int', 'dom_int_mv_ratio', 'dom_perc', 'int_perc')",0.53877118
"('power_rating', 'gdp_usd', 'mv_usd', 'elo_rating', 'life_exp', 'qol', 'mv_play_dom', 'num_play_int')",0.538767892
"('power_rating', 'gdp_usd', 'mv_usd', 'elo_rating', 'qol', 'mv_play_dom', 'num_play_int')",0.538749838
"('power_rating', 'mv_usd', 'elo_rating', 'qol', 'mv_play_dom', 'num_play_dom')",0.538703772
"('gdp_usd', 'mv_usd', 'bmi', 'qol', 'mv_play_dom', 'num_play_dom', 'dom_int_mv_ratio', 'dom_perc', 'int_perc')",0.538675178
"('gdp_usd', 'mv_usd', 'bmi', 'qol', 'mv_play_dom', 'num_play_dom', 'dom_int_mv_ratio', 'dom_perc')",0.538675178
"('gdp_usd', 'mv_usd', 'bmi', 'qol', 'mv_play_dom', 'num_play_dom', 'dom_int_mv_ratio', 'int_perc')",0.538675178
"('power_rating', 'gdp_usd', 'bmi', 'life_exp', 'mv_play_dom', 'mv_play_int', 'dom_perc')",0.53866207
"('power_rating', 'gdp_usd', 'bmi', 'life_exp', 'mv_play_dom', 'mv_play_int', 'int_perc')",0.53866207
"('power_rating', 'gdp_usd', 'bmi', 'life_exp', 'mv_play_dom', 'mv_play_int', 'dom_perc', 'int_perc')",0.53866207
"('power_rating', 'elo_rating', 'bmi', 'life_exp', 'qol', 'num_play_dom', 'dom_int_mv_ratio')",0.538619986
"('power_rating', 'gdp_usd', 'elo_rating', 'bmi', 'life_exp', 'qol', 'mv_play_dom', 'num_play_int', 'dom_int_mv_ratio')",0.538536468
"('power_rating', 'elo_rating', 'bmi', 'mv_play_dom', 'mv_play_int')",0.53846155
"('power_rating', 'gdp_usd', 'mv_usd', 'elo_rating', 'bmi', 'mv_play_int')",0.538382755
"('power_rating', 'bmi', 'qol', 'mv_play_int', 'dom_perc')",0.538357275
"('power_rating', 'bmi', 'qol', 'mv_play_int', 'int_perc')",0.538357275
"('power_rating', 'bmi', 'qol', 'mv_play_int', 'dom_perc', 'int_perc')",0.538357275
"('life_exp', 'qol', 'mv_play_dom', 'num_play_dom', 'dom_int_mv_ratio', 'dom_perc')",0.53829838
"('life_exp', 'qol', 'mv_play_dom', 'num_play_dom', 'dom_int_mv_ratio', 'int_perc')",0.53829838
"('life_exp', 'qol', 'mv_play_dom', 'num_play_dom', 'dom_int_mv_ratio', 'dom_perc', 'int_perc')",0.53829838
"('power_rating', 'gdp_usd', 'mv_usd', 'mv_play_dom', 'num_play_dom', 'mv_play_int', 'dom_int_mv_ratio', 'dom_perc')",0.538270328
"('power_rating', 'gdp_usd', 'mv_usd', 'mv_play_dom', 'num_play_dom', 'mv_play_int', 'dom_int_mv_ratio', 'int_perc')",0.538270328
"('power_rating', 'gdp_usd', 'mv_usd', 'mv_play_dom', 'num_play_dom', 'mv_play_int', 'dom_int_mv_ratio', 'dom_perc', 'int_perc')",0.538270328
"('power_rating', 'gdp_usd', 'bmi', 'life_exp', 'num_play_dom', 'mv_play_int')",0.538259869
"('power_rating', 'gdp_usd', 'mv_usd', 'num_play_dom', 'mv_play_int', 'dom_int_mv_ratio', 'dom_perc')",0.538251987
"('power_rating', 'gdp_usd', 'mv_usd', 'num_play_dom', 'mv_play_int', 'dom_int_mv_ratio', 'int_perc')",0.538251987
"('power_rating', 'gdp_usd', 'mv_usd', 'num_play_dom', 'mv_play_int', 'dom_int_mv_ratio', 'dom_perc', 'int_perc')",0.538251987
"('power_rating', 'gdp_usd', 'mv_usd', 'bmi', 'life_exp', 'mv_play_int')",0.538216449
"('power_rating', 'bmi', 'qol', 'mv_play_int')",0.538197601
"('power_rating', 'gdp_usd', 'mv_play_dom', 'num_play_dom', 'mv_play_int', 'dom_int_mv_ratio', 'dom_perc')",0.538173802
"('power_rating', 'gdp_usd', 'mv_play_dom', 'num_play_dom', 'mv_play_int', 'dom_int_mv_ratio', 'int_perc')",0.538173802
"('power_rating', 'gdp_usd', 'mv_play_dom', 'num_play_dom', 'mv_play_int', 'dom_int_mv_ratio', 'dom_perc', 'int_perc')",0.538173802
"('power_rating', 'gdp_usd', 'elo_rating', 'bmi', 'mv_play_int')",0.538148372
"('power_rating', 'gdp_usd', 'num_play_dom', 'mv_play_int', 'dom_int_mv_ratio', 'dom_perc')",0.538059648
"('power_rating', 'gdp_usd', 'num_play_dom', 'mv_play_int', 'dom_int_mv_ratio', 'int_perc')",0.538059648
"('power_rating', 'gdp_usd', 'num_play_dom', 'mv_play_int', 'dom_int_mv_ratio', 'dom_perc', 'int_perc')",0.538059648
"('gdp_usd', 'mv_usd', 'elo_rating', 'bmi', 'qol', 'mv_play_dom', 'num_play_dom', 'mv_play_int', 'num_play_int', 'dom_int_mv_ratio')",0.538005255
"('gdp_usd', 'mv_usd', 'elo_rating', 'bmi', 'qol', 'mv_play_dom', 'num_play_dom', 'num_play_int', 'dom_int_mv_ratio')",0.538003813
"('power_rating', 'gdp_usd', 'mv_usd', 'elo_rating', 'life_exp', 'num_play_dom', 'dom_perc')",0.537982139
"('power_rating', 'gdp_usd', 'mv_usd', 'elo_rating', 'life_exp', 'num_play_dom', 'int_perc')",0.537982139
"('power_rating', 'gdp_usd', 'mv_usd', 'elo_rating', 'life_exp', 'num_play_dom', 'dom_perc', 'int_perc')",0.537982139
"('power_rating', 'gdp_usd', 'elo_rating', 'bmi', 'life_exp', 'mv_play_dom', 'num_play_dom', 'dom_perc')",0.537931626
"('power_rating', 'gdp_usd', 'elo_rating', 'bmi', 'life_exp', 'mv_play_dom', 'num_play_dom', 'int_perc')",0.537931626
"('power_rating', 'gdp_usd', 'elo_rating', 'bmi', 'life_exp', 'mv_play_dom', 'num_play_dom', 'dom_perc', 'int_perc')",0.537931626
"('power_rating', 'gdp_usd', 'elo_rating', 'bmi', 'life_exp', 'mv_play_dom', 'dom_perc')",0.537924502
"('power_rating', 'gdp_usd', 'elo_rating', 'bmi', 'life_exp', 'mv_play_dom', 'int_perc')",0.537924502
"('power_rating', 'gdp_usd', 'elo_rating', 'bmi', 'life_exp', 'mv_play_dom', 'dom_perc', 'int_perc')",0.537924502
"('life_exp', 'qol', 'num_play_dom', 'dom_int_mv_ratio', 'dom_perc')",0.537898466
"('life_exp', 'qol', 'num_play_dom', 'dom_int_mv_ratio', 'int_perc')",0.537898466
"('life_exp', 'qol', 'num_play_dom', 'dom_int_mv_ratio', 'dom_perc', 'int_perc')",0.537898466
"('power_rating', 'mv_usd', 'elo_rating', 'qol', 'num_play_dom', 'dom_int_mv_ratio')",0.537874695
"('power_rating', 'mv_usd', 'elo_rating', 'life_exp', 'num_play_dom', 'dom_perc')",0.537870349
"('power_rating', 'mv_usd', 'elo_rating', 'life_exp', 'num_play_dom', 'int_perc')",0.537870349
"('power_rating', 'mv_usd', 'elo_rating', 'life_exp', 'num_play_dom', 'dom_perc', 'int_perc')",0.537870349
"('power_rating', 'elo_rating', 'bmi', 'life_exp', 'qol', 'mv_play_dom', 'num_play_int', 'dom_int_mv_ratio')",0.537870158
"('power_rating', 'gdp_usd', 'mv_usd', 'elo_rating', 'life_exp', 'dom_perc')",0.537863682
"('power_rating', 'gdp_usd', 'mv_usd', 'elo_rating', 'life_exp', 'int_perc')",0.537863682
"('power_rating', 'gdp_usd', 'mv_usd', 'elo_rating', 'life_exp', 'dom_perc', 'int_perc')",0.537863682
"('power_rating', 'gdp_usd', 'elo_rating', 'bmi', 'life_exp', 'num_play_dom', 'dom_perc')",0.537857758
"('power_rating', 'gdp_usd', 'elo_rating', 'bmi', 'life_exp', 'num_play_dom', 'int_perc')",0.537857758
"('power_rating', 'gdp_usd', 'elo_rating', 'bmi', 'life_exp', 'num_play_dom', 'dom_perc', 'int_perc')",0.537857758
"('power_rating', 'gdp_usd', 'elo_rating', 'bmi', 'life_exp', 'dom_perc')",0.537855081
"('power_rating', 'gdp_usd', 'elo_rating', 'bmi', 'life_exp', 'int_perc')",0.537855081
"('power_rating', 'gdp_usd', 'elo_rating', 'bmi', 'life_exp', 'dom_perc', 'int_perc')",0.537855081
"('gdp_usd', 'mv_usd', 'qol', 'mv_play_dom', 'num_play_dom', 'mv_play_int', 'num_play_int', 'dom_int_mv_ratio', 'dom_perc')",0.537703742
"('gdp_usd', 'mv_usd', 'qol', 'mv_play_dom', 'num_play_dom', 'mv_play_int', 'num_play_int', 'dom_int_mv_ratio', 'int_perc')",0.537703742
"('gdp_usd', 'mv_usd', 'qol', 'mv_play_dom', 'num_play_dom', 'mv_play_int', 'num_play_int', 'dom_int_mv_ratio', 'dom_perc', 'int_perc')",0.537703742
"('power_rating', 'mv_usd', 'elo_rating', 'mv_play_int', 'dom_int_mv_ratio')",0.537671818
"('power_rating', 'elo_rating', 'bmi', 'life_exp', 'mv_play_dom', 'num_play_dom', 'dom_perc')",0.537665867
"('power_rating', 'elo_rating', 'bmi', 'life_exp', 'mv_play_dom', 'num_play_dom', 'int_perc')",0.537665867
"('power_rating', 'elo_rating', 'bmi', 'life_exp', 'mv_play_dom', 'num_play_dom', 'dom_perc', 'int_perc')",0.537665867
"('gdp_usd', 'mv_usd', 'qol', 'mv_play_dom', 'num_play_dom', 'num_play_int', 'dom_int_mv_ratio', 'dom_perc')",0.537664899
"('gdp_usd', 'mv_usd', 'qol', 'mv_play_dom', 'num_play_dom', 'num_play_int', 'dom_int_mv_ratio', 'int_perc')",0.537664899
"('gdp_usd', 'mv_usd', 'qol', 'mv_play_dom', 'num_play_dom', 'num_play_int', 'dom_int_mv_ratio', 'dom_perc', 'int_perc')",0.537664899
"('power_rating', 'elo_rating', 'life_exp', 'qol', 'num_play_dom', 'dom_int_mv_ratio')",0.537655152
"('power_rating', 'elo_rating', 'bmi', 'life_exp', 'mv_play_dom', 'dom_perc')",0.537626054
"('power_rating', 'elo_rating', 'bmi', 'life_exp', 'mv_play_dom', 'int_perc')",0.537626054
"('power_rating', 'elo_rating', 'bmi', 'life_exp', 'mv_play_dom', 'dom_perc', 'int_perc')",0.537626054
"('power_rating', 'gdp_usd', 'mv_usd', 'life_exp', 'mv_play_int')",0.537603038
"('power_rating', 'elo_rating', 'bmi', 'life_exp', 'num_play_dom', 'dom_perc')",0.537559591
"('power_rating', 'elo_rating', 'bmi', 'life_exp', 'num_play_dom', 'int_perc')",0.537559591
"('power_rating', 'elo_rating', 'bmi', 'life_exp', 'num_play_dom', 'dom_perc', 'int_perc')",0.537559591
"('power_rating', 'gdp_usd', 'mv_usd', 'elo_rating', 'mv_play_dom', 'num_play_dom', 'dom_int_mv_ratio', 'dom_perc')",0.537553935
"('power_rating', 'gdp_usd', 'mv_usd', 'elo_rating', 'mv_play_dom', 'num_play_dom', 'dom_int_mv_ratio', 'int_perc')",0.537553935
"('power_rating', 'gdp_usd', 'mv_usd', 'elo_rating', 'mv_play_dom', 'num_play_dom', 'dom_int_mv_ratio', 'dom_perc', 'int_perc')",0.537553935
"('power_rating', 'gdp_usd', 'mv_usd', 'elo_rating', 'mv_play_dom', 'dom_int_mv_ratio', 'dom_perc')",0.537545363
"('power_rating', 'gdp_usd', 'mv_usd', 'elo_rating', 'mv_play_dom', 'dom_int_mv_ratio', 'int_perc')",0.537545363
"('power_rating', 'gdp_usd', 'mv_usd', 'elo_rating', 'mv_play_dom', 'dom_int_mv_ratio', 'dom_perc', 'int_perc')",0.537545363
"('power_rating', 'mv_usd', 'mv_play_dom', 'num_play_dom', 'mv_play_int', 'dom_int_mv_ratio', 'dom_perc', 'int_perc')",0.537539495
"('power_rating', 'mv_usd', 'mv_play_dom', 'num_play_dom', 'mv_play_int', 'dom_int_mv_ratio', 'dom_perc')",0.537539495
"('power_rating', 'mv_usd', 'mv_play_dom', 'num_play_dom', 'mv_play_int', 'dom_int_mv_ratio', 'int_perc')",0.537539495
"('power_rating', 'elo_rating', 'bmi', 'life_exp', 'dom_perc')",0.537486585
"('power_rating', 'elo_rating', 'bmi', 'life_exp', 'int_perc')",0.537486585
"('power_rating', 'elo_rating', 'bmi', 'life_exp', 'dom_perc', 'int_perc')",0.537486585
"('power_rating', 'mv_usd', 'elo_rating', 'bmi', 'mv_play_dom', 'num_play_dom', 'num_play_int', 'dom_int_mv_ratio')",0.537477697
"('power_rating', 'mv_usd', 'elo_rating', 'life_exp', 'dom_perc')",0.537475768
"('power_rating', 'mv_usd', 'elo_rating', 'life_exp', 'int_perc')",0.537475768
"('power_rating', 'mv_usd', 'elo_rating', 'life_exp', 'dom_perc', 'int_perc')",0.537475768
"('power_rating', 'qol', 'mv_play_int', 'dom_perc')",0.537455406
"('power_rating', 'qol', 'mv_play_int', 'int_perc')",0.537455406
"('power_rating', 'qol', 'mv_play_int', 'dom_perc', 'int_perc')",0.537455406
"('power_rating', 'qol', 'mv_play_int')",0.537454317
"('power_rating', 'mv_usd', 'elo_rating', 'num_play_int', 'dom_int_mv_ratio', 'dom_perc')",0.537426493
"('power_rating', 'mv_usd', 'elo_rating', 'num_play_int', 'dom_int_mv_ratio', 'int_perc')",0.537426493
"('power_rating', 'mv_usd', 'elo_rating', 'num_play_int', 'dom_int_mv_ratio', 'dom_perc', 'int_perc')",0.537426493
"('power_rating', 'gdp_usd', 'bmi', 'life_exp', 'mv_play_dom', 'mv_play_int', 'dom_int_mv_ratio')",0.537379135
"('power_rating', 'mv_usd', 'num_play_dom', 'mv_play_int', 'dom_int_mv_ratio', 'dom_perc')",0.537377819
"('power_rating', 'mv_usd', 'num_play_dom', 'mv_play_int', 'dom_int_mv_ratio', 'int_perc')",0.537377819
"('power_rating', 'mv_usd', 'num_play_dom', 'mv_play_int', 'dom_int_mv_ratio', 'dom_perc', 'int_perc')",0.537377819
"('bmi', 'qol', 'mv_play_dom', 'num_play_dom', 'mv_play_int', 'dom_int_mv_ratio', 'dom_perc')",0.537339507
"('bmi', 'qol', 'mv_play_dom', 'num_play_dom', 'mv_play_int', 'dom_int_mv_ratio', 'int_perc')",0.537339507
"('bmi', 'qol', 'mv_play_dom', 'num_play_dom', 'mv_play_int', 'dom_int_mv_ratio', 'dom_perc', 'int_perc')",0.537339507
"('power_rating', 'gdp_usd', 'life_exp', 'mv_play_dom', 'mv_play_int', 'dom_int_mv_ratio')",0.537208395
"('power_rating', 'mv_usd', 'elo_rating', 'bmi', 'mv_play_dom', 'num_play_dom', 'dom_int_mv_ratio')",0.53719105
"('life_exp', 'qol', 'mv_play_dom', 'num_play_dom', 'mv_play_int', 'dom_int_mv_ratio')",0.537190414
"('power_rating', 'mv_usd', 'elo_rating', 'mv_play_dom', 'num_play_dom', 'dom_int_mv_ratio', 'dom_perc')",0.537179123
"('power_rating', 'mv_usd', 'elo_rating', 'mv_play_dom', 'num_play_dom', 'dom_int_mv_ratio', 'int_perc')",0.537179123
"('power_rating', 'mv_usd', 'elo_rating', 'mv_play_dom', 'num_play_dom', 'dom_int_mv_ratio', 'dom_perc', 'int_perc')",0.537179123
"('power_rating', 'gdp_usd', 'bmi', 'life_exp', 'mv_play_int', 'dom_int_mv_ratio', 'dom_perc')",0.537140145
"('power_rating', 'gdp_usd', 'bmi', 'life_exp', 'mv_play_int', 'dom_int_mv_ratio', 'int_perc')",0.537140145
"('power_rating', 'gdp_usd', 'bmi', 'life_exp', 'mv_play_int', 'dom_int_mv_ratio', 'dom_perc', 'int_perc')",0.537140145
"('power_rating', 'mv_play_dom', 'num_play_dom', 'mv_play_int', 'dom_int_mv_ratio', 'dom_perc')",0.537083232
"('power_rating', 'mv_play_dom', 'num_play_dom', 'mv_play_int', 'dom_int_mv_ratio', 'int_perc')",0.537083232
"('power_rating', 'mv_play_dom', 'num_play_dom', 'mv_play_int', 'dom_int_mv_ratio', 'dom_perc', 'int_perc')",0.537083232
"('power_rating', 'elo_rating', 'num_play_int', 'dom_int_mv_ratio', 'dom_perc')",0.53695415
"('power_rating', 'elo_rating', 'num_play_int', 'dom_int_mv_ratio', 'int_perc')",0.53695415
"('power_rating', 'elo_rating', 'num_play_int', 'dom_int_mv_ratio', 'dom_perc', 'int_perc')",0.53695415
"('power_rating', 'num_play_dom', 'mv_play_int', 'dom_int_mv_ratio', 'dom_perc')",0.536877816
"('power_rating', 'num_play_dom', 'mv_play_int', 'dom_int_mv_ratio', 'int_perc')",0.536877816
"('power_rating', 'num_play_dom', 'mv_play_int', 'dom_int_mv_ratio', 'dom_perc', 'int_perc')",0.536877816
"('power_rating', 'mv_usd', 'elo_rating', 'mv_play_dom', 'dom_int_mv_ratio', 'dom_perc')",0.53687243
"('power_rating', 'mv_usd', 'elo_rating', 'mv_play_dom', 'dom_int_mv_ratio', 'int_perc')",0.53687243
"('power_rating', 'mv_usd', 'elo_rating', 'mv_play_dom', 'dom_int_mv_ratio', 'dom_perc', 'int_perc')",0.53687243
"('elo_rating', 'num_play_dom', 'num_play_int', 'dom_int_mv_ratio', 'dom_perc')",0.536748163
"('elo_rating', 'num_play_dom', 'num_play_int', 'dom_int_mv_ratio', 'int_perc')",0.536748163
"('elo_rating', 'num_play_dom', 'num_play_int', 'dom_int_mv_ratio', 'dom_perc', 'int_perc')",0.536748163
"('power_rating', 'gdp_usd', 'elo_rating', 'qol', 'num_play_dom', 'dom_int_mv_ratio')",0.536731181
"('power_rating', 'gdp_usd', 'life_exp', 'mv_play_dom', 'mv_play_int', 'dom_perc')",0.536595873
"('power_rating', 'gdp_usd', 'life_exp', 'mv_play_dom', 'mv_play_int', 'int_perc')",0.536595873
"('power_rating', 'gdp_usd', 'life_exp', 'mv_play_dom', 'mv_play_int', 'dom_perc', 'int_perc')",0.536595873
"('power_rating', 'gdp_usd', 'elo_rating', 'bmi', 'num_play_int', 'dom_perc')",0.536588516
"('power_rating', 'gdp_usd', 'elo_rating', 'bmi', 'num_play_int', 'int_perc')",0.536588516
"('power_rating', 'gdp_usd', 'elo_rating', 'bmi', 'num_play_int', 'dom_perc', 'int_perc')",0.536588516
"('power_rating', 'gdp_usd', 'life_exp', 'mv_play_int', 'dom_int_mv_ratio', 'dom_perc')",0.536575183
"('power_rating', 'gdp_usd', 'life_exp', 'mv_play_int', 'dom_int_mv_ratio', 'int_perc')",0.536575183
"('power_rating', 'gdp_usd', 'life_exp', 'mv_play_int', 'dom_int_mv_ratio', 'dom_perc', 'int_perc')",0.536575183
"('bmi', 'qol', 'mv_play_dom', 'num_play_dom', 'mv_play_int', 'num_play_int', 'dom_perc')",0.53653432
"('bmi', 'qol', 'mv_play_dom', 'num_play_dom', 'mv_play_int', 'num_play_int', 'int_perc')",0.53653432
"('bmi', 'qol', 'mv_play_dom', 'num_play_dom', 'mv_play_int', 'num_play_int', 'dom_perc', 'int_perc')",0.53653432
"('bmi', 'qol', 'mv_play_dom', 'num_play_dom', 'dom_int_mv_ratio', 'dom_perc', 'int_perc')",0.536467521
"('bmi', 'qol', 'mv_play_dom', 'num_play_dom', 'dom_int_mv_ratio', 'dom_perc')",0.536467521
"('bmi', 'qol', 'mv_play_dom', 'num_play_dom', 'dom_int_mv_ratio', 'int_perc')",0.536467521
"('power_rating', 'gdp_usd', 'elo_rating', 'bmi', 'qol', 'mv_play_dom', 'num_play_int', 'dom_int_mv_ratio')",0.53638062
"('power_rating', 'gdp_usd', 'mv_usd', 'elo_rating', 'bmi', 'mv_play_dom', 'num_play_dom', 'dom_perc')",0.536346542
"('power_rating', 'gdp_usd', 'mv_usd', 'elo_rating', 'bmi', 'mv_play_dom', 'num_play_dom', 'int_perc')",0.536346542
"('power_rating', 'gdp_usd', 'mv_usd', 'elo_rating', 'bmi', 'mv_play_dom', 'num_play_dom', 'dom_perc', 'int_perc')",0.536346542
"('power_rating', 'gdp_usd', 'mv_usd', 'elo_rating', 'bmi', 'mv_play_dom', 'dom_perc')",0.536328481
"('power_rating', 'gdp_usd', 'mv_usd', 'elo_rating', 'bmi', 'mv_play_dom', 'int_perc')",0.536328481
"('power_rating', 'gdp_usd', 'mv_usd', 'elo_rating', 'bmi', 'mv_play_dom', 'dom_perc', 'int_perc')",0.536328481
"('power_rating', 'elo_rating', 'bmi', 'mv_play_dom', 'num_play_int', 'dom_perc')",0.536312113
"('power_rating', 'elo_rating', 'bmi', 'mv_play_dom', 'num_play_int', 'int_perc')",0.536312113
"('power_rating', 'elo_rating', 'bmi', 'mv_play_dom', 'num_play_int', 'dom_perc', 'int_perc')",0.536312113
"('elo_rating', 'num_play_dom', 'num_play_int', 'dom_int_mv_ratio')",0.536234015
"('bmi', 'qol', 'num_play_dom', 'num_play_int', 'dom_int_mv_ratio')",0.536222236
"('gdp_usd', 'mv_usd', 'elo_rating', 'qol', 'mv_play_dom', 'num_play_dom', 'mv_play_int', 'dom_int_mv_ratio', 'dom_perc')",0.536160186
"('gdp_usd', 'mv_usd', 'elo_rating', 'qol', 'mv_play_dom', 'num_play_dom', 'mv_play_int', 'dom_int_mv_ratio', 'int_perc')",0.536160186
"('gdp_usd', 'mv_usd', 'elo_rating', 'qol', 'mv_play_dom', 'num_play_dom', 'mv_play_int', 'dom_int_mv_ratio', 'dom_perc', 'int_perc')",0.536160186
"('power_rating', 'gdp_usd', 'bmi', 'life_exp', 'mv_play_int', 'dom_int_mv_ratio')",0.536074342
"('power_rating', 'gdp_usd', 'mv_usd', 'elo_rating', 'num_play_dom', 'num_play_int', 'dom_perc')",0.535961428
"('power_rating', 'gdp_usd', 'mv_usd', 'elo_rating', 'num_play_dom', 'num_play_int', 'int_perc')",0.535961428
"('power_rating', 'gdp_usd', 'mv_usd', 'elo_rating', 'num_play_dom', 'num_play_int', 'dom_perc', 'int_perc')",0.535961428
"('power_rating', 'mv_usd', 'elo_rating', 'bmi', 'life_exp', 'num_play_dom', 'num_play_int', 'dom_int_mv_ratio')",0.535926949
"('power_rating', 'gdp_usd', 'elo_rating', 'life_exp', 'num_play_dom', 'num_play_int', 'dom_int_mv_ratio')",0.535866101
"('power_rating', 'gdp_usd', 'life_exp', 'mv_play_int', 'dom_int_mv_ratio')",0.535854715
"('power_rating', 'gdp_usd', 'elo_rating', 'life_exp', 'num_play_dom', 'dom_int_mv_ratio')",0.535836375
"('power_rating', 'gdp_usd', 'mv_usd', 'elo_rating', 'mv_play_int', 'dom_perc')",0.535624966
"('power_rating', 'gdp_usd', 'mv_usd', 'elo_rating', 'mv_play_int', 'int_perc')",0.535624966
"('power_rating', 'gdp_usd', 'mv_usd', 'elo_rating', 'mv_play_int', 'dom_perc', 'int_perc')",0.535624966
"('power_rating', 'elo_rating', 'bmi', 'qol', 'num_play_dom', 'dom_int_mv_ratio')",0.535510476
"('power_rating', 'gdp_usd', 'elo_rating', 'bmi', 'mv_play_dom', 'num_play_dom', 'num_play_int', 'dom_int_mv_ratio')",0.535435148
"('gdp_usd', 'mv_usd', 'elo_rating', 'qol', 'mv_play_dom', 'num_play_dom', 'dom_int_mv_ratio', 'dom_perc')",0.535434005
"('gdp_usd', 'mv_usd', 'elo_rating', 'qol', 'mv_play_dom', 'num_play_dom', 'dom_int_mv_ratio', 'int_perc')",0.535434005
"('gdp_usd', 'mv_usd', 'elo_rating', 'qol', 'mv_play_dom', 'num_play_dom', 'dom_int_mv_ratio', 'dom_perc', 'int_perc')",0.535434005
"('power_rating', 'gdp_usd', 'elo_rating', 'bmi', 'mv_play_dom', 'num_play_dom', 'dom_int_mv_ratio')",0.535404258
"('power_rating', 'gdp_usd', 'bmi', 'num_play_dom', 'num_play_int', 'dom_int_mv_ratio', 'dom_perc')",0.535314932
"('power_rating', 'gdp_usd', 'bmi', 'num_play_dom', 'num_play_int', 'dom_int_mv_ratio', 'int_perc')",0.535314932
"('power_rating', 'gdp_usd', 'bmi', 'num_play_dom', 'num_play_int', 'dom_int_mv_ratio', 'dom_perc', 'int_perc')",0.535314932
"('power_rating', 'gdp_usd', 'life_exp', 'num_play_int', 'dom_int_mv_ratio', 'dom_perc')",0.535189754
"('power_rating', 'gdp_usd', 'life_exp', 'num_play_int', 'dom_int_mv_ratio', 'int_perc')",0.535189754
"('power_rating', 'gdp_usd', 'life_exp', 'num_play_int', 'dom_int_mv_ratio', 'dom_perc', 'int_perc')",0.535189754
"('gdp_usd', 'mv_usd', 'qol', 'mv_play_dom', 'num_play_dom', 'mv_play_int', 'dom_int_mv_ratio', 'dom_perc')",0.534969586
"('gdp_usd', 'mv_usd', 'qol', 'mv_play_dom', 'num_play_dom', 'mv_play_int', 'dom_int_mv_ratio', 'int_perc')",0.534969586
"('gdp_usd', 'mv_usd', 'qol', 'mv_play_dom', 'num_play_dom', 'mv_play_int', 'dom_int_mv_ratio', 'dom_perc', 'int_perc')",0.534969586
"('gdp_usd', 'mv_usd', 'qol', 'mv_play_dom', 'num_play_dom', 'dom_int_mv_ratio', 'dom_perc')",0.534919219
"('gdp_usd', 'mv_usd', 'qol', 'mv_play_dom', 'num_play_dom', 'dom_int_mv_ratio', 'int_perc')",0.534919219
"('gdp_usd', 'mv_usd', 'qol', 'mv_play_dom', 'num_play_dom', 'dom_int_mv_ratio', 'dom_perc', 'int_perc')",0.534919219
"('power_rating', 'gdp_usd', 'mv_usd', 'bmi', 'qol', 'mv_play_dom', 'num_play_int', 'dom_perc')",0.534870588
"('power_rating', 'gdp_usd', 'mv_usd', 'bmi', 'qol', 'mv_play_dom', 'num_play_int', 'int_perc')",0.534870588
"('power_rating', 'gdp_usd', 'mv_usd', 'bmi', 'qol', 'mv_play_dom', 'num_play_int', 'dom_perc', 'int_perc')",0.534870588
"('gdp_usd', 'mv_usd', 'elo_rating', 'bmi', 'life_exp', 'qol', 'num_play_dom', 'mv_play_int', 'num_play_int', 'dom_int_mv_ratio', 'dom_perc')",0.534837091
"('gdp_usd', 'mv_usd', 'elo_rating', 'bmi', 'life_exp', 'qol', 'num_play_dom', 'mv_play_int', 'num_play_int', 'dom_int_mv_ratio', 'int_perc')",0.534837091
"('gdp_usd', 'mv_usd', 'elo_rating', 'bmi', 'life_exp', 'qol', 'num_play_dom', 'mv_play_int', 'num_play_int', 'dom_int_mv_ratio', 'dom_perc', 'int_perc')",0.534837091
"('gdp_usd', 'mv_usd', 'elo_rating', 'life_exp', 'qol', 'num_play_dom', 'mv_play_int', 'num_play_int', 'dom_int_mv_ratio', 'dom_perc')",0.534803921
"('gdp_usd', 'mv_usd', 'elo_rating', 'life_exp', 'qol', 'num_play_dom', 'mv_play_int', 'num_play_int', 'dom_int_mv_ratio', 'int_perc')",0.534803921
"('gdp_usd', 'mv_usd', 'elo_rating', 'life_exp', 'qol', 'num_play_dom', 'mv_play_int', 'num_play_int', 'dom_int_mv_ratio', 'dom_perc', 'int_perc')",0.534803921
"('gdp_usd', 'mv_usd', 'elo_rating', 'bmi', 'life_exp', 'qol', 'num_play_dom', 'num_play_int', 'dom_int_mv_ratio', 'dom_perc')",0.534798746
"('gdp_usd', 'mv_usd', 'elo_rating', 'bmi', 'life_exp', 'qol', 'num_play_dom', 'num_play_int', 'dom_int_mv_ratio', 'int_perc')",0.534798746
"('gdp_usd', 'mv_usd', 'elo_rating', 'bmi', 'life_exp', 'qol', 'num_play_dom', 'num_play_int', 'dom_int_mv_ratio', 'dom_perc', 'int_perc')",0.534798746
"('power_rating', 'mv_usd', 'elo_rating', 'bmi', 'mv_play_dom', 'num_play_dom', 'dom_perc')",0.534776999
"('power_rating', 'mv_usd', 'elo_rating', 'bmi', 'mv_play_dom', 'num_play_dom', 'int_perc')",0.534776999
"('power_rating', 'mv_usd', 'elo_rating', 'bmi', 'mv_play_dom', 'num_play_dom', 'dom_perc', 'int_perc')",0.534776999
"('gdp_usd', 'mv_usd', 'elo_rating', 'life_exp', 'qol', 'num_play_dom', 'num_play_int', 'dom_int_mv_ratio', 'dom_perc')",0.534771157
"('gdp_usd', 'mv_usd', 'elo_rating', 'life_exp', 'qol', 'num_play_dom', 'num_play_int', 'dom_int_mv_ratio', 'int_perc')",0.534771157
"('gdp_usd', 'mv_usd', 'elo_rating', 'life_exp', 'qol', 'num_play_dom', 'num_play_int', 'dom_int_mv_ratio', 'dom_perc', 'int_perc')",0.534771157
"('elo_rating', 'num_play_int', 'dom_int_mv_ratio', 'dom_perc')",0.534742609
"('elo_rating', 'num_play_int', 'dom_int_mv_ratio', 'int_perc')",0.534742609
"('elo_rating', 'num_play_int', 'dom_int_mv_ratio', 'dom_perc', 'int_perc')",0.534742609
"('power_rating', 'elo_rating', 'bmi', 'qol', 'mv_play_dom', 'num_play_int', 'dom_int_mv_ratio')",0.534704516
"('bmi', 'qol', 'mv_play_int', 'num_play_int', 'dom_int_mv_ratio', 'dom_perc')",0.534702694
"('bmi', 'qol', 'mv_play_int', 'num_play_int', 'dom_int_mv_ratio', 'int_perc')",0.534702694
"('bmi', 'qol', 'mv_play_int', 'num_play_int', 'dom_int_mv_ratio', 'dom_perc', 'int_perc')",0.534702694
"('power_rating', 'qol', 'mv_play_dom', 'num_play_int', 'dom_int_mv_ratio', 'dom_perc')",0.53469649
"('power_rating', 'qol', 'mv_play_dom', 'num_play_int', 'dom_int_mv_ratio', 'int_perc')",0.53469649
"('power_rating', 'qol', 'mv_play_dom', 'num_play_int', 'dom_int_mv_ratio', 'dom_perc', 'int_perc')",0.53469649
"('power_rating', 'mv_usd', 'elo_rating', 'bmi', 'life_exp', 'num_play_dom', 'dom_int_mv_ratio')",0.534672902
"('bmi', 'qol', 'mv_play_dom', 'num_play_dom', 'num_play_int', 'dom_perc')",0.534660802
"('bmi', 'qol', 'mv_play_dom', 'num_play_dom', 'num_play_int', 'int_perc')",0.534660802
"('bmi', 'qol', 'mv_play_dom', 'num_play_dom', 'num_play_int', 'dom_perc', 'int_perc')",0.534660802
"('power_rating', 'mv_usd', 'elo_rating', 'mv_play_int', 'dom_perc')",0.534555395
"('power_rating', 'mv_usd', 'elo_rating', 'mv_play_int', 'int_perc')",0.534555395
"('power_rating', 'mv_usd', 'elo_rating', 'mv_play_int', 'dom_perc', 'int_perc')",0.534555395
"('power_rating', 'gdp_usd', 'elo_rating', 'life_exp', 'mv_play_dom', 'num_play_dom', 'dom_perc')",0.534490808
"('power_rating', 'gdp_usd', 'elo_rating', 'life_exp', 'mv_play_dom', 'num_play_dom', 'int_perc')",0.534490808
"('power_rating', 'gdp_usd', 'elo_rating', 'life_exp', 'mv_play_dom', 'num_play_dom', 'dom_perc', 'int_perc')",0.534490808
"('power_rating', 'gdp_usd', 'elo_rating', 'life_exp', 'num_play_dom', 'dom_perc')",0.534489071
"('power_rating', 'gdp_usd', 'elo_rating', 'life_exp', 'num_play_dom', 'int_perc')",0.534489071
"('power_rating', 'gdp_usd', 'elo_rating', 'life_exp', 'num_play_dom', 'dom_perc', 'int_perc')",0.534489071
"('gdp_usd', 'mv_usd', 'bmi', 'life_exp', 'qol', 'num_play_dom', 'mv_play_int', 'num_play_int', 'dom_int_mv_ratio', 'dom_perc')",0.534485152
"('gdp_usd', 'mv_usd', 'bmi', 'life_exp', 'qol', 'num_play_dom', 'mv_play_int', 'num_play_int', 'dom_int_mv_ratio', 'int_perc')",0.534485152
"('gdp_usd', 'mv_usd', 'bmi', 'life_exp', 'qol', 'num_play_dom', 'mv_play_int', 'num_play_int', 'dom_int_mv_ratio', 'dom_perc', 'int_perc')",0.534485152
"('bmi', 'qol', 'mv_play_dom', 'mv_play_int', 'num_play_int', 'dom_perc')",0.534407278
"('bmi', 'qol', 'mv_play_dom', 'mv_play_int', 'num_play_int', 'int_perc')",0.534407278
"('bmi', 'qol', 'mv_play_dom', 'mv_play_int', 'num_play_int', 'dom_perc', 'int_perc')",0.534407278
"('power_rating', 'gdp_usd', 'elo_rating', 'mv_play_dom', 'num_play_dom', 'dom_int_mv_ratio', 'dom_perc')",0.5344015
"('power_rating', 'gdp_usd', 'elo_rating', 'mv_play_dom', 'num_play_dom', 'dom_int_mv_ratio', 'int_perc')",0.5344015
"('power_rating', 'gdp_usd', 'elo_rating', 'mv_play_dom', 'num_play_dom', 'dom_int_mv_ratio', 'dom_perc', 'int_perc')",0.5344015
"('gdp_usd', 'mv_usd', 'life_exp', 'qol', 'num_play_dom', 'mv_play_int', 'num_play_int', 'dom_int_mv_ratio', 'dom_perc')",0.534400955
"('gdp_usd', 'mv_usd', 'life_exp', 'qol', 'num_play_dom', 'mv_play_int', 'num_play_int', 'dom_int_mv_ratio', 'int_perc')",0.534400955
"('gdp_usd', 'mv_usd', 'life_exp', 'qol', 'num_play_dom', 'mv_play_int', 'num_play_int', 'dom_int_mv_ratio', 'dom_perc', 'int_perc')",0.534400955
"('power_rating', 'gdp_usd', 'elo_rating', 'life_exp', 'mv_play_dom', 'dom_perc')",0.534380245
"('power_rating', 'gdp_usd', 'elo_rating', 'life_exp', 'mv_play_dom', 'int_perc')",0.534380245
"('power_rating', 'gdp_usd', 'elo_rating', 'life_exp', 'mv_play_dom', 'dom_perc', 'int_perc')",0.534380245
"('power_rating', 'gdp_usd', 'elo_rating', 'life_exp', 'dom_perc')",0.534380088
"('power_rating', 'gdp_usd', 'elo_rating', 'life_exp', 'int_perc')",0.534380088
"('power_rating', 'gdp_usd', 'elo_rating', 'life_exp', 'dom_perc', 'int_perc')",0.534380088
"('power_rating', 'mv_usd', 'elo_rating', 'bmi', 'mv_play_dom', 'dom_perc')",0.534376632
"('power_rating', 'mv_usd', 'elo_rating', 'bmi', 'mv_play_dom', 'int_perc')",0.534376632
"('power_rating', 'mv_usd', 'elo_rating', 'bmi', 'mv_play_dom', 'dom_perc', 'int_perc')",0.534376632
"('power_rating', 'gdp_usd', 'elo_rating', 'bmi', 'life_exp', 'qol', 'mv_play_dom', 'dom_int_mv_ratio')",0.534336834
"('power_rating', 'gdp_usd', 'mv_usd', 'bmi', 'qol', 'num_play_int', 'dom_perc')",0.534330187
"('power_rating', 'gdp_usd', 'mv_usd', 'bmi', 'qol', 'num_play_int', 'int_perc')",0.534330187
"('power_rating', 'gdp_usd', 'mv_usd', 'bmi', 'qol', 'num_play_int', 'dom_perc', 'int_perc')",0.534330187
"('power_rating', 'elo_rating', 'bmi', 'life_exp', 'qol', 'mv_play_dom', 'dom_int_mv_ratio')",0.534301407
"('power_rating', 'gdp_usd', 'bmi', 'life_exp', 'qol', 'mv_play_dom', 'num_play_int', 'dom_perc')",0.534295511
"('power_rating', 'gdp_usd', 'bmi', 'life_exp', 'qol', 'mv_play_dom', 'num_play_int', 'int_perc')",0.534295511
"('power_rating', 'gdp_usd', 'bmi', 'life_exp', 'qol', 'mv_play_dom', 'num_play_int', 'dom_perc', 'int_perc')",0.534295511
"('power_rating', 'gdp_usd', 'elo_rating', 'mv_play_dom', 'dom_int_mv_ratio', 'dom_perc')",0.534261979
"('power_rating', 'gdp_usd', 'elo_rating', 'mv_play_dom', 'dom_int_mv_ratio', 'int_perc')",0.534261979
"('power_rating', 'gdp_usd', 'elo_rating', 'mv_play_dom', 'dom_int_mv_ratio', 'dom_perc', 'int_perc')",0.534261979
"('power_rating', 'mv_usd', 'bmi', 'qol', 'mv_play_dom', 'num_play_int', 'dom_perc')",0.534257986
"('power_rating', 'mv_usd', 'bmi', 'qol', 'mv_play_dom', 'num_play_int', 'int_perc')",0.534257986
"('power_rating', 'mv_usd', 'bmi', 'qol', 'mv_play_dom', 'num_play_int', 'dom_perc', 'int_perc')",0.534257986
"('life_exp', 'qol', 'mv_play_dom', 'num_play_dom', 'dom_int_mv_ratio')",0.534227539
"('power_rating', 'gdp_usd', 'bmi', 'life_exp', 'mv_play_dom', 'num_play_int', 'dom_perc')",0.534223678
"('power_rating', 'gdp_usd', 'bmi', 'life_exp', 'mv_play_dom', 'num_play_int', 'int_perc')",0.534223678
"('power_rating', 'gdp_usd', 'bmi', 'life_exp', 'mv_play_dom', 'num_play_int', 'dom_perc', 'int_perc')",0.534223678
"('bmi', 'qol', 'mv_play_dom', 'num_play_dom', 'mv_play_int', 'dom_int_mv_ratio')",0.534208102
"('bmi', 'qol', 'mv_play_dom', 'num_play_dom', 'dom_int_mv_ratio')",0.534207715
"('bmi', 'qol', 'num_play_int', 'dom_int_mv_ratio', 'dom_perc')",0.53406907
"('bmi', 'qol', 'num_play_int', 'dom_int_mv_ratio', 'int_perc')",0.53406907
"('bmi', 'qol', 'num_play_int', 'dom_int_mv_ratio', 'dom_perc', 'int_perc')",0.53406907
"('gdp_usd', 'mv_usd', 'bmi', 'life_exp', 'qol', 'num_play_dom', 'num_play_int', 'dom_int_mv_ratio', 'dom_perc')",0.534062555
"('gdp_usd', 'mv_usd', 'bmi', 'life_exp', 'qol', 'num_play_dom', 'num_play_int', 'dom_int_mv_ratio', 'int_perc')",0.534062555
"('gdp_usd', 'mv_usd', 'bmi', 'life_exp', 'qol', 'num_play_dom', 'num_play_int', 'dom_int_mv_ratio', 'dom_perc', 'int_perc')",0.534062555
"('elo_rating', 'bmi', 'life_exp', 'num_play_int', 'dom_int_mv_ratio')",0.534028968
"('elo_rating', 'life_exp', 'num_play_int', 'dom_int_mv_ratio')",0.534010573
"('gdp_usd', 'mv_usd', 'life_exp', 'qol', 'num_play_dom', 'num_play_int', 'dom_int_mv_ratio', 'dom_perc')",0.533971356
"('gdp_usd', 'mv_usd', 'life_exp', 'qol', 'num_play_dom', 'num_play_int', 'dom_int_mv_ratio', 'int_perc')",0.533971356
"('gdp_usd', 'mv_usd', 'life_exp', 'qol', 'num_play_dom', 'num_play_int', 'dom_int_mv_ratio', 'dom_perc', 'int_perc')",0.533971356
"('power_rating', 'gdp_usd', 'elo_rating', 'mv_play_dom', 'mv_play_int', 'dom_perc')",0.53390339
"('power_rating', 'gdp_usd', 'elo_rating', 'mv_play_dom', 'mv_play_int', 'int_perc')",0.53390339
"('power_rating', 'gdp_usd', 'elo_rating', 'mv_play_dom', 'mv_play_int', 'dom_perc', 'int_perc')",0.53390339
"('power_rating', 'elo_rating', 'life_exp', 'mv_play_dom', 'num_play_dom', 'dom_perc')",0.533901446
"('power_rating', 'elo_rating', 'life_exp', 'mv_play_dom', 'num_play_dom', 'int_perc')",0.533901446
"('power_rating', 'elo_rating', 'life_exp', 'mv_play_dom', 'num_play_dom', 'dom_perc', 'int_perc')",0.533901446
"('power_rating', 'elo_rating', 'life_exp', 'num_play_dom', 'dom_perc')",0.533901009
"('power_rating', 'elo_rating', 'life_exp', 'num_play_dom', 'int_perc')",0.533901009
"('power_rating', 'elo_rating', 'life_exp', 'num_play_dom', 'dom_perc', 'int_perc')",0.533901009
"('power_rating', 'gdp_usd', 'elo_rating', 'mv_play_int', 'dom_perc')",0.533757476
"('power_rating', 'gdp_usd', 'elo_rating', 'mv_play_int', 'int_perc')",0.533757476
"('power_rating', 'gdp_usd', 'elo_rating', 'mv_play_int', 'dom_perc', 'int_perc')",0.533757476
"('life_exp', 'qol', 'num_play_dom', 'mv_play_int', 'dom_int_mv_ratio')",0.533711407
"('power_rating', 'mv_usd', 'elo_rating', 'life_exp', 'num_play_dom', 'num_play_int', 'dom_int_mv_ratio')",0.533522561
"('power_rating', 'mv_usd', 'elo_rating', 'num_play_dom', 'num_play_int', 'dom_perc')",0.533477433
"('power_rating', 'mv_usd', 'elo_rating', 'num_play_dom', 'num_play_int', 'int_perc')",0.533477433
"('power_rating', 'mv_usd', 'elo_rating', 'num_play_dom', 'num_play_int', 'dom_perc', 'int_perc')",0.533477433
"('bmi', 'qol', 'num_play_dom', 'mv_play_int', 'num_play_int', 'dom_perc')",0.533389959
"('bmi', 'qol', 'num_play_dom', 'mv_play_int', 'num_play_int', 'int_perc')",0.533389959
"('bmi', 'qol', 'num_play_dom', 'mv_play_int', 'num_play_int', 'dom_perc', 'int_perc')",0.533389959
"('power_rating', 'elo_rating', 'qol', 'num_play_dom', 'dom_int_mv_ratio')",0.53336972
"('power_rating', 'elo_rating', 'mv_play_dom', 'mv_play_int', 'dom_perc')",0.533353391
"('power_rating', 'elo_rating', 'mv_play_dom', 'mv_play_int', 'int_perc')",0.533353391
"('power_rating', 'elo_rating', 'mv_play_dom', 'mv_play_int', 'dom_perc', 'int_perc')",0.533353391
"('power_rating', 'bmi', 'life_exp', 'num_play_dom', 'mv_play_int')",0.533283177
"('power_rating', 'gdp_usd', 'mv_usd', 'elo_rating', 'bmi', 'life_exp', 'qol', 'mv_play_dom')",0.533269489
"('bmi', 'qol', 'num_play_dom', 'num_play_int', 'dom_perc')",0.533261052
"('bmi', 'qol', 'num_play_dom', 'num_play_int', 'int_perc')",0.533261052
"('bmi', 'qol', 'num_play_dom', 'num_play_int', 'dom_perc', 'int_perc')",0.533261052
"('power_rating', 'mv_usd', 'bmi', 'qol', 'num_play_int', 'dom_perc')",0.533233697
"('power_rating', 'mv_usd', 'bmi', 'qol', 'num_play_int', 'int_perc')",0.533233697
"('power_rating', 'mv_usd', 'bmi', 'qol', 'num_play_int', 'dom_perc', 'int_perc')",0.533233697
"('power_rating', 'gdp_usd', 'bmi', 'life_exp', 'mv_play_dom', 'mv_play_int')",0.533233402
"('power_rating', 'elo_rating', 'mv_play_int', 'dom_perc')",0.533135596
"('power_rating', 'elo_rating', 'mv_play_int', 'int_perc')",0.533135596
"('power_rating', 'elo_rating', 'mv_play_int', 'dom_perc', 'int_perc')",0.533135596
"('power_rating', 'mv_usd', 'bmi', 'life_exp', 'mv_play_dom', 'num_play_int', 'dom_perc')",0.533110587
"('power_rating', 'mv_usd', 'bmi', 'life_exp', 'mv_play_dom', 'num_play_int', 'int_perc')",0.533110587
"('power_rating', 'mv_usd', 'bmi', 'life_exp', 'mv_play_dom', 'num_play_int', 'dom_perc', 'int_perc')",0.533110587
"('gdp_usd', 'mv_usd', 'bmi', 'qol', 'mv_play_dom', 'num_play_dom', 'mv_play_int', 'num_play_int', 'dom_int_mv_ratio')",0.533099219
"('power_rating', 'elo_rating', 'life_exp', 'mv_play_dom', 'dom_perc')",0.533095327
"('power_rating', 'elo_rating', 'life_exp', 'mv_play_dom', 'int_perc')",0.533095327
"('power_rating', 'elo_rating', 'life_exp', 'mv_play_dom', 'dom_perc', 'int_perc')",0.533095327
"('power_rating', 'elo_rating', 'life_exp', 'dom_perc')",0.53306801
"('power_rating', 'elo_rating', 'life_exp', 'int_perc')",0.53306801
"('power_rating', 'elo_rating', 'life_exp', 'dom_perc', 'int_perc')",0.53306801
"('mv_usd', 'bmi', 'qol', 'num_play_dom', 'mv_play_int', 'num_play_int')",0.533039361
"('mv_usd', 'qol', 'num_play_dom', 'mv_play_int', 'num_play_int')",0.533038983
"('power_rating', 'mv_usd', 'bmi', 'life_exp', 'num_play_int', 'dom_perc')",0.533018069
"('power_rating', 'mv_usd', 'bmi', 'life_exp', 'num_play_int', 'int_perc')",0.533018069
"('power_rating', 'mv_usd', 'bmi', 'life_exp', 'num_play_int', 'dom_perc', 'int_perc')",0.533018069
"('power_rating', 'gdp_usd', 'life_exp', 'mv_play_dom', 'mv_play_int')",0.532796774
"('power_rating', 'gdp_usd', 'mv_usd', 'elo_rating', 'life_exp', 'qol', 'mv_play_dom')",0.532682707
"('power_rating', 'elo_rating', 'mv_play_dom', 'num_play_dom', 'dom_int_mv_ratio', 'dom_perc')",0.532452662
"('power_rating', 'elo_rating', 'mv_play_dom', 'num_play_dom', 'dom_int_mv_ratio', 'int_perc')",0.532452662
"('power_rating', 'elo_rating', 'mv_play_dom', 'num_play_dom', 'dom_int_mv_ratio', 'dom_perc', 'int_perc')",0.532452662
"('power_rating', 'gdp_usd', 'bmi', 'qol', 'num_play_int', 'dom_int_mv_ratio', 'dom_perc')",0.532303246
"('power_rating', 'gdp_usd', 'bmi', 'qol', 'num_play_int', 'dom_int_mv_ratio', 'int_perc')",0.532303246
"('power_rating', 'gdp_usd', 'bmi', 'qol', 'num_play_int', 'dom_int_mv_ratio', 'dom_perc', 'int_perc')",0.532303246
"('power_rating', 'elo_rating', 'mv_play_dom', 'dom_int_mv_ratio', 'dom_perc')",0.532241625
"('power_rating', 'elo_rating', 'mv_play_dom', 'dom_int_mv_ratio', 'int_perc')",0.532241625
"('power_rating', 'elo_rating', 'mv_play_dom', 'dom_int_mv_ratio', 'dom_perc', 'int_perc')",0.532241625
"('power_rating', 'gdp_usd', 'mv_usd', 'elo_rating', 'bmi', 'life_exp', 'mv_play_dom', 'num_play_dom', 'num_play_int')",0.53221634
"('power_rating', 'gdp_usd', 'mv_usd', 'elo_rating', 'bmi', 'life_exp', 'mv_play_dom', 'num_play_dom')",0.532191088
"('power_rating', 'mv_usd', 'elo_rating', 'life_exp', 'num_play_dom', 'dom_int_mv_ratio')",0.532009017
"('power_rating', 'gdp_usd', 'elo_rating', 'mv_play_int', 'dom_int_mv_ratio')",0.531948931
"('power_rating', 'gdp_usd', 'life_exp', 'num_play_dom', 'mv_play_int')",0.531945479
"('power_rating', 'gdp_usd', 'mv_usd', 'elo_rating', 'bmi', 'qol', 'mv_play_dom')",0.531906605
"('power_rating', 'gdp_usd', 'mv_usd', 'elo_rating', 'qol', 'mv_play_dom')",0.531771699
"('power_rating', 'elo_rating', 'bmi', 'mv_play_int', 'dom_int_mv_ratio')",0.53123717
"('power_rating', 'mv_usd', 'elo_rating', 'bmi', 'life_exp', 'mv_play_dom', 'num_play_dom', 'num_play_int')",0.531218236
"('power_rating', 'elo_rating', 'bmi', 'life_exp', 'num_play_dom', 'num_play_int', 'dom_int_mv_ratio')",0.531158037
"('power_rating', 'mv_usd', 'elo_rating', 'bmi', 'life_exp', 'mv_play_dom', 'num_play_dom')",0.531146554
"('bmi', 'qol', 'num_play_dom', 'mv_play_int', 'dom_int_mv_ratio', 'dom_perc')",0.530932683
"('bmi', 'qol', 'num_play_dom', 'mv_play_int', 'dom_int_mv_ratio', 'int_perc')",0.530932683
"('bmi', 'qol', 'num_play_dom', 'mv_play_int', 'dom_int_mv_ratio', 'dom_perc', 'int_perc')",0.530932683
"('bmi', 'qol', 'mv_play_dom', 'num_play_dom', 'mv_play_int', 'num_play_int')",0.530670847
"('power_rating', 'mv_usd', 'bmi', 'mv_play_dom', 'num_play_int', 'dom_int_mv_ratio', 'dom_perc')",0.530626665
"('power_rating', 'mv_usd', 'bmi', 'mv_play_dom', 'num_play_int', 'dom_int_mv_ratio', 'int_perc')",0.530626665
"('power_rating', 'mv_usd', 'bmi', 'mv_play_dom', 'num_play_int', 'dom_int_mv_ratio', 'dom_perc', 'int_perc')",0.530626665
"('bmi', 'qol', 'mv_play_dom', 'num_play_int', 'dom_perc')",0.53062014
"('bmi', 'qol', 'mv_play_dom', 'num_play_int', 'int_perc')",0.53062014
"('bmi', 'qol', 'mv_play_dom', 'num_play_int', 'dom_perc', 'int_perc')",0.53062014
"('bmi', 'qol', 'mv_play_dom', 'num_play_dom', 'num_play_int')",0.530617787
"('power_rating', 'bmi', 'life_exp', 'qol', 'num_play_int', 'dom_int_mv_ratio', 'dom_perc')",0.530592252
"('power_rating', 'bmi', 'life_exp', 'qol', 'num_play_int', 'dom_int_mv_ratio', 'int_perc')",0.530592252
"('power_rating', 'bmi', 'life_exp', 'qol', 'num_play_int', 'dom_int_mv_ratio', 'dom_perc', 'int_perc')",0.530592252
"('power_rating', 'mv_usd', 'bmi', 'num_play_int', 'dom_int_mv_ratio', 'dom_perc')",0.530571303
"('power_rating', 'mv_usd', 'bmi', 'num_play_int', 'dom_int_mv_ratio', 'int_perc')",0.530571303
"('power_rating', 'mv_usd', 'bmi', 'num_play_int', 'dom_int_mv_ratio', 'dom_perc', 'int_perc')",0.530571303
"('elo_rating', 'bmi', 'num_play_int', 'dom_int_mv_ratio')",0.530363847
"('life_exp', 'qol', 'num_play_dom', 'dom_int_mv_ratio')",0.530325252
"('bmi', 'qol', 'num_play_dom', 'mv_play_int', 'num_play_int')",0.530226607
"('bmi', 'qol', 'num_play_dom', 'num_play_int')",0.530214258
"('power_rating', 'mv_usd', 'elo_rating', 'bmi', 'life_exp', 'qol', 'mv_play_dom', 'num_play_int')",0.530139629
"('gdp_usd', 'mv_usd', 'bmi', 'qol', 'mv_play_dom', 'num_play_dom', 'num_play_int', 'dom_int_mv_ratio')",0.529944073
"('power_rating', 'gdp_usd', 'elo_rating', 'life_exp', 'qol', 'mv_play_dom', 'num_play_int', 'dom_int_mv_ratio')",0.529932307
"('power_rating', 'elo_rating', 'bmi', 'life_exp', 'num_play_dom', 'dom_int_mv_ratio')",0.529903966
"('power_rating', 'mv_usd', 'life_exp', 'mv_play_dom', 'num_play_int', 'dom_int_mv_ratio', 'dom_perc')",0.529685712
"('power_rating', 'mv_usd', 'life_exp', 'mv_play_dom', 'num_play_int', 'dom_int_mv_ratio', 'int_perc')",0.529685712
"('power_rating', 'mv_usd', 'life_exp', 'mv_play_dom', 'num_play_int', 'dom_int_mv_ratio', 'dom_perc', 'int_perc')",0.529685712
"('power_rating', 'mv_usd', 'elo_rating', 'bmi', 'mv_play_int')",0.529627662
"('power_rating', 'gdp_usd', 'elo_rating', 'bmi', 'qol', 'mv_play_dom', 'dom_int_mv_ratio')",0.529600905
"('power_rating', 'elo_rating', 'bmi', 'qol', 'mv_play_dom', 'dom_int_mv_ratio')",0.529563427
"('power_rating', 'gdp_usd', 'elo_rating', 'qol', 'mv_play_dom', 'num_play_int', 'dom_int_mv_ratio')",0.529558903
"('power_rating', 'mv_usd', 'bmi', 'life_exp', 'mv_play_dom', 'mv_play_int', 'dom_int_mv_ratio', 'dom_perc')",0.529446028
"('power_rating', 'mv_usd', 'bmi', 'life_exp', 'mv_play_dom', 'mv_play_int', 'dom_int_mv_ratio', 'int_perc')",0.529446028
"('power_rating', 'mv_usd', 'bmi', 'life_exp', 'mv_play_dom', 'mv_play_int', 'dom_int_mv_ratio', 'dom_perc', 'int_perc')",0.529446028
"('power_rating', 'mv_usd', 'life_exp', 'num_play_int', 'dom_int_mv_ratio', 'dom_perc')",0.529349373
"('power_rating', 'mv_usd', 'life_exp', 'num_play_int', 'dom_int_mv_ratio', 'int_perc')",0.529349373
"('power_rating', 'mv_usd', 'life_exp', 'num_play_int', 'dom_int_mv_ratio', 'dom_perc', 'int_perc')",0.529349373
"('power_rating', 'mv_usd', 'life_exp', 'mv_play_dom', 'mv_play_int', 'dom_int_mv_ratio', 'dom_perc')",0.529348478
"('power_rating', 'mv_usd', 'life_exp', 'mv_play_dom', 'mv_play_int', 'dom_int_mv_ratio', 'int_perc')",0.529348478
"('power_rating', 'mv_usd', 'life_exp', 'mv_play_dom', 'mv_play_int', 'dom_int_mv_ratio', 'dom_perc', 'int_perc')",0.529348478
"('power_rating', 'mv_usd', 'bmi', 'life_exp', 'mv_play_int', 'dom_int_mv_ratio', 'dom_perc')",0.529243373
"('power_rating', 'mv_usd', 'bmi', 'life_exp', 'mv_play_int', 'dom_int_mv_ratio', 'int_perc')",0.529243373
"('power_rating', 'mv_usd', 'bmi', 'life_exp', 'mv_play_int', 'dom_int_mv_ratio', 'dom_perc', 'int_perc')",0.529243373
"('power_rating', 'mv_usd', 'life_exp', 'mv_play_int', 'dom_int_mv_ratio', 'dom_perc')",0.529145284
"('power_rating', 'mv_usd', 'life_exp', 'mv_play_int', 'dom_int_mv_ratio', 'int_perc')",0.529145284
"('power_rating', 'mv_usd', 'life_exp', 'mv_play_int', 'dom_int_mv_ratio', 'dom_perc', 'int_perc')",0.529145284
"('power_rating', 'bmi', 'life_exp', 'mv_play_dom', 'mv_play_int', 'dom_int_mv_ratio', 'dom_perc')",0.528956645
"('power_rating', 'bmi', 'life_exp', 'mv_play_dom', 'mv_play_int', 'dom_int_mv_ratio', 'int_perc')",0.528956645
"('power_rating', 'bmi', 'life_exp', 'mv_play_dom', 'mv_play_int', 'dom_int_mv_ratio', 'dom_perc', 'int_perc')",0.528956645
"('bmi', 'qol', 'mv_play_int', 'num_play_int', 'dom_perc')",0.528941111
"('bmi', 'qol', 'mv_play_int', 'num_play_int', 'int_perc')",0.528941111
"('bmi', 'qol', 'mv_play_int', 'num_play_int', 'dom_perc', 'int_perc')",0.528941111
"('power_rating', 'life_exp', 'mv_play_dom', 'mv_play_int', 'dom_int_mv_ratio', 'dom_perc')",0.528897741
"('power_rating', 'life_exp', 'mv_play_dom', 'mv_play_int', 'dom_int_mv_ratio', 'int_perc')",0.528897741
"('power_rating', 'life_exp', 'mv_play_dom', 'mv_play_int', 'dom_int_mv_ratio', 'dom_perc', 'int_perc')",0.528897741
"('life_exp', 'qol', 'mv_play_dom', 'num_play_dom', 'mv_play_int', 'dom_perc')",0.52873143
"('life_exp', 'qol', 'mv_play_dom', 'num_play_dom', 'mv_play_int', 'int_perc')",0.52873143
"('life_exp', 'qol', 'mv_play_dom', 'num_play_dom', 'mv_play_int', 'dom_perc', 'int_perc')",0.52873143
"('power_rating', 'elo_rating', 'bmi', 'mv_play_dom', 'num_play_dom', 'num_play_int', 'dom_int_mv_ratio')",0.528720089
"('gdp_usd', 'mv_usd', 'elo_rating', 'qol', 'mv_play_dom', 'num_play_dom', 'mv_play_int', 'num_play_int', 'dom_int_mv_ratio')",0.528666816
"('mv_usd', 'bmi', 'num_play_dom', 'mv_play_int', 'num_play_int')",0.52865082
"('power_rating', 'mv_usd', 'elo_rating', 'bmi', 'life_exp', 'qol', 'mv_play_dom')",0.528635682
"('elo_rating', 'num_play_int', 'dom_int_mv_ratio')",0.528630477
"('power_rating', 'gdp_usd', 'mv_usd', 'elo_rating', 'num_play_dom', 'dom_int_mv_ratio', 'dom_perc')",0.528592149
"('power_rating', 'gdp_usd', 'mv_usd', 'elo_rating', 'num_play_dom', 'dom_int_mv_ratio', 'int_perc')",0.528592149
"('power_rating', 'gdp_usd', 'mv_usd', 'elo_rating', 'num_play_dom', 'dom_int_mv_ratio', 'dom_perc', 'int_perc')",0.528592149
"('bmi', 'qol', 'num_play_int', 'dom_perc')",0.528379301
"('bmi', 'qol', 'num_play_int', 'int_perc')",0.528379301
"('bmi', 'qol', 'num_play_int', 'dom_perc', 'int_perc')",0.528379301
"('gdp_usd', 'mv_usd', 'elo_rating', 'qol', 'mv_play_dom', 'num_play_dom', 'num_play_int', 'dom_int_mv_ratio')",0.528378073
"('power_rating', 'gdp_usd', 'mv_usd', 'elo_rating', 'life_exp', 'mv_play_dom', 'num_play_dom', 'num_play_int')",0.52837669
"('power_rating', 'gdp_usd', 'mv_usd', 'elo_rating', 'life_exp', 'mv_play_dom', 'num_play_dom')",0.528353206
"('power_rating', 'gdp_usd', 'mv_usd', 'life_exp', 'qol', 'mv_play_dom', 'num_play_int', 'dom_perc')",0.528152455
"('power_rating', 'gdp_usd', 'mv_usd', 'life_exp', 'qol', 'mv_play_dom', 'num_play_int', 'int_perc')",0.528152455
"('power_rating', 'gdp_usd', 'mv_usd', 'life_exp', 'qol', 'mv_play_dom', 'num_play_int', 'dom_perc', 'int_perc')",0.528152455
"('power_rating', 'gdp_usd', 'mv_usd', 'elo_rating', 'dom_int_mv_ratio', 'dom_perc')",0.52813621
"('power_rating', 'gdp_usd', 'mv_usd', 'elo_rating', 'dom_int_mv_ratio', 'int_perc')",0.52813621
"('power_rating', 'gdp_usd', 'mv_usd', 'elo_rating', 'dom_int_mv_ratio', 'dom_perc', 'int_perc')",0.52813621
"('power_rating', 'gdp_usd', 'mv_usd', 'life_exp', 'qol', 'num_play_int', 'dom_perc')",0.528121977
"('power_rating', 'gdp_usd', 'mv_usd', 'life_exp', 'qol', 'num_play_int', 'int_perc')",0.528121977
"('power_rating', 'gdp_usd', 'mv_usd', 'life_exp', 'qol', 'num_play_int', 'dom_perc', 'int_perc')",0.528121977
"('power_rating', 'life_exp', 'num_play_dom', 'mv_play_int')",0.528114314
"('power_rating', 'gdp_usd', 'elo_rating', 'mv_play_dom', 'mv_play_int')",0.527954809
"('power_rating', 'mv_usd', 'elo_rating', 'bmi', 'qol', 'mv_play_dom', 'num_play_int')",0.52786958
"('power_rating', 'elo_rating', 'life_exp', 'qol', 'mv_play_dom', 'num_play_int', 'dom_int_mv_ratio')",0.527751915
"('power_rating', 'elo_rating', 'bmi', 'mv_play_int')",0.527687695
"('power_rating', 'life_exp', 'mv_play_dom', 'num_play_int', 'dom_int_mv_ratio', 'dom_perc')",0.527671354
"('power_rating', 'life_exp', 'mv_play_dom', 'num_play_int', 'dom_int_mv_ratio', 'int_perc')",0.527671354
"('power_rating', 'life_exp', 'mv_play_dom', 'num_play_int', 'dom_int_mv_ratio', 'dom_perc', 'int_perc')",0.527671354
"('power_rating', 'elo_rating', 'bmi', 'mv_play_dom', 'num_play_dom', 'dom_int_mv_ratio')",0.527629774
"('power_rating', 'elo_rating', 'bmi', 'num_play_int', 'dom_perc')",0.527621508
"('power_rating', 'elo_rating', 'bmi', 'num_play_int', 'int_perc')",0.527621508
"('power_rating', 'elo_rating', 'bmi', 'num_play_int', 'dom_perc', 'int_perc')",0.527621508
"('power_rating', 'mv_usd', 'elo_rating', 'life_exp', 'qol', 'mv_play_dom', 'num_play_int')",0.527575199
"('power_rating', 'gdp_usd', 'mv_usd', 'mv_play_dom', 'num_play_dom', 'mv_play_int', 'dom_perc')",0.527565165
"('power_rating', 'gdp_usd', 'mv_usd', 'mv_play_dom', 'num_play_dom', 'mv_play_int', 'int_perc')",0.527565165
"('power_rating', 'gdp_usd', 'mv_usd', 'mv_play_dom', 'num_play_dom', 'mv_play_int', 'dom_perc', 'int_perc')",0.527565165
"('power_rating', 'mv_usd', 'mv_play_dom', 'num_play_dom', 'mv_play_int', 'dom_perc')",0.527514113
"('power_rating', 'mv_usd', 'mv_play_dom', 'num_play_dom', 'mv_play_int', 'int_perc')",0.527514113
"('power_rating', 'mv_usd', 'mv_play_dom', 'num_play_dom', 'mv_play_int', 'dom_perc', 'int_perc')",0.527514113
"('power_rating', 'gdp_usd', 'mv_usd', 'elo_rating', 'bmi', 'num_play_dom', 'num_play_int', 'dom_int_mv_ratio')",0.527410865
"('power_rating', 'gdp_usd', 'mv_usd', 'elo_rating', 'bmi', 'num_play_dom', 'dom_int_mv_ratio')",0.527407245
"('power_rating', 'gdp_usd', 'mv_usd', 'elo_rating', 'bmi', 'life_exp', 'mv_play_dom', 'num_play_int', 'dom_int_mv_ratio')",0.527303527
"('power_rating', 'gdp_usd', 'mv_usd', 'elo_rating', 'bmi', 'life_exp', 'mv_play_dom', 'dom_int_mv_ratio')",0.52723884
"('power_rating', 'mv_usd', 'elo_rating', 'bmi', 'life_exp', 'mv_play_dom', 'num_play_int', 'dom_int_mv_ratio')",0.527201311
"('power_rating', 'mv_usd', 'elo_rating', 'bmi', 'life_exp', 'mv_play_dom', 'dom_int_mv_ratio')",0.527181474
"('bmi', 'qol', 'num_play_dom', 'dom_int_mv_ratio', 'dom_perc')",0.527111024
"('bmi', 'qol', 'num_play_dom', 'dom_int_mv_ratio', 'int_perc')",0.527111024
"('bmi', 'qol', 'num_play_dom', 'dom_int_mv_ratio', 'dom_perc', 'int_perc')",0.527111024
"('power_rating', 'elo_rating', 'life_exp', 'num_play_dom', 'num_play_int', 'dom_int_mv_ratio')",0.526923556
"('power_rating', 'mv_usd', 'elo_rating', 'life_exp', 'mv_play_dom', 'num_play_dom', 'num_play_int')",0.526777666
"('power_rating', 'elo_rating', 'qol', 'mv_play_dom', 'num_play_int', 'dom_int_mv_ratio')",0.526761491
"('power_rating', 'mv_usd', 'elo_rating', 'life_exp', 'mv_play_dom', 'num_play_dom')",0.526619829
"('power_rating', 'gdp_usd', 'mv_usd', 'elo_rating', 'life_exp', 'mv_play_dom', 'num_play_int', 'dom_int_mv_ratio')",0.52655715
"('power_rating', 'mv_usd', 'elo_rating', 'life_exp', 'qol', 'mv_play_dom')",0.52654526
"('power_rating', 'gdp_usd', 'mv_usd', 'num_play_dom', 'mv_play_int', 'dom_perc')",0.526464852
"('power_rating', 'gdp_usd', 'mv_usd', 'num_play_dom', 'mv_play_int', 'int_perc')",0.526464852
"('power_rating', 'gdp_usd', 'mv_usd', 'num_play_dom', 'mv_play_int', 'dom_perc', 'int_perc')",0.526464852
"('power_rating', 'gdp_usd', 'mv_usd', 'elo_rating', 'life_exp', 'mv_play_dom', 'dom_int_mv_ratio')",0.526462348
"('power_rating', 'mv_usd', 'elo_rating', 'qol', 'mv_play_dom', 'num_play_int')",0.526376988
"('power_rating', 'elo_rating', 'mv_play_int', 'dom_int_mv_ratio')",0.526338286
"('gdp_usd', 'mv_usd', 'elo_rating', 'bmi', 'life_exp', 'qol', 'num_play_dom', 'mv_play_int', 'num_play_int', 'dom_perc')",0.526281087
"('gdp_usd', 'mv_usd', 'elo_rating', 'bmi', 'life_exp', 'qol', 'num_play_dom', 'mv_play_int', 'num_play_int', 'int_perc')",0.526281087
"('gdp_usd', 'mv_usd', 'elo_rating', 'bmi', 'life_exp', 'qol', 'num_play_dom', 'mv_play_int', 'num_play_int', 'dom_perc', 'int_perc')",0.526281087
"('gdp_usd', 'mv_usd', 'bmi', 'life_exp', 'qol', 'num_play_dom', 'mv_play_int', 'num_play_int', 'dom_perc')",0.526248013
"('gdp_usd', 'mv_usd', 'bmi', 'life_exp', 'qol', 'num_play_dom', 'mv_play_int', 'num_play_int', 'dom_perc', 'int_perc')",0.526248013
"('gdp_usd', 'mv_usd', 'bmi', 'life_exp', 'qol', 'num_play_dom', 'mv_play_int', 'num_play_int', 'int_perc')",0.526248013
"('gdp_usd', 'mv_usd', 'qol', 'mv_play_dom', 'num_play_dom', 'mv_play_int', 'num_play_int', 'dom_int_mv_ratio')",0.526210016
"('power_rating', 'mv_usd', 'num_play_dom', 'mv_play_int', 'dom_perc')",0.526206207
"('power_rating', 'mv_usd', 'num_play_dom', 'mv_play_int', 'int_perc')",0.526206207
"('power_rating', 'mv_usd', 'num_play_dom', 'mv_play_int', 'dom_perc', 'int_perc')",0.526206207
"('power_rating', 'elo_rating', 'mv_play_dom', 'mv_play_int')",0.526177536
"('power_rating', 'mv_usd', 'elo_rating', 'life_exp', 'mv_play_dom', 'num_play_int', 'dom_int_mv_ratio')",0.526116243
"('power_rating', 'mv_usd', 'elo_rating', 'life_exp', 'mv_play_dom', 'dom_int_mv_ratio')",0.526113707
"('power_rating', 'mv_usd', 'elo_rating', 'num_play_dom', 'dom_int_mv_ratio', 'dom_perc')",0.526046853
"('power_rating', 'mv_usd', 'elo_rating', 'num_play_dom', 'dom_int_mv_ratio', 'int_perc')",0.526046853
"('power_rating', 'mv_usd', 'elo_rating', 'num_play_dom', 'dom_int_mv_ratio', 'dom_perc', 'int_perc')",0.526046853
"('power_rating', 'mv_usd', 'elo_rating', 'dom_int_mv_ratio', 'dom_perc')",0.525987925
"('power_rating', 'mv_usd', 'elo_rating', 'dom_int_mv_ratio', 'int_perc')",0.525987925
"('power_rating', 'mv_usd', 'elo_rating', 'dom_int_mv_ratio', 'dom_perc', 'int_perc')",0.525987925
"('power_rating', 'mv_usd', 'bmi', 'life_exp', 'mv_play_dom', 'mv_play_int', 'dom_perc')",0.52592291
"('power_rating', 'mv_usd', 'bmi', 'life_exp', 'mv_play_dom', 'mv_play_int', 'int_perc')",0.52592291
"('power_rating', 'mv_usd', 'bmi', 'life_exp', 'mv_play_dom', 'mv_play_int', 'dom_perc', 'int_perc')",0.52592291
"('power_rating', 'mv_usd', 'bmi', 'life_exp', 'mv_play_int', 'dom_perc')",0.525918599
"('power_rating', 'mv_usd', 'bmi', 'life_exp', 'mv_play_int', 'int_perc')",0.525918599
"('power_rating', 'mv_usd', 'bmi', 'life_exp', 'mv_play_int', 'dom_perc', 'int_perc')",0.525918599
"('mv_usd', 'num_play_dom', 'mv_play_int', 'num_play_int')",0.525784122
"('gdp_usd', 'mv_usd', 'elo_rating', 'life_exp', 'qol', 'num_play_dom', 'mv_play_int', 'num_play_int', 'dom_perc')",0.525757703
"('gdp_usd', 'mv_usd', 'elo_rating', 'life_exp', 'qol', 'num_play_dom', 'mv_play_int', 'num_play_int', 'int_perc')",0.525757703
"('gdp_usd', 'mv_usd', 'elo_rating', 'life_exp', 'qol', 'num_play_dom', 'mv_play_int', 'num_play_int', 'dom_perc', 'int_perc')",0.525757703
"('gdp_usd', 'mv_usd', 'life_exp', 'qol', 'num_play_dom', 'mv_play_int', 'num_play_int', 'dom_perc')",0.525750345
"('gdp_usd', 'mv_usd', 'life_exp', 'qol', 'num_play_dom', 'mv_play_int', 'num_play_int', 'int_perc')",0.525750345
"('gdp_usd', 'mv_usd', 'life_exp', 'qol', 'num_play_dom', 'mv_play_int', 'num_play_int', 'dom_perc', 'int_perc')",0.525750345
"('life_exp', 'qol', 'mv_play_dom', 'mv_play_int', 'dom_int_mv_ratio', 'dom_perc')",0.525689073
"('life_exp', 'qol', 'mv_play_dom', 'mv_play_int', 'dom_int_mv_ratio', 'int_perc')",0.525689073
"('life_exp', 'qol', 'mv_play_dom', 'mv_play_int', 'dom_int_mv_ratio', 'dom_perc', 'int_perc')",0.525689073
"('power_rating', 'mv_usd', 'life_exp', 'mv_play_dom', 'mv_play_int', 'dom_perc')",0.52563203
"('power_rating', 'mv_usd', 'life_exp', 'mv_play_dom', 'mv_play_int', 'int_perc')",0.52563203
"('power_rating', 'mv_usd', 'life_exp', 'mv_play_dom', 'mv_play_int', 'dom_perc', 'int_perc')",0.52563203
"('power_rating', 'mv_usd', 'life_exp', 'mv_play_int', 'dom_perc')",0.525629204
"('power_rating', 'mv_usd', 'life_exp', 'mv_play_int', 'int_perc')",0.525629204
"('power_rating', 'mv_usd', 'life_exp', 'mv_play_int', 'dom_perc', 'int_perc')",0.525629204
"('power_rating', 'mv_usd', 'elo_rating', 'bmi', 'qol', 'mv_play_dom')",0.525625898
"('power_rating', 'gdp_usd', 'elo_rating', 'life_exp', 'qol', 'mv_play_dom', 'dom_int_mv_ratio')",0.525623509
"('life_exp', 'qol', 'mv_play_dom', 'num_play_dom', 'dom_perc')",0.525622673
"('life_exp', 'qol', 'mv_play_dom', 'num_play_dom', 'int_perc')",0.525622673
"('life_exp', 'qol', 'mv_play_dom', 'num_play_dom', 'dom_perc', 'int_perc')",0.525622673
"('life_exp', 'qol', 'mv_play_dom', 'mv_play_int', 'dom_int_mv_ratio')",0.525435581
"('power_rating', 'gdp_usd', 'elo_rating', 'num_play_dom', 'dom_int_mv_ratio', 'dom_perc')",0.525396663
"('power_rating', 'gdp_usd', 'elo_rating', 'num_play_dom', 'dom_int_mv_ratio', 'int_perc')",0.525396663
"('power_rating', 'gdp_usd', 'elo_rating', 'num_play_dom', 'dom_int_mv_ratio', 'dom_perc', 'int_perc')",0.525396663
"('power_rating', 'bmi', 'mv_play_dom', 'num_play_int', 'dom_int_mv_ratio', 'dom_perc')",0.525386847
"('power_rating', 'bmi', 'mv_play_dom', 'num_play_int', 'dom_int_mv_ratio', 'int_perc')",0.525386847
"('power_rating', 'bmi', 'mv_play_dom', 'num_play_int', 'dom_int_mv_ratio', 'dom_perc', 'int_perc')",0.525386847
"('power_rating', 'elo_rating', 'life_exp', 'qol', 'mv_play_dom', 'dom_int_mv_ratio')",0.525342013
"('power_rating', 'elo_rating', 'life_exp', 'num_play_dom', 'dom_int_mv_ratio')",0.525313335
"('life_exp', 'qol', 'mv_play_int', 'dom_int_mv_ratio', 'dom_perc')",0.525123973
"('life_exp', 'qol', 'mv_play_int', 'dom_int_mv_ratio', 'int_perc')",0.525123973
"('life_exp', 'qol', 'mv_play_int', 'dom_int_mv_ratio', 'dom_perc', 'int_perc')",0.525123973
"('life_exp', 'qol', 'mv_play_int', 'dom_int_mv_ratio')",0.525123486
"('power_rating', 'gdp_usd', 'elo_rating', 'dom_int_mv_ratio', 'dom_perc')",0.525109429
"('power_rating', 'gdp_usd', 'elo_rating', 'dom_int_mv_ratio', 'int_perc')",0.525109429
"('power_rating', 'gdp_usd', 'elo_rating', 'dom_int_mv_ratio', 'dom_perc', 'int_perc')",0.525109429
"('power_rating', 'life_exp', 'qol', 'num_play_int', 'dom_int_mv_ratio', 'dom_perc')",0.525078331
"('power_rating', 'life_exp', 'qol', 'num_play_int', 'dom_int_mv_ratio', 'int_perc')",0.525078331
"('power_rating', 'life_exp', 'qol', 'num_play_int', 'dom_int_mv_ratio', 'dom_perc', 'int_perc')",0.525078331
"('gdp_usd', 'mv_usd', 'elo_rating', 'bmi', 'qol', 'mv_play_dom', 'num_play_dom', 'mv_play_int', 'num_play_int', 'dom_perc')",0.524731592
"('gdp_usd', 'mv_usd', 'elo_rating', 'bmi', 'qol', 'mv_play_dom', 'num_play_dom', 'mv_play_int', 'num_play_int', 'int_perc')",0.524731592
"('gdp_usd', 'mv_usd', 'elo_rating', 'bmi', 'qol', 'mv_play_dom', 'num_play_dom', 'mv_play_int', 'num_play_int', 'dom_perc', 'int_perc')",0.524731592
"('power_rating', 'mv_usd', 'elo_rating', 'qol', 'mv_play_dom')",0.524731374
"('gdp_usd', 'mv_usd', 'elo_rating', 'bmi', 'life_exp', 'qol', 'num_play_dom', 'num_play_int', 'dom_perc')",0.524702519
"('gdp_usd', 'mv_usd', 'elo_rating', 'bmi', 'life_exp', 'qol', 'num_play_dom', 'num_play_int', 'int_perc')",0.524702519
"('gdp_usd', 'mv_usd', 'elo_rating', 'bmi', 'life_exp', 'qol', 'num_play_dom', 'num_play_int', 'dom_perc', 'int_perc')",0.524702519
"('power_rating', 'gdp_usd', 'bmi', 'life_exp', 'mv_play_int', 'dom_perc')",0.524687975
"('power_rating', 'gdp_usd', 'bmi', 'life_exp', 'mv_play_int', 'int_perc')",0.524687975
"('power_rating', 'gdp_usd', 'bmi', 'life_exp', 'mv_play_int', 'dom_perc', 'int_perc')",0.524687975
"('gdp_usd', 'mv_usd', 'elo_rating', 'bmi', 'life_exp', 'qol', 'num_play_dom', 'mv_play_int', 'dom_int_mv_ratio', 'dom_perc')",0.524573452
"('gdp_usd', 'mv_usd', 'elo_rating', 'bmi', 'life_exp', 'qol', 'num_play_dom', 'mv_play_int', 'dom_int_mv_ratio', 'int_perc')",0.524573452
"('gdp_usd', 'mv_usd', 'elo_rating', 'bmi', 'life_exp', 'qol', 'num_play_dom', 'mv_play_int', 'dom_int_mv_ratio', 'dom_perc', 'int_perc')",0.524573452
"('power_rating', 'bmi', 'qol', 'num_play_int', 'dom_int_mv_ratio', 'dom_perc')",0.524568701
"('power_rating', 'bmi', 'qol', 'num_play_int', 'dom_int_mv_ratio', 'int_perc')",0.524568701
"('power_rating', 'bmi', 'qol', 'num_play_int', 'dom_int_mv_ratio', 'dom_perc', 'int_perc')",0.524568701
"('gdp_usd', 'mv_usd', 'elo_rating', 'bmi', 'life_exp', 'qol', 'num_play_dom', 'dom_int_mv_ratio', 'dom_perc')",0.524541906
"('gdp_usd', 'mv_usd', 'elo_rating', 'bmi', 'life_exp', 'qol', 'num_play_dom', 'dom_int_mv_ratio', 'dom_perc', 'int_perc')",0.524541906
"('gdp_usd', 'mv_usd', 'elo_rating', 'bmi', 'life_exp', 'qol', 'num_play_dom', 'dom_int_mv_ratio', 'int_perc')",0.524541906
"('power_rating', 'mv_usd', 'life_exp', 'qol', 'mv_play_dom', 'num_play_int', 'dom_perc')",0.524522899
"('power_rating', 'mv_usd', 'life_exp', 'qol', 'mv_play_dom', 'num_play_int', 'int_perc')",0.524522899
"('power_rating', 'mv_usd', 'life_exp', 'qol', 'mv_play_dom', 'num_play_int', 'dom_perc', 'int_perc')",0.524522899
"('gdp_usd', 'mv_usd', 'elo_rating', 'life_exp', 'qol', 'num_play_dom', 'mv_play_int', 'dom_int_mv_ratio', 'dom_perc')",0.524504012
"('gdp_usd', 'mv_usd', 'elo_rating', 'life_exp', 'qol', 'num_play_dom', 'mv_play_int', 'dom_int_mv_ratio', 'int_perc')",0.524504012
"('gdp_usd', 'mv_usd', 'elo_rating', 'life_exp', 'qol', 'num_play_dom', 'mv_play_int', 'dom_int_mv_ratio', 'dom_perc', 'int_perc')",0.524504012
"('power_rating', 'bmi', 'num_play_dom', 'num_play_int', 'dom_int_mv_ratio', 'dom_perc')",0.524491071
"('power_rating', 'bmi', 'num_play_dom', 'num_play_int', 'dom_int_mv_ratio', 'int_perc')",0.524491071
"('power_rating', 'bmi', 'num_play_dom', 'num_play_int', 'dom_int_mv_ratio', 'dom_perc', 'int_perc')",0.524491071
"('gdp_usd', 'mv_usd', 'elo_rating', 'life_exp', 'qol', 'num_play_dom', 'dom_int_mv_ratio', 'dom_perc')",0.524463725
"('gdp_usd', 'mv_usd', 'elo_rating', 'life_exp', 'qol', 'num_play_dom', 'dom_int_mv_ratio', 'int_perc')",0.524463725
"('gdp_usd', 'mv_usd', 'elo_rating', 'life_exp', 'qol', 'num_play_dom', 'dom_int_mv_ratio', 'dom_perc', 'int_perc')",0.524463725
"('gdp_usd', 'mv_usd', 'bmi', 'life_exp', 'qol', 'num_play_dom', 'num_play_int', 'dom_perc')",0.524376465
"('gdp_usd', 'mv_usd', 'bmi', 'life_exp', 'qol', 'num_play_dom', 'num_play_int', 'int_perc')",0.524376465
"('gdp_usd', 'mv_usd', 'bmi', 'life_exp', 'qol', 'num_play_dom', 'num_play_int', 'dom_perc', 'int_perc')",0.524376465
"('gdp_usd', 'mv_usd', 'elo_rating', 'life_exp', 'qol', 'num_play_dom', 'num_play_int', 'dom_perc')",0.524224578
"('gdp_usd', 'mv_usd', 'elo_rating', 'life_exp', 'qol', 'num_play_dom', 'num_play_int', 'int_perc')",0.524224578
"('gdp_usd', 'mv_usd', 'elo_rating', 'life_exp', 'qol', 'num_play_dom', 'num_play_int', 'dom_perc', 'int_perc')",0.524224578
"('power_rating', 'gdp_usd', 'bmi', 'life_exp', 'mv_play_int')",0.524126612
"('power_rating', 'gdp_usd', 'life_exp', 'mv_play_int', 'dom_perc')",0.524029488
"('power_rating', 'gdp_usd', 'life_exp', 'mv_play_int', 'int_perc')",0.524029488
"('power_rating', 'gdp_usd', 'life_exp', 'mv_play_int', 'dom_perc', 'int_perc')",0.524029488
"('power_rating', 'elo_rating', 'num_play_dom', 'dom_int_mv_ratio', 'dom_perc')",0.52400223
"('power_rating', 'elo_rating', 'num_play_dom', 'dom_int_mv_ratio', 'int_perc')",0.52400223
"('power_rating', 'elo_rating', 'num_play_dom', 'dom_int_mv_ratio', 'dom_perc', 'int_perc')",0.52400223
"('power_rating', 'elo_rating', 'dom_int_mv_ratio', 'dom_perc')",0.523983786
"('power_rating', 'elo_rating', 'dom_int_mv_ratio', 'int_perc')",0.523983786
"('power_rating', 'elo_rating', 'dom_int_mv_ratio', 'dom_perc', 'int_perc')",0.523983786
"('power_rating', 'gdp_usd', 'elo_rating', 'qol', 'mv_play_dom', 'dom_int_mv_ratio')",0.523888313
"('power_rating', 'gdp_usd', 'mv_usd', 'bmi', 'mv_play_dom', 'mv_play_int', 'dom_int_mv_ratio', 'dom_perc')",0.52381148
"('power_rating', 'gdp_usd', 'mv_usd', 'bmi', 'mv_play_dom', 'mv_play_int', 'dom_int_mv_ratio', 'int_perc')",0.52381148
"('power_rating', 'gdp_usd', 'mv_usd', 'bmi', 'mv_play_dom', 'mv_play_int', 'dom_int_mv_ratio', 'dom_perc', 'int_perc')",0.52381148
"('gdp_usd', 'mv_usd', 'life_exp', 'qol', 'num_play_dom', 'num_play_int', 'dom_perc')",0.52376773
"('gdp_usd', 'mv_usd', 'life_exp', 'qol', 'num_play_dom', 'num_play_int', 'int_perc')",0.52376773
"('gdp_usd', 'mv_usd', 'life_exp', 'qol', 'num_play_dom', 'num_play_int', 'dom_perc', 'int_perc')",0.52376773
"('power_rating', 'gdp_usd', 'mv_usd', 'elo_rating', 'mv_play_int')",0.523583279
"('power_rating', 'mv_usd', 'life_exp', 'qol', 'num_play_int', 'dom_perc')",0.523564886
"('power_rating', 'mv_usd', 'life_exp', 'qol', 'num_play_int', 'int_perc')",0.523564886
"('power_rating', 'mv_usd', 'life_exp', 'qol', 'num_play_int', 'dom_perc', 'int_perc')",0.523564886
"('power_rating', 'gdp_usd', 'elo_rating', 'mv_play_int')",0.523557457
"('bmi', 'qol', 'mv_play_dom', 'num_play_dom', 'mv_play_int', 'dom_perc')",0.523447752
"('bmi', 'qol', 'mv_play_dom', 'num_play_dom', 'mv_play_int', 'int_perc')",0.523447752
"('bmi', 'qol', 'mv_play_dom', 'num_play_dom', 'mv_play_int', 'dom_perc', 'int_perc')",0.523447752
"('power_rating', 'elo_rating', 'qol', 'mv_play_dom', 'dom_int_mv_ratio')",0.523430732
"('elo_rating', 'bmi', 'life_exp', 'qol', 'num_play_dom', 'dom_int_mv_ratio', 'dom_perc')",0.52339763
"('elo_rating', 'bmi', 'life_exp', 'qol', 'num_play_dom', 'dom_int_mv_ratio', 'int_perc')",0.52339763
"('elo_rating', 'bmi', 'life_exp', 'qol', 'num_play_dom', 'dom_int_mv_ratio', 'dom_perc', 'int_perc')",0.52339763
"('gdp_usd', 'mv_usd', 'elo_rating', 'bmi', 'life_exp', 'qol', 'num_play_dom', 'mv_play_int', 'num_play_int', 'dom_int_mv_ratio')",0.523379487
"('gdp_usd', 'mv_usd', 'elo_rating', 'life_exp', 'qol', 'num_play_dom', 'mv_play_int', 'num_play_int', 'dom_int_mv_ratio')",0.523276903
"('bmi', 'qol', 'mv_play_dom', 'num_play_dom', 'dom_perc')",0.523276264
"('bmi', 'qol', 'mv_play_dom', 'num_play_dom', 'int_perc')",0.523276264
"('bmi', 'qol', 'mv_play_dom', 'num_play_dom', 'dom_perc', 'int_perc')",0.523276264
"('elo_rating', 'life_exp', 'qol', 'num_play_dom', 'dom_int_mv_ratio', 'dom_perc')",0.523275455
"('elo_rating', 'life_exp', 'qol', 'num_play_dom', 'dom_int_mv_ratio', 'int_perc')",0.523275455
"('elo_rating', 'life_exp', 'qol', 'num_play_dom', 'dom_int_mv_ratio', 'dom_perc', 'int_perc')",0.523275455
"('power_rating', 'bmi', 'life_exp', 'mv_play_dom', 'mv_play_int', 'dom_perc')",0.523222498
"('power_rating', 'bmi', 'life_exp', 'mv_play_dom', 'mv_play_int', 'int_perc')",0.523222498
"('power_rating', 'bmi', 'life_exp', 'mv_play_dom', 'mv_play_int', 'dom_perc', 'int_perc')",0.523222498
"('power_rating', 'gdp_usd', 'qol', 'num_play_int', 'dom_int_mv_ratio', 'dom_perc')",0.523166546
"('power_rating', 'gdp_usd', 'qol', 'num_play_int', 'dom_int_mv_ratio', 'int_perc')",0.523166546
"('power_rating', 'gdp_usd', 'qol', 'num_play_int', 'dom_int_mv_ratio', 'dom_perc', 'int_perc')",0.523166546
"('power_rating', 'gdp_usd', 'mv_play_dom', 'num_play_dom', 'mv_play_int', 'dom_perc')",0.523149144
"('power_rating', 'gdp_usd', 'mv_play_dom', 'num_play_dom', 'mv_play_int', 'int_perc')",0.523149144
"('power_rating', 'gdp_usd', 'mv_play_dom', 'num_play_dom', 'mv_play_int', 'dom_perc', 'int_perc')",0.523149144
"('power_rating', 'life_exp', 'mv_play_dom', 'mv_play_int', 'dom_perc')",0.523023067
"('power_rating', 'life_exp', 'mv_play_dom', 'mv_play_int', 'int_perc')",0.523023067
"('power_rating', 'life_exp', 'mv_play_dom', 'mv_play_int', 'dom_perc', 'int_perc')",0.523023067
"('power_rating', 'mv_usd', 'bmi', 'life_exp', 'mv_play_dom', 'mv_play_int', 'dom_int_mv_ratio')",0.522891023
"('power_rating', 'bmi', 'life_exp', 'mv_play_int', 'dom_int_mv_ratio', 'dom_perc')",0.522889522
"('power_rating', 'bmi', 'life_exp', 'mv_play_int', 'dom_int_mv_ratio', 'int_perc')",0.522889522
"('power_rating', 'bmi', 'life_exp', 'mv_play_int', 'dom_int_mv_ratio', 'dom_perc', 'int_perc')",0.522889522
"('power_rating', 'gdp_usd', 'mv_usd', 'elo_rating', 'mv_play_dom', 'num_play_dom', 'num_play_int', 'dom_int_mv_ratio')",0.522887896
"('power_rating', 'gdp_usd', 'mv_usd', 'elo_rating', 'mv_play_dom', 'num_play_dom', 'dom_int_mv_ratio')",0.522882843
"('power_rating', 'gdp_usd', 'life_exp', 'mv_play_int')",0.522828728
"('power_rating', 'gdp_usd', 'elo_rating', 'bmi', 'num_play_dom', 'num_play_int', 'dom_int_mv_ratio')",0.522823924
"('power_rating', 'life_exp', 'mv_play_int', 'dom_int_mv_ratio', 'dom_perc')",0.522818295
"('power_rating', 'life_exp', 'mv_play_int', 'dom_int_mv_ratio', 'int_perc')",0.522818295
"('power_rating', 'life_exp', 'mv_play_int', 'dom_int_mv_ratio', 'dom_perc', 'int_perc')",0.522818295
"('power_rating', 'gdp_usd', 'elo_rating', 'bmi', 'num_play_dom', 'dom_int_mv_ratio')",0.522810947
"('gdp_usd', 'mv_usd', 'bmi', 'life_exp', 'qol', 'num_play_dom', 'mv_play_int', 'num_play_int', 'dom_int_mv_ratio')",0.522607912
"('gdp_usd', 'mv_usd', 'qol', 'mv_play_dom', 'num_play_dom', 'num_play_int', 'dom_int_mv_ratio')",0.522499719
"('power_rating', 'mv_usd', 'life_exp', 'mv_play_dom', 'mv_play_int', 'dom_int_mv_ratio')",0.522477285
"('power_rating', 'gdp_usd', 'mv_usd', 'bmi', 'mv_play_int', 'dom_int_mv_ratio', 'dom_perc')",0.522399849
"('power_rating', 'gdp_usd', 'mv_usd', 'bmi', 'mv_play_int', 'dom_int_mv_ratio', 'int_perc')",0.522399849
"('power_rating', 'gdp_usd', 'mv_usd', 'bmi', 'mv_play_int', 'dom_int_mv_ratio', 'dom_perc', 'int_perc')",0.522399849
"('gdp_usd', 'mv_usd', 'life_exp', 'qol', 'num_play_dom', 'mv_play_int', 'num_play_int', 'dom_int_mv_ratio')",0.522372558
"('bmi', 'qol', 'num_play_dom', 'mv_play_int', 'dom_perc')",0.522305911
"('bmi', 'qol', 'num_play_dom', 'mv_play_int', 'int_perc')",0.522305911
"('bmi', 'qol', 'num_play_dom', 'mv_play_int', 'dom_perc', 'int_perc')",0.522305911
"('power_rating', 'mv_usd', 'bmi', 'life_exp', 'mv_play_int', 'dom_int_mv_ratio')",0.522280325
"('power_rating', 'mv_play_dom', 'num_play_dom', 'mv_play_int', 'dom_perc')",0.522236581
"('power_rating', 'mv_play_dom', 'num_play_dom', 'mv_play_int', 'int_perc')",0.522236581
"('power_rating', 'mv_play_dom', 'num_play_dom', 'mv_play_int', 'dom_perc', 'int_perc')",0.522236581
"('bmi', 'qol', 'num_play_dom', 'dom_perc')",0.522233153
"('bmi', 'qol', 'num_play_dom', 'int_perc')",0.522233153
"('bmi', 'qol', 'num_play_dom', 'dom_perc', 'int_perc')",0.522233153
"('power_rating', 'gdp_usd', 'mv_usd', 'bmi', 'mv_play_dom', 'mv_play_int', 'dom_perc')",0.522209409
"('power_rating', 'gdp_usd', 'mv_usd', 'bmi', 'mv_play_dom', 'mv_play_int', 'int_perc')",0.522209409
"('power_rating', 'gdp_usd', 'mv_usd', 'bmi', 'mv_play_dom', 'mv_play_int', 'dom_perc', 'int_perc')",0.522209409
"('power_rating', 'gdp_usd', 'mv_usd', 'mv_play_dom', 'num_play_dom', 'mv_play_int', 'dom_int_mv_ratio')",0.522108264
"('gdp_usd', 'mv_usd', 'bmi', 'life_exp', 'qol', 'num_play_dom', 'mv_play_int', 'dom_int_mv_ratio', 'dom_perc')",0.522032149
"('gdp_usd', 'mv_usd', 'bmi', 'life_exp', 'qol', 'num_play_dom', 'mv_play_int', 'dom_int_mv_ratio', 'int_perc')",0.522032149
"('gdp_usd', 'mv_usd', 'bmi', 'life_exp', 'qol', 'num_play_dom', 'mv_play_int', 'dom_int_mv_ratio', 'dom_perc', 'int_perc')",0.522032149
"('gdp_usd', 'mv_usd', 'life_exp', 'qol', 'num_play_dom', 'mv_play_int', 'dom_int_mv_ratio', 'dom_perc')",0.522030718
"('gdp_usd', 'mv_usd', 'life_exp', 'qol', 'num_play_dom', 'mv_play_int', 'dom_int_mv_ratio', 'int_perc')",0.522030718
"('gdp_usd', 'mv_usd', 'life_exp', 'qol', 'num_play_dom', 'mv_play_int', 'dom_int_mv_ratio', 'dom_perc', 'int_perc')",0.522030718
"('power_rating', 'mv_usd', 'mv_play_dom', 'num_play_dom', 'mv_play_int', 'dom_int_mv_ratio')",0.521912013
"('power_rating', 'gdp_usd', 'mv_play_dom', 'num_play_dom', 'mv_play_int', 'dom_int_mv_ratio')",0.521861889
"('gdp_usd', 'mv_usd', 'elo_rating', 'bmi', 'life_exp', 'qol', 'num_play_dom', 'num_play_int', 'dom_int_mv_ratio')",0.521842393
"('gdp_usd', 'mv_usd', 'bmi', 'life_exp', 'qol', 'num_play_dom', 'num_play_int', 'dom_int_mv_ratio')",0.521807636
"('power_rating', 'mv_play_dom', 'num_play_dom', 'mv_play_int', 'dom_int_mv_ratio')",0.52178526
"('gdp_usd', 'mv_usd', 'elo_rating', 'life_exp', 'qol', 'num_play_dom', 'num_play_int', 'dom_int_mv_ratio')",0.521631334
"('power_rating', 'mv_usd', 'life_exp', 'mv_play_int', 'dom_int_mv_ratio')",0.52162394
"('life_exp', 'qol', 'num_play_dom', 'mv_play_int', 'dom_perc')",0.52159162
"('life_exp', 'qol', 'num_play_dom', 'mv_play_int', 'int_perc')",0.52159162
"('life_exp', 'qol', 'num_play_dom', 'mv_play_int', 'dom_perc', 'int_perc')",0.52159162
"('gdp_usd', 'mv_usd', 'life_exp', 'qol', 'num_play_dom', 'num_play_int', 'dom_int_mv_ratio')",0.521566707
"('life_exp', 'qol', 'num_play_dom', 'dom_perc')",0.521539791
"('life_exp', 'qol', 'num_play_dom', 'int_perc')",0.521539791
"('life_exp', 'qol', 'num_play_dom', 'dom_perc', 'int_perc')",0.521539791
"('power_rating', 'gdp_usd', 'mv_usd', 'num_play_dom', 'mv_play_int', 'dom_int_mv_ratio')",0.521514793
"('power_rating', 'bmi', 'life_exp', 'mv_play_dom', 'mv_play_int', 'dom_int_mv_ratio')",0.52150443
"('power_rating', 'bmi', 'life_exp', 'num_play_int', 'dom_int_mv_ratio', 'dom_perc')",0.521060617
"('power_rating', 'bmi', 'life_exp', 'num_play_int', 'dom_int_mv_ratio', 'int_perc')",0.521060617
"('power_rating', 'bmi', 'life_exp', 'num_play_int', 'dom_int_mv_ratio', 'dom_perc', 'int_perc')",0.521060617
"('power_rating', 'mv_usd', 'num_play_dom', 'mv_play_int', 'dom_int_mv_ratio')",0.520861446
"('bmi', 'qol', 'mv_play_dom', 'num_play_dom', 'mv_play_int')",0.520836062
"('power_rating', 'bmi', 'life_exp', 'mv_play_int', 'dom_int_mv_ratio')",0.520761519
"('power_rating', 'life_exp', 'mv_play_dom', 'mv_play_int', 'dom_int_mv_ratio')",0.520749079
"('power_rating', 'gdp_usd', 'mv_usd', 'life_exp', 'mv_play_dom', 'num_play_int', 'dom_perc')",0.520614846
"('power_rating', 'gdp_usd', 'mv_usd', 'life_exp', 'mv_play_dom', 'num_play_int', 'int_perc')",0.520614846
"('power_rating', 'gdp_usd', 'mv_usd', 'life_exp', 'mv_play_dom', 'num_play_int', 'dom_perc', 'int_perc')",0.520614846
"('power_rating', 'mv_usd', 'bmi', 'life_exp', 'mv_play_dom', 'mv_play_int')",0.520236637
"('power_rating', 'gdp_usd', 'mv_usd', 'life_exp', 'num_play_int', 'dom_perc')",0.520197584
"('power_rating', 'gdp_usd', 'mv_usd', 'life_exp', 'num_play_int', 'int_perc')",0.520197584
"('power_rating', 'gdp_usd', 'mv_usd', 'life_exp', 'num_play_int', 'dom_perc', 'int_perc')",0.520197584
"('power_rating', 'life_exp', 'mv_play_int', 'dom_int_mv_ratio')",0.520109342
"('power_rating', 'mv_usd', 'life_exp', 'mv_play_dom', 'mv_play_int')",0.520094067
"('power_rating', 'mv_usd', 'elo_rating', 'mv_play_int')",0.52007922
"('gdp_usd', 'mv_usd', 'bmi', 'life_exp', 'qol', 'num_play_dom', 'dom_int_mv_ratio', 'dom_perc')",0.520076201
"('gdp_usd', 'mv_usd', 'bmi', 'life_exp', 'qol', 'num_play_dom', 'dom_int_mv_ratio', 'int_perc')",0.520076201
"('gdp_usd', 'mv_usd', 'bmi', 'life_exp', 'qol', 'num_play_dom', 'dom_int_mv_ratio', 'dom_perc', 'int_perc')",0.520076201
"('gdp_usd', 'mv_usd', 'life_exp', 'qol', 'num_play_dom', 'dom_int_mv_ratio', 'dom_perc')",0.520074679
"('gdp_usd', 'mv_usd', 'life_exp', 'qol', 'num_play_dom', 'dom_int_mv_ratio', 'int_perc')",0.520074679
"('gdp_usd', 'mv_usd', 'life_exp', 'qol', 'num_play_dom', 'dom_int_mv_ratio', 'dom_perc', 'int_perc')",0.520074679
"('power_rating', 'gdp_usd', 'elo_rating', 'mv_play_dom', 'num_play_dom', 'num_play_int', 'dom_perc')",0.519889345
"('power_rating', 'gdp_usd', 'elo_rating', 'mv_play_dom', 'num_play_dom', 'num_play_int', 'int_perc')",0.519889345
"('power_rating', 'gdp_usd', 'elo_rating', 'mv_play_dom', 'num_play_dom', 'num_play_int', 'dom_perc', 'int_perc')",0.519889345
"('power_rating', 'bmi', 'life_exp', 'qol', 'mv_play_dom', 'num_play_int', 'dom_perc')",0.519864281
"('power_rating', 'bmi', 'life_exp', 'qol', 'mv_play_dom', 'num_play_int', 'int_perc')",0.519864281
"('power_rating', 'bmi', 'life_exp', 'qol', 'mv_play_dom', 'num_play_int', 'dom_perc', 'int_perc')",0.519864281
"('life_exp', 'qol', 'mv_play_dom', 'dom_int_mv_ratio', 'dom_perc')",0.519863724
"('life_exp', 'qol', 'mv_play_dom', 'dom_int_mv_ratio', 'int_perc')",0.519863724
"('life_exp', 'qol', 'mv_play_dom', 'dom_int_mv_ratio', 'dom_perc', 'int_perc')",0.519863724
"('power_rating', 'gdp_usd', 'mv_usd', 'bmi', 'mv_play_int', 'dom_perc')",0.519781409
"('power_rating', 'gdp_usd', 'mv_usd', 'bmi', 'mv_play_int', 'int_perc')",0.519781409
"('power_rating', 'gdp_usd', 'mv_usd', 'bmi', 'mv_play_int', 'dom_perc', 'int_perc')",0.519781409
"('power_rating', 'gdp_usd', 'elo_rating', 'mv_play_dom', 'num_play_dom', 'num_play_int', 'dom_int_mv_ratio')",0.519624614
"('power_rating', 'gdp_usd', 'elo_rating', 'mv_play_dom', 'num_play_dom', 'dom_int_mv_ratio')",0.519623781
"('power_rating', 'elo_rating', 'mv_play_int')",0.519399383
"('life_exp', 'qol', 'mv_play_int', 'num_play_int')",0.519299917
"('elo_rating', 'bmi', 'qol', 'num_play_dom', 'dom_int_mv_ratio', 'dom_perc')",0.519118157
"('elo_rating', 'bmi', 'qol', 'num_play_dom', 'dom_int_mv_ratio', 'int_perc')",0.519118157
"('elo_rating', 'bmi', 'qol', 'num_play_dom', 'dom_int_mv_ratio', 'dom_perc', 'int_perc')",0.519118157
"('elo_rating', 'qol', 'num_play_dom', 'dom_int_mv_ratio', 'dom_perc')",0.519095098
"('elo_rating', 'qol', 'num_play_dom', 'dom_int_mv_ratio', 'int_perc')",0.519095098
"('elo_rating', 'qol', 'num_play_dom', 'dom_int_mv_ratio', 'dom_perc', 'int_perc')",0.519095098
"('power_rating', 'mv_usd', 'bmi', 'life_exp', 'mv_play_int')",0.519039725
"('power_rating', 'mv_usd', 'life_exp', 'mv_play_int')",0.518714058
"('power_rating', 'mv_usd', 'elo_rating', 'bmi', 'num_play_dom', 'num_play_int', 'dom_int_mv_ratio')",0.518687087
"('power_rating', 'mv_usd', 'elo_rating', 'mv_play_dom', 'num_play_dom', 'num_play_int', 'dom_int_mv_ratio')",0.51859262
"('power_rating', 'gdp_usd', 'num_play_dom', 'mv_play_int', 'dom_perc')",0.518510675
"('power_rating', 'gdp_usd', 'num_play_dom', 'mv_play_int', 'int_perc')",0.518510675
"('power_rating', 'gdp_usd', 'num_play_dom', 'mv_play_int', 'dom_perc', 'int_perc')",0.518510675
"('bmi', 'qol', 'mv_play_dom', 'num_play_dom')",0.518509134
"('life_exp', 'qol', 'mv_play_dom', 'num_play_dom', 'mv_play_int')",0.518370942
"('life_exp', 'qol', 'mv_play_dom', 'num_play_dom')",0.518369788
"('power_rating', 'gdp_usd', 'mv_usd', 'elo_rating', 'bmi', 'num_play_dom', 'dom_perc')",0.518257757
"('power_rating', 'gdp_usd', 'mv_usd', 'elo_rating', 'bmi', 'num_play_dom', 'int_perc')",0.518257757
"('power_rating', 'gdp_usd', 'mv_usd', 'elo_rating', 'bmi', 'num_play_dom', 'dom_perc', 'int_perc')",0.518257757
"('power_rating', 'mv_usd', 'elo_rating', 'bmi', 'num_play_dom', 'dom_perc')",0.518219526
"('power_rating', 'mv_usd', 'elo_rating', 'bmi', 'num_play_dom', 'int_perc')",0.518219526
"('power_rating', 'mv_usd', 'elo_rating', 'bmi', 'num_play_dom', 'dom_perc', 'int_perc')",0.518219526
"('life_exp', 'qol', 'num_play_dom', 'mv_play_int')",0.51794209
"('life_exp', 'qol', 'num_play_dom')",0.517894174
"('power_rating', 'gdp_usd', 'mv_usd', 'bmi', 'mv_play_dom', 'mv_play_int', 'dom_int_mv_ratio')",0.517783994
"('power_rating', 'mv_usd', 'elo_rating', 'mv_play_dom', 'num_play_dom', 'dom_int_mv_ratio')",0.51755271
"('power_rating', 'gdp_usd', 'mv_usd', 'elo_rating', 'bmi', 'dom_perc')",0.517546567
"('power_rating', 'gdp_usd', 'mv_usd', 'elo_rating', 'bmi', 'int_perc')",0.517546567
"('power_rating', 'gdp_usd', 'mv_usd', 'elo_rating', 'bmi', 'dom_perc', 'int_perc')",0.517546567
"('gdp_usd', 'mv_usd', 'elo_rating', 'bmi', 'qol', 'mv_play_dom', 'num_play_dom', 'num_play_int', 'dom_perc')",0.517355087
"('gdp_usd', 'mv_usd', 'elo_rating', 'bmi', 'qol', 'mv_play_dom', 'num_play_dom', 'num_play_int', 'int_perc')",0.517355087
"('gdp_usd', 'mv_usd', 'elo_rating', 'bmi', 'qol', 'mv_play_dom', 'num_play_dom', 'num_play_int', 'dom_perc', 'int_perc')",0.517355087
"('life_exp', 'qol', 'dom_int_mv_ratio', 'dom_perc')",0.5172502
"('life_exp', 'qol', 'dom_int_mv_ratio', 'int_perc')",0.5172502
"('life_exp', 'qol', 'dom_int_mv_ratio', 'dom_perc', 'int_perc')",0.5172502
"('power_rating', 'num_play_dom', 'mv_play_int', 'dom_perc')",0.517081697
"('power_rating', 'num_play_dom', 'mv_play_int', 'int_perc')",0.517081697
"('power_rating', 'num_play_dom', 'mv_play_int', 'dom_perc', 'int_perc')",0.517081697
"('power_rating', 'mv_usd', 'elo_rating', 'bmi', 'dom_perc')",0.517024726
"('power_rating', 'mv_usd', 'elo_rating', 'bmi', 'int_perc')",0.517024726
"('power_rating', 'mv_usd', 'elo_rating', 'bmi', 'dom_perc', 'int_perc')",0.517024726
"('power_rating', 'gdp_usd', 'life_exp', 'qol', 'mv_play_dom', 'num_play_int', 'dom_perc')",0.517004369
"('power_rating', 'gdp_usd', 'life_exp', 'qol', 'mv_play_dom', 'num_play_int', 'int_perc')",0.517004369
"('power_rating', 'gdp_usd', 'life_exp', 'qol', 'mv_play_dom', 'num_play_int', 'dom_perc', 'int_perc')",0.517004369
"('power_rating', 'gdp_usd', 'mv_usd', 'bmi', 'mv_play_dom', 'mv_play_int')",0.516828342
"('power_rating', 'mv_usd', 'elo_rating', 'bmi', 'num_play_dom', 'dom_int_mv_ratio')",0.516799867
"('power_rating', 'qol', 'num_play_int', 'dom_int_mv_ratio', 'dom_perc')",0.5166975
"('power_rating', 'qol', 'num_play_int', 'dom_int_mv_ratio', 'int_perc')",0.5166975
"('power_rating', 'qol', 'num_play_int', 'dom_int_mv_ratio', 'dom_perc', 'int_perc')",0.5166975
"('power_rating', 'gdp_usd', 'bmi', 'mv_play_dom', 'mv_play_int', 'dom_int_mv_ratio', 'dom_perc')",0.516395662
"('power_rating', 'gdp_usd', 'bmi', 'mv_play_dom', 'mv_play_int', 'dom_int_mv_ratio', 'int_perc')",0.516395662
"('power_rating', 'gdp_usd', 'bmi', 'mv_play_dom', 'mv_play_int', 'dom_int_mv_ratio', 'dom_perc', 'int_perc')",0.516395662
"('power_rating', 'gdp_usd', 'mv_usd', 'bmi', 'mv_play_dom', 'num_play_int', 'dom_perc')",0.516212859
"('power_rating', 'gdp_usd', 'mv_usd', 'bmi', 'mv_play_dom', 'num_play_int', 'int_perc')",0.516212859
"('power_rating', 'gdp_usd', 'mv_usd', 'bmi', 'mv_play_dom', 'num_play_int', 'dom_perc', 'int_perc')",0.516212859
"('power_rating', 'elo_rating', 'bmi', 'num_play_dom', 'num_play_int', 'dom_int_mv_ratio')",0.516212132
"('power_rating', 'gdp_usd', 'mv_usd', 'bmi', 'num_play_int', 'dom_perc')",0.516200676
"('power_rating', 'gdp_usd', 'mv_usd', 'bmi', 'num_play_int', 'int_perc')",0.516200676
"('power_rating', 'gdp_usd', 'mv_usd', 'bmi', 'num_play_int', 'dom_perc', 'int_perc')",0.516200676
"('power_rating', 'bmi', 'life_exp', 'mv_play_dom', 'mv_play_int')",0.516118869
"('life_exp', 'qol', 'num_play_int')",0.515758874
"('gdp_usd', 'mv_usd', 'elo_rating', 'bmi', 'life_exp', 'qol', 'num_play_dom', 'mv_play_int', 'num_play_int')",0.515727025
"('power_rating', 'life_exp', 'mv_play_dom', 'mv_play_int')",0.515717165
"('gdp_usd', 'mv_usd', 'bmi', 'life_exp', 'qol', 'num_play_dom', 'mv_play_int', 'num_play_int')",0.515706819
"('gdp_usd', 'mv_usd', 'elo_rating', 'bmi', 'life_exp', 'qol', 'num_play_dom', 'num_play_int')",0.515694555
"('gdp_usd', 'mv_usd', 'bmi', 'life_exp', 'qol', 'num_play_dom', 'num_play_int')",0.515691783
"('power_rating', 'bmi', 'life_exp', 'mv_play_dom', 'num_play_int', 'dom_perc')",0.515384837
"('power_rating', 'bmi', 'life_exp', 'mv_play_dom', 'num_play_int', 'int_perc')",0.515384837
"('power_rating', 'bmi', 'life_exp', 'mv_play_dom', 'num_play_int', 'dom_perc', 'int_perc')",0.515384837
"('power_rating', 'gdp_usd', 'mv_usd', 'qol', 'mv_play_dom', 'num_play_int', 'dom_perc')",0.515070686
"('power_rating', 'gdp_usd', 'mv_usd', 'qol', 'mv_play_dom', 'num_play_int', 'int_perc')",0.515070686
"('power_rating', 'gdp_usd', 'mv_usd', 'qol', 'mv_play_dom', 'num_play_int', 'dom_perc', 'int_perc')",0.515070686
"('gdp_usd', 'mv_usd', 'elo_rating', 'life_exp', 'qol', 'num_play_dom', 'mv_play_int', 'num_play_int')",0.515038145
"('power_rating', 'gdp_usd', 'bmi', 'qol', 'mv_play_dom', 'num_play_int', 'dom_perc')",0.515000379
"('power_rating', 'gdp_usd', 'bmi', 'qol', 'mv_play_dom', 'num_play_int', 'int_perc')",0.515000379
"('power_rating', 'gdp_usd', 'bmi', 'qol', 'mv_play_dom', 'num_play_int', 'dom_perc', 'int_perc')",0.515000379
"('gdp_usd', 'mv_usd', 'elo_rating', 'life_exp', 'qol', 'num_play_dom', 'num_play_int')",0.514990909
"('power_rating', 'mv_usd', 'qol', 'mv_play_dom', 'num_play_int', 'dom_perc')",0.514974448
"('power_rating', 'mv_usd', 'qol', 'mv_play_dom', 'num_play_int', 'int_perc')",0.514974448
"('power_rating', 'mv_usd', 'qol', 'mv_play_dom', 'num_play_int', 'dom_perc', 'int_perc')",0.514974448
"('gdp_usd', 'mv_usd', 'life_exp', 'qol', 'num_play_dom', 'mv_play_int', 'num_play_int')",0.514971029
"('gdp_usd', 'mv_usd', 'life_exp', 'qol', 'num_play_dom', 'num_play_int')",0.514962704
"('gdp_usd', 'mv_usd', 'elo_rating', 'bmi', 'qol', 'mv_play_dom', 'num_play_dom', 'mv_play_int', 'num_play_int')",0.514883408
"('gdp_usd', 'mv_usd', 'elo_rating', 'bmi', 'qol', 'mv_play_dom', 'num_play_dom', 'mv_play_int', 'dom_perc')",0.51454587
"('gdp_usd', 'mv_usd', 'elo_rating', 'bmi', 'qol', 'mv_play_dom', 'num_play_dom', 'mv_play_int', 'int_perc')",0.51454587
"('gdp_usd', 'mv_usd', 'elo_rating', 'bmi', 'qol', 'mv_play_dom', 'num_play_dom', 'mv_play_int', 'dom_perc', 'int_perc')",0.51454587
"('power_rating', 'elo_rating', 'bmi', 'num_play_dom', 'dom_int_mv_ratio')",0.514364683
"('power_rating', 'gdp_usd', 'mv_usd', 'mv_play_dom', 'num_play_dom', 'num_play_int', 'dom_int_mv_ratio', 'dom_perc')",0.514338152
"('power_rating', 'gdp_usd', 'mv_usd', 'mv_play_dom', 'num_play_dom', 'num_play_int', 'dom_int_mv_ratio', 'int_perc')",0.514338152
"('power_rating', 'gdp_usd', 'mv_usd', 'mv_play_dom', 'num_play_dom', 'num_play_int', 'dom_int_mv_ratio', 'dom_perc', 'int_perc')",0.514338152
"('gdp_usd', 'mv_usd', 'bmi', 'qol', 'mv_play_dom', 'num_play_dom', 'mv_play_int', 'num_play_int', 'dom_perc')",0.514157837
"('gdp_usd', 'mv_usd', 'bmi', 'qol', 'mv_play_dom', 'num_play_dom', 'mv_play_int', 'num_play_int', 'int_perc')",0.514157837
"('gdp_usd', 'mv_usd', 'bmi', 'qol', 'mv_play_dom', 'num_play_dom', 'mv_play_int', 'num_play_int', 'dom_perc', 'int_perc')",0.514157837
"('bmi', 'qol', 'num_play_dom', 'mv_play_int', 'dom_int_mv_ratio')",0.514000068
"('bmi', 'qol', 'num_play_dom', 'dom_int_mv_ratio')",0.513911154
"('power_rating', 'gdp_usd', 'life_exp', 'mv_play_dom', 'num_play_int', 'dom_perc')",0.513700429
"('power_rating', 'gdp_usd', 'life_exp', 'mv_play_dom', 'num_play_int', 'int_perc')",0.513700429
"('power_rating', 'gdp_usd', 'life_exp', 'mv_play_dom', 'num_play_int', 'dom_perc', 'int_perc')",0.513700429
"('life_exp', 'qol', 'mv_play_dom', 'dom_int_mv_ratio')",0.513654211
"('life_exp', 'qol', 'dom_int_mv_ratio')",0.513631826
"('power_rating', 'elo_rating', 'mv_play_dom', 'num_play_dom', 'num_play_int', 'dom_perc')",0.513597102
"('power_rating', 'elo_rating', 'mv_play_dom', 'num_play_dom', 'num_play_int', 'int_perc')",0.513597102
"('power_rating', 'elo_rating', 'mv_play_dom', 'num_play_dom', 'num_play_int', 'dom_perc', 'int_perc')",0.513597102
"('power_rating', 'gdp_usd', 'mv_usd', 'elo_rating', 'bmi', 'life_exp', 'qol', 'num_play_dom', 'num_play_int')",0.513237353
"('power_rating', 'gdp_usd', 'mv_usd', 'qol', 'num_play_int', 'dom_perc')",0.51317629
"('power_rating', 'gdp_usd', 'mv_usd', 'qol', 'num_play_int', 'int_perc')",0.51317629
"('power_rating', 'gdp_usd', 'mv_usd', 'qol', 'num_play_int', 'dom_perc', 'int_perc')",0.51317629
"('power_rating', 'gdp_usd', 'mv_usd', 'num_play_dom', 'num_play_int', 'dom_int_mv_ratio', 'dom_perc')",0.513146481
"('power_rating', 'gdp_usd', 'mv_usd', 'num_play_dom', 'num_play_int', 'dom_int_mv_ratio', 'int_perc')",0.513146481
"('power_rating', 'gdp_usd', 'mv_usd', 'num_play_dom', 'num_play_int', 'dom_int_mv_ratio', 'dom_perc', 'int_perc')",0.513146481
"('power_rating', 'gdp_usd', 'bmi', 'num_play_int', 'dom_int_mv_ratio', 'dom_perc')",0.513096804
"('power_rating', 'gdp_usd', 'bmi', 'num_play_int', 'dom_int_mv_ratio', 'int_perc')",0.513096804
"('power_rating', 'gdp_usd', 'bmi', 'num_play_int', 'dom_int_mv_ratio', 'dom_perc', 'int_perc')",0.513096804
"('gdp_usd', 'mv_usd', 'bmi', 'qol', 'mv_play_dom', 'num_play_dom', 'num_play_int', 'dom_perc')",0.513076545
"('gdp_usd', 'mv_usd', 'bmi', 'qol', 'mv_play_dom', 'num_play_dom', 'num_play_int', 'int_perc')",0.513076545
"('gdp_usd', 'mv_usd', 'bmi', 'qol', 'mv_play_dom', 'num_play_dom', 'num_play_int', 'dom_perc', 'int_perc')",0.513076545
"('power_rating', 'gdp_usd', 'mv_play_dom', 'num_play_dom', 'num_play_int', 'dom_int_mv_ratio', 'dom_perc')",0.512921698
"('power_rating', 'gdp_usd', 'mv_play_dom', 'num_play_dom', 'num_play_int', 'dom_int_mv_ratio', 'int_perc')",0.512921698
"('power_rating', 'gdp_usd', 'mv_play_dom', 'num_play_dom', 'num_play_int', 'dom_int_mv_ratio', 'dom_perc', 'int_perc')",0.512921698
"('power_rating', 'gdp_usd', 'mv_usd', 'elo_rating', 'bmi', 'mv_play_dom', 'num_play_dom', 'num_play_int')",0.512862388
"('power_rating', 'gdp_usd', 'mv_usd', 'elo_rating', 'bmi', 'mv_play_dom', 'num_play_dom')",0.512798367
"('elo_rating', 'bmi', 'life_exp', 'num_play_dom', 'dom_int_mv_ratio', 'dom_perc')",0.512778129
"('elo_rating', 'bmi', 'life_exp', 'num_play_dom', 'dom_int_mv_ratio', 'int_perc')",0.512778129
"('elo_rating', 'bmi', 'life_exp', 'num_play_dom', 'dom_int_mv_ratio', 'dom_perc', 'int_perc')",0.512778129
"('power_rating', 'gdp_usd', 'elo_rating', 'bmi', 'life_exp', 'mv_play_dom', 'num_play_int', 'dom_int_mv_ratio')",0.512638492
"('power_rating', 'mv_usd', 'qol', 'num_play_int', 'dom_perc')",0.512638291
"('power_rating', 'mv_usd', 'qol', 'num_play_int', 'int_perc')",0.512638291
"('power_rating', 'mv_usd', 'qol', 'num_play_int', 'dom_perc', 'int_perc')",0.512638291
"('elo_rating', 'bmi', 'num_play_dom', 'dom_int_mv_ratio', 'dom_perc')",0.512596829
"('elo_rating', 'bmi', 'num_play_dom', 'dom_int_mv_ratio', 'int_perc')",0.512596829
"('elo_rating', 'bmi', 'num_play_dom', 'dom_int_mv_ratio', 'dom_perc', 'int_perc')",0.512596829
"('power_rating', 'mv_usd', 'elo_rating', 'bmi', 'mv_play_dom', 'num_play_dom', 'num_play_int')",0.512596094
"('power_rating', 'gdp_usd', 'mv_usd', 'elo_rating', 'mv_play_dom', 'num_play_int', 'dom_perc')",0.512594988
"('power_rating', 'gdp_usd', 'mv_usd', 'elo_rating', 'mv_play_dom', 'num_play_int', 'int_perc')",0.512594988
"('power_rating', 'gdp_usd', 'mv_usd', 'elo_rating', 'mv_play_dom', 'num_play_int', 'dom_perc', 'int_perc')",0.512594988
"('power_rating', 'gdp_usd', 'elo_rating', 'bmi', 'life_exp', 'mv_play_dom', 'dom_int_mv_ratio')",0.512524337
"('power_rating', 'gdp_usd', 'elo_rating', 'bmi', 'life_exp', 'qol', 'mv_play_dom', 'num_play_dom', 'num_play_int')",0.512465045
"('power_rating', 'mv_usd', 'elo_rating', 'bmi', 'mv_play_dom', 'num_play_dom')",0.51234638
"('gdp_usd', 'mv_usd', 'elo_rating', 'bmi', 'life_exp', 'qol', 'num_play_dom', 'mv_play_int', 'dom_perc')",0.512267895
"('gdp_usd', 'mv_usd', 'elo_rating', 'bmi', 'life_exp', 'qol', 'num_play_dom', 'mv_play_int', 'int_perc')",0.512267895
"('gdp_usd', 'mv_usd', 'elo_rating', 'bmi', 'life_exp', 'qol', 'num_play_dom', 'mv_play_int', 'dom_perc', 'int_perc')",0.512267895
"('power_rating', 'gdp_usd', 'mv_usd', 'elo_rating', 'bmi', 'life_exp', 'qol', 'num_play_dom')",0.512262857
"('gdp_usd', 'mv_usd', 'elo_rating', 'life_exp', 'qol', 'num_play_dom', 'mv_play_int', 'dom_perc')",0.512173113
"('gdp_usd', 'mv_usd', 'elo_rating', 'life_exp', 'qol', 'num_play_dom', 'mv_play_int', 'int_perc')",0.512173113
"('gdp_usd', 'mv_usd', 'elo_rating', 'life_exp', 'qol', 'num_play_dom', 'mv_play_int', 'dom_perc', 'int_perc')",0.512173113
"('gdp_usd', 'mv_usd', 'elo_rating', 'bmi', 'qol', 'mv_play_dom', 'num_play_dom', 'num_play_int')",0.512170749
"('bmi', 'qol', 'num_play_dom', 'mv_play_int')",0.51205496
"('power_rating', 'elo_rating', 'bmi', 'life_exp', 'mv_play_dom', 'num_play_int', 'dom_int_mv_ratio')",0.511898931
"('power_rating', 'gdp_usd', 'elo_rating', 'bmi', 'life_exp', 'qol', 'mv_play_dom', 'num_play_dom')",0.511873973
"('bmi', 'qol', 'num_play_dom')",0.511822854
"('power_rating', 'gdp_usd', 'mv_usd', 'elo_rating', 'life_exp', 'qol', 'num_play_dom', 'num_play_int')",0.511792584
"('power_rating', 'gdp_usd', 'elo_rating', 'life_exp', 'qol', 'mv_play_dom', 'num_play_dom', 'num_play_int')",0.51174802
"('gdp_usd', 'mv_usd', 'bmi', 'life_exp', 'qol', 'num_play_dom', 'mv_play_int', 'dom_perc')",0.511597841
"('gdp_usd', 'mv_usd', 'bmi', 'life_exp', 'qol', 'num_play_dom', 'mv_play_int', 'int_perc')",0.511597841
"('gdp_usd', 'mv_usd', 'bmi', 'life_exp', 'qol', 'num_play_dom', 'mv_play_int', 'dom_perc', 'int_perc')",0.511597841
"('power_rating', 'mv_usd', 'elo_rating', 'bmi', 'life_exp', 'qol', 'num_play_dom', 'num_play_int')",0.511492499
"('gdp_usd', 'mv_usd', 'life_exp', 'qol', 'num_play_dom', 'mv_play_int', 'dom_perc', 'int_perc')",0.511438039
"('gdp_usd', 'mv_usd', 'life_exp', 'qol', 'num_play_dom', 'mv_play_int', 'dom_perc')",0.511438039
"('gdp_usd', 'mv_usd', 'life_exp', 'qol', 'num_play_dom', 'mv_play_int', 'int_perc')",0.511438039
"('power_rating', 'gdp_usd', 'elo_rating', 'num_play_dom', 'num_play_int', 'dom_perc')",0.511339578
"('power_rating', 'gdp_usd', 'elo_rating', 'num_play_dom', 'num_play_int', 'int_perc')",0.511339578
"('power_rating', 'gdp_usd', 'elo_rating', 'num_play_dom', 'num_play_int', 'dom_perc', 'int_perc')",0.511339578
"('power_rating', 'elo_rating', 'bmi', 'life_exp', 'mv_play_dom', 'dom_int_mv_ratio')",0.51131525
"('power_rating', 'gdp_usd', 'elo_rating', 'bmi', 'life_exp', 'qol', 'num_play_dom', 'num_play_int')",0.511185102
"('power_rating', 'mv_usd', 'bmi', 'mv_play_dom', 'num_play_int', 'dom_perc')",0.511132931
"('power_rating', 'mv_usd', 'bmi', 'mv_play_dom', 'num_play_int', 'int_perc')",0.511132931
"('power_rating', 'mv_usd', 'bmi', 'mv_play_dom', 'num_play_int', 'dom_perc', 'int_perc')",0.511132931
"('gdp_usd', 'mv_usd', 'elo_rating', 'qol', 'mv_play_dom', 'num_play_dom', 'mv_play_int', 'num_play_int', 'dom_perc')",0.511027552
"('gdp_usd', 'mv_usd', 'elo_rating', 'qol', 'mv_play_dom', 'num_play_dom', 'mv_play_int', 'num_play_int', 'int_perc')",0.511027552
"('gdp_usd', 'mv_usd', 'elo_rating', 'qol', 'mv_play_dom', 'num_play_dom', 'mv_play_int', 'num_play_int', 'dom_perc', 'int_perc')",0.511027552
"('power_rating', 'gdp_usd', 'elo_rating', 'life_exp', 'qol', 'mv_play_dom', 'num_play_dom')",0.510919576
"('power_rating', 'mv_usd', 'bmi', 'num_play_int', 'int_perc')",0.510588437
"('power_rating', 'mv_usd', 'bmi', 'num_play_int', 'dom_perc', 'int_perc')",0.510588437
"('power_rating', 'mv_usd', 'bmi', 'num_play_int', 'dom_perc')",0.510588437
"('power_rating', 'elo_rating', 'mv_play_dom', 'num_play_dom', 'num_play_int', 'dom_int_mv_ratio')",0.510511476
"('power_rating', 'gdp_usd', 'mv_usd', 'mv_play_dom', 'num_play_dom', 'mv_play_int')",0.51049823
"('power_rating', 'gdp_usd', 'elo_rating', 'bmi', 'life_exp', 'qol', 'num_play_dom')",0.510482925
"('power_rating', 'gdp_usd', 'mv_usd', 'num_play_dom', 'mv_play_int')",0.510477402
"('power_rating', 'gdp_usd', 'mv_usd', 'bmi', 'mv_play_int', 'dom_int_mv_ratio')",0.510456003
"('power_rating', 'gdp_usd', 'mv_usd', 'elo_rating', 'life_exp', 'qol', 'num_play_dom')",0.510395106
"('power_rating', 'mv_usd', 'elo_rating', 'life_exp', 'qol', 'num_play_dom', 'num_play_int')",0.510164223
"('gdp_usd', 'mv_usd', 'elo_rating', 'bmi', 'life_exp', 'qol', 'num_play_dom', 'dom_perc')",0.510129304
"('gdp_usd', 'mv_usd', 'elo_rating', 'bmi', 'life_exp', 'qol', 'num_play_dom', 'int_perc')",0.510129304
"('gdp_usd', 'mv_usd', 'elo_rating', 'bmi', 'life_exp', 'qol', 'num_play_dom', 'dom_perc', 'int_perc')",0.510129304
"('power_rating', 'gdp_usd', 'elo_rating', 'life_exp', 'qol', 'num_play_dom', 'num_play_int')",0.51010686
"('power_rating', 'gdp_usd', 'mv_usd', 'elo_rating', 'num_play_dom', 'num_play_int', 'dom_int_mv_ratio')",0.510099303
"('power_rating', 'gdp_usd', 'mv_usd', 'elo_rating', 'num_play_dom', 'dom_int_mv_ratio')",0.51007725
"('gdp_usd', 'mv_usd', 'elo_rating', 'life_exp', 'qol', 'num_play_dom', 'dom_perc')",0.510061128
"('gdp_usd', 'mv_usd', 'elo_rating', 'life_exp', 'qol', 'num_play_dom', 'int_perc')",0.510061128
"('gdp_usd', 'mv_usd', 'elo_rating', 'life_exp', 'qol', 'num_play_dom', 'dom_perc', 'int_perc')",0.510061128
"('elo_rating', 'life_exp', 'num_play_dom', 'dom_int_mv_ratio', 'dom_perc')",0.509989055
"('elo_rating', 'life_exp', 'num_play_dom', 'dom_int_mv_ratio', 'int_perc')",0.509989055
"('elo_rating', 'life_exp', 'num_play_dom', 'dom_int_mv_ratio', 'dom_perc', 'int_perc')",0.509989055
"('elo_rating', 'num_play_dom', 'dom_int_mv_ratio', 'dom_perc')",0.509648744
"('elo_rating', 'num_play_dom', 'dom_int_mv_ratio', 'int_perc')",0.509648744
"('elo_rating', 'num_play_dom', 'dom_int_mv_ratio', 'dom_perc', 'int_perc')",0.509648744
"('power_rating', 'elo_rating', 'bmi', 'life_exp', 'qol', 'mv_play_dom', 'num_play_dom', 'num_play_int')",0.509560935
"('power_rating', 'gdp_usd', 'num_play_dom', 'mv_play_int', 'dom_int_mv_ratio')",0.509301281
"('gdp_usd', 'mv_usd', 'bmi', 'qol', 'mv_play_dom', 'num_play_dom', 'mv_play_int', 'dom_perc')",0.509105906
"('gdp_usd', 'mv_usd', 'bmi', 'qol', 'mv_play_dom', 'num_play_dom', 'mv_play_int', 'int_perc')",0.509105906
"('gdp_usd', 'mv_usd', 'bmi', 'qol', 'mv_play_dom', 'num_play_dom', 'mv_play_int', 'dom_perc', 'int_perc')",0.509105906
"('power_rating', 'gdp_usd', 'elo_rating', 'life_exp', 'qol', 'num_play_dom')",0.509057339
"('power_rating', 'mv_usd', 'mv_play_dom', 'num_play_dom', 'mv_play_int')",0.50904655
"('power_rating', 'elo_rating', 'life_exp', 'qol', 'mv_play_dom', 'num_play_dom', 'num_play_int')",0.50901292
"('power_rating', 'mv_usd', 'num_play_dom', 'mv_play_int')",0.508955378
"('power_rating', 'bmi', 'qol', 'mv_play_dom', 'num_play_int', 'dom_perc')",0.508887799
"('power_rating', 'bmi', 'qol', 'mv_play_dom', 'num_play_int', 'int_perc')",0.508887799
"('power_rating', 'bmi', 'qol', 'mv_play_dom', 'num_play_int', 'dom_perc', 'int_perc')",0.508887799
"('power_rating', 'num_play_dom', 'mv_play_int', 'dom_int_mv_ratio')",0.508802542
"('power_rating', 'mv_usd', 'elo_rating', 'mv_play_dom', 'num_play_int', 'dom_perc')",0.508794543
"('power_rating', 'mv_usd', 'elo_rating', 'mv_play_dom', 'num_play_int', 'int_perc')",0.508794543
"('power_rating', 'mv_usd', 'elo_rating', 'mv_play_dom', 'num_play_int', 'dom_perc', 'int_perc')",0.508794543
"('power_rating', 'elo_rating', 'bmi', 'life_exp', 'qol', 'num_play_dom', 'num_play_int')",0.508347567
"('power_rating', 'gdp_usd', 'mv_usd', 'elo_rating', 'bmi', 'life_exp', 'num_play_dom', 'num_play_int')",0.508314185
"('power_rating', 'gdp_usd', 'mv_usd', 'elo_rating', 'bmi', 'life_exp', 'num_play_dom')",0.508313716
"('power_rating', 'elo_rating', 'mv_play_dom', 'num_play_dom', 'dom_int_mv_ratio')",0.508232341
"('power_rating', 'gdp_usd', 'elo_rating', 'bmi', 'life_exp', 'mv_play_dom', 'num_play_dom', 'num_play_int')",0.508198061
"('power_rating', 'gdp_usd', 'elo_rating', 'life_exp', 'mv_play_dom', 'num_play_int', 'dom_int_mv_ratio')",0.508182774
"('power_rating', 'gdp_usd', 'elo_rating', 'bmi', 'life_exp', 'mv_play_dom', 'num_play_dom')",0.508182207
"('power_rating', 'gdp_usd', 'bmi', 'mv_play_dom', 'mv_play_int', 'dom_perc')",0.508165796
"('power_rating', 'gdp_usd', 'bmi', 'mv_play_dom', 'mv_play_int', 'int_perc')",0.508165796
"('power_rating', 'gdp_usd', 'bmi', 'mv_play_dom', 'mv_play_int', 'dom_perc', 'int_perc')",0.508165796
"('power_rating', 'elo_rating', 'life_exp', 'mv_play_dom', 'num_play_int', 'dom_int_mv_ratio')",0.508111357
"('power_rating', 'bmi', 'life_exp', 'mv_play_int', 'dom_perc')",0.50804448
"('power_rating', 'bmi', 'life_exp', 'mv_play_int', 'int_perc')",0.50804448
"('power_rating', 'bmi', 'life_exp', 'mv_play_int', 'dom_perc', 'int_perc')",0.50804448
"('power_rating', 'life_exp', 'mv_play_int', 'dom_perc')",0.507961915
"('power_rating', 'life_exp', 'mv_play_int', 'int_perc')",0.507961915
"('power_rating', 'life_exp', 'mv_play_int', 'dom_perc', 'int_perc')",0.507961915
"('power_rating', 'gdp_usd', 'elo_rating', 'life_exp', 'mv_play_dom', 'dom_int_mv_ratio')",0.507943327
"('power_rating', 'bmi', 'life_exp', 'mv_play_int')",0.507868918
"('power_rating', 'life_exp', 'mv_play_int')",0.507849857
"('power_rating', 'gdp_usd', 'mv_usd', 'bmi', 'mv_play_int')",0.507818184
"('power_rating', 'elo_rating', 'life_exp', 'mv_play_dom', 'dom_int_mv_ratio')",0.507677597
"('power_rating', 'gdp_usd', 'mv_usd', 'elo_rating', 'bmi', 'qol', 'num_play_dom', 'num_play_int')",0.507549878
"('power_rating', 'gdp_usd', 'elo_rating', 'bmi', 'mv_play_dom', 'num_play_dom', 'dom_perc')",0.507538735
"('power_rating', 'gdp_usd', 'elo_rating', 'bmi', 'mv_play_dom', 'num_play_dom', 'int_perc')",0.507538735
"('power_rating', 'gdp_usd', 'elo_rating', 'bmi', 'mv_play_dom', 'num_play_dom', 'dom_perc', 'int_perc')",0.507538735
"('power_rating', 'elo_rating', 'life_exp', 'qol', 'num_play_dom', 'num_play_int')",0.507487084
"('power_rating', 'mv_usd', 'elo_rating', 'bmi', 'qol', 'num_play_dom', 'num_play_int')",0.507288074
"('power_rating', 'elo_rating', 'bmi', 'mv_play_dom', 'num_play_dom', 'dom_perc')",0.507255795
"('power_rating', 'elo_rating', 'bmi', 'mv_play_dom', 'num_play_dom', 'int_perc')",0.507255795
"('power_rating', 'elo_rating', 'bmi', 'mv_play_dom', 'num_play_dom', 'dom_perc', 'int_perc')",0.507255795
"('power_rating', 'mv_usd', 'elo_rating', 'bmi', 'life_exp', 'qol', 'num_play_dom')",0.507247822
"('power_rating', 'gdp_usd', 'bmi', 'mv_play_int', 'dom_int_mv_ratio', 'dom_perc')",0.507208916
"('power_rating', 'gdp_usd', 'bmi', 'mv_play_int', 'dom_int_mv_ratio', 'int_perc')",0.507208916
"('power_rating', 'gdp_usd', 'bmi', 'mv_play_int', 'dom_int_mv_ratio', 'dom_perc', 'int_perc')",0.507208916
"('power_rating', 'gdp_usd', 'elo_rating', 'bmi', 'life_exp', 'num_play_dom', 'num_play_int')",0.506954844
"('power_rating', 'gdp_usd', 'elo_rating', 'bmi', 'life_exp', 'num_play_dom')",0.50695253
"('gdp_usd', 'mv_usd', 'elo_rating', 'bmi', 'qol', 'mv_play_dom', 'num_play_dom', 'dom_perc')",0.506890992
"('gdp_usd', 'mv_usd', 'elo_rating', 'bmi', 'qol', 'mv_play_dom', 'num_play_dom', 'int_perc')",0.506890992
"('gdp_usd', 'mv_usd', 'elo_rating', 'bmi', 'qol', 'mv_play_dom', 'num_play_dom', 'dom_perc', 'int_perc')",0.506890992
"('power_rating', 'life_exp', 'num_play_int', 'dom_int_mv_ratio', 'dom_perc')",0.506773373
"('power_rating', 'life_exp', 'num_play_int', 'dom_int_mv_ratio', 'int_perc')",0.506773373
"('power_rating', 'life_exp', 'num_play_int', 'dom_int_mv_ratio', 'dom_perc', 'int_perc')",0.506773373
"('power_rating', 'mv_usd', 'mv_play_dom', 'num_play_dom', 'num_play_int', 'dom_int_mv_ratio', 'dom_perc')",0.506713469
"('power_rating', 'mv_usd', 'mv_play_dom', 'num_play_dom', 'num_play_int', 'dom_int_mv_ratio', 'int_perc')",0.506713469
"('power_rating', 'mv_usd', 'mv_play_dom', 'num_play_dom', 'num_play_int', 'dom_int_mv_ratio', 'dom_perc', 'int_perc')",0.506713469
"('power_rating', 'mv_usd', 'num_play_dom', 'num_play_int', 'dom_int_mv_ratio', 'dom_perc')",0.506632053
"('power_rating', 'mv_usd', 'num_play_dom', 'num_play_int', 'dom_int_mv_ratio', 'int_perc')",0.506632053
"('power_rating', 'mv_usd', 'num_play_dom', 'num_play_int', 'dom_int_mv_ratio', 'dom_perc', 'int_perc')",0.506632053
"('power_rating', 'gdp_usd', 'elo_rating', 'bmi', 'mv_play_dom', 'dom_perc')",0.506570772
"('power_rating', 'gdp_usd', 'elo_rating', 'bmi', 'mv_play_dom', 'int_perc')",0.506570772
"('power_rating', 'gdp_usd', 'elo_rating', 'bmi', 'mv_play_dom', 'dom_perc', 'int_perc')",0.506570772
"('power_rating', 'elo_rating', 'bmi', 'mv_play_dom', 'dom_perc')",0.50656914
"('power_rating', 'elo_rating', 'bmi', 'mv_play_dom', 'int_perc')",0.50656914
"('power_rating', 'elo_rating', 'bmi', 'mv_play_dom', 'dom_perc', 'int_perc')",0.50656914
"('power_rating', 'gdp_usd', 'bmi', 'mv_play_dom', 'mv_play_int', 'dom_int_mv_ratio')",0.506308222
"('gdp_usd', 'mv_usd', 'bmi', 'qol', 'mv_play_dom', 'num_play_dom', 'dom_perc')",0.506240062
"('gdp_usd', 'mv_usd', 'bmi', 'qol', 'mv_play_dom', 'num_play_dom', 'int_perc')",0.506240062
"('gdp_usd', 'mv_usd', 'bmi', 'qol', 'mv_play_dom', 'num_play_dom', 'dom_perc', 'int_perc')",0.506240062
"('gdp_usd', 'mv_usd', 'bmi', 'life_exp', 'qol', 'num_play_dom', 'dom_perc')",0.506162947
"('gdp_usd', 'mv_usd', 'bmi', 'life_exp', 'qol', 'num_play_dom', 'int_perc')",0.506162947
"('gdp_usd', 'mv_usd', 'bmi', 'life_exp', 'qol', 'num_play_dom', 'dom_perc', 'int_perc')",0.506162947
"('gdp_usd', 'mv_usd', 'life_exp', 'qol', 'num_play_dom', 'dom_perc')",0.505928422
"('gdp_usd', 'mv_usd', 'life_exp', 'qol', 'num_play_dom', 'int_perc')",0.505928422
"('gdp_usd', 'mv_usd', 'life_exp', 'qol', 'num_play_dom', 'dom_perc', 'int_perc')",0.505928422
"('power_rating', 'gdp_usd', 'elo_rating', 'bmi', 'num_play_dom', 'dom_perc')",0.505913409
"('power_rating', 'gdp_usd', 'elo_rating', 'bmi', 'num_play_dom', 'int_perc')",0.505913409
"('power_rating', 'gdp_usd', 'elo_rating', 'bmi', 'num_play_dom', 'dom_perc', 'int_perc')",0.505913409
"('power_rating', 'elo_rating', 'bmi', 'num_play_dom', 'dom_perc')",0.505466879
"('power_rating', 'elo_rating', 'bmi', 'num_play_dom', 'int_perc')",0.505466879
"('power_rating', 'elo_rating', 'bmi', 'num_play_dom', 'dom_perc', 'int_perc')",0.505466879
"('power_rating', 'elo_rating', 'bmi', 'life_exp', 'qol', 'mv_play_dom', 'num_play_dom')",0.505455057
"('power_rating', 'gdp_usd', 'mv_usd', 'elo_rating', 'bmi', 'life_exp', 'mv_play_dom', 'num_play_int')",0.505443425
"('power_rating', 'gdp_usd', 'mv_usd', 'elo_rating', 'life_exp', 'mv_play_dom', 'num_play_int')",0.505434373
"('life_exp', 'qol', 'mv_play_dom', 'mv_play_int', 'dom_perc')",0.505401423
"('life_exp', 'qol', 'mv_play_dom', 'mv_play_int', 'int_perc')",0.505401423
"('life_exp', 'qol', 'mv_play_dom', 'mv_play_int', 'dom_perc', 'int_perc')",0.505401423
"('power_rating', 'gdp_usd', 'elo_rating', 'life_exp', 'mv_play_dom', 'num_play_dom', 'num_play_int')",0.505334594
"('power_rating', 'gdp_usd', 'elo_rating', 'life_exp', 'mv_play_dom', 'num_play_dom')",0.505319797
"('power_rating', 'gdp_usd', 'elo_rating', 'bmi', 'dom_perc')",0.50516369
"('power_rating', 'gdp_usd', 'elo_rating', 'bmi', 'int_perc')",0.50516369
"('power_rating', 'gdp_usd', 'elo_rating', 'bmi', 'dom_perc', 'int_perc')",0.50516369
"('gdp_usd', 'mv_usd', 'elo_rating', 'qol', 'mv_play_dom', 'num_play_dom', 'num_play_int', 'dom_perc')",0.505148591
"('gdp_usd', 'mv_usd', 'elo_rating', 'qol', 'mv_play_dom', 'num_play_dom', 'num_play_int', 'int_perc')",0.505148591
"('gdp_usd', 'mv_usd', 'elo_rating', 'qol', 'mv_play_dom', 'num_play_dom', 'num_play_int', 'dom_perc', 'int_perc')",0.505148591
"('power_rating', 'gdp_usd', 'mv_usd', 'elo_rating', 'bmi', 'life_exp', 'mv_play_dom')",0.505145868
"('power_rating', 'gdp_usd', 'mv_usd', 'elo_rating', 'life_exp', 'mv_play_dom')",0.505141234
"('power_rating', 'elo_rating', 'bmi', 'dom_perc')",0.505098723
"('power_rating', 'elo_rating', 'bmi', 'int_perc')",0.505098723
"('power_rating', 'elo_rating', 'bmi', 'dom_perc', 'int_perc')",0.505098723
"('gdp_usd', 'mv_usd', 'elo_rating', 'qol', 'mv_play_dom', 'num_play_dom', 'mv_play_int', 'dom_perc')",0.505021509
"('gdp_usd', 'mv_usd', 'elo_rating', 'qol', 'mv_play_dom', 'num_play_dom', 'mv_play_int', 'int_perc')",0.505021509
"('gdp_usd', 'mv_usd', 'elo_rating', 'qol', 'mv_play_dom', 'num_play_dom', 'mv_play_int', 'dom_perc', 'int_perc')",0.505021509
"('power_rating', 'mv_usd', 'elo_rating', 'life_exp', 'qol', 'num_play_dom')",0.505021413
"('power_rating', 'mv_usd', 'life_exp', 'mv_play_dom', 'num_play_int', 'dom_perc')",0.505004915
"('power_rating', 'mv_usd', 'life_exp', 'mv_play_dom', 'num_play_int', 'int_perc')",0.505004915
"('power_rating', 'mv_usd', 'life_exp', 'mv_play_dom', 'num_play_int', 'dom_perc', 'int_perc')",0.505004915
"('power_rating', 'mv_usd', 'life_exp', 'num_play_int', 'dom_perc')",0.504760795
"('power_rating', 'mv_usd', 'life_exp', 'num_play_int', 'int_perc')",0.504760795
"('power_rating', 'mv_usd', 'life_exp', 'num_play_int', 'dom_perc', 'int_perc')",0.504760795
"('power_rating', 'gdp_usd', 'bmi', 'mv_play_int', 'dom_int_mv_ratio')",0.504760381
"('power_rating', 'gdp_usd', 'mv_play_dom', 'num_play_dom', 'mv_play_int')",0.504754491
"('life_exp', 'qol', 'mv_play_dom', 'mv_play_int')",0.504705609
"('life_exp', 'qol', 'mv_play_dom', 'dom_perc')",0.504690792
"('life_exp', 'qol', 'mv_play_dom', 'int_perc')",0.504690792
"('life_exp', 'qol', 'mv_play_dom', 'dom_perc', 'int_perc')",0.504690792
"('power_rating', 'mv_play_dom', 'num_play_dom', 'mv_play_int')",0.504536851
"('power_rating', 'gdp_usd', 'mv_usd', 'elo_rating', 'qol', 'num_play_dom', 'num_play_int')",0.50446449
"('gdp_usd', 'mv_usd', 'bmi', 'qol', 'mv_play_dom', 'num_play_dom', 'mv_play_int', 'num_play_int')",0.504458123
"('power_rating', 'mv_usd', 'elo_rating', 'qol', 'num_play_dom', 'num_play_int')",0.504377708
"('power_rating', 'elo_rating', 'life_exp', 'qol', 'mv_play_dom', 'num_play_dom')",0.504372239
"('power_rating', 'elo_rating', 'num_play_dom', 'num_play_int', 'dom_perc')",0.504367906
"('power_rating', 'elo_rating', 'num_play_dom', 'num_play_int', 'int_perc')",0.504367906
"('power_rating', 'elo_rating', 'num_play_dom', 'num_play_int', 'dom_perc', 'int_perc')",0.504367906
"('gdp_usd', 'mv_usd', 'qol', 'mv_play_dom', 'num_play_dom', 'mv_play_int', 'num_play_int', 'dom_perc')",0.504326664
"('gdp_usd', 'mv_usd', 'qol', 'mv_play_dom', 'num_play_dom', 'mv_play_int', 'num_play_int', 'int_perc')",0.504326664
"('gdp_usd', 'mv_usd', 'qol', 'mv_play_dom', 'num_play_dom', 'mv_play_int', 'num_play_int', 'dom_perc', 'int_perc')",0.504326664
"('gdp_usd', 'mv_usd', 'bmi', 'qol', 'mv_play_dom', 'num_play_dom', 'num_play_int')",0.504266963
"('power_rating', 'gdp_usd', 'mv_usd', 'elo_rating', 'life_exp', 'num_play_dom', 'num_play_int')",0.504002348
"('power_rating', 'gdp_usd', 'mv_usd', 'elo_rating', 'life_exp', 'num_play_dom')",0.504001479
"('power_rating', 'mv_usd', 'elo_rating', 'bmi', 'life_exp', 'mv_play_dom', 'num_play_int')",0.503998932
"('power_rating', 'mv_usd', 'elo_rating', 'bmi', 'life_exp', 'mv_play_dom')",0.503991057
"('power_rating', 'elo_rating', 'bmi', 'life_exp', 'qol', 'num_play_dom')",0.503954172
"('power_rating', 'gdp_usd', 'mv_usd', 'elo_rating', 'bmi', 'qol', 'num_play_dom')",0.503916692
"('power_rating', 'mv_usd', 'elo_rating', 'life_exp', 'mv_play_dom', 'num_play_int')",0.503901738
"('power_rating', 'mv_usd', 'elo_rating', 'life_exp', 'mv_play_dom')",0.50389789
"('power_rating', 'gdp_usd', 'bmi', 'num_play_dom', 'mv_play_int')",0.503766241
"('life_exp', 'qol', 'mv_play_int', 'dom_perc')",0.503636754
"('life_exp', 'qol', 'mv_play_int', 'int_perc')",0.503636754
"('life_exp', 'qol', 'mv_play_int', 'dom_perc', 'int_perc')",0.503636754
"('life_exp', 'qol', 'dom_perc')",0.503625771
"('life_exp', 'qol', 'int_perc')",0.503625771
"('life_exp', 'qol', 'dom_perc', 'int_perc')",0.503625771
"('power_rating', 'gdp_usd', 'elo_rating', 'life_exp', 'num_play_dom', 'num_play_int')",0.503331456
"('power_rating', 'gdp_usd', 'elo_rating', 'life_exp', 'num_play_dom')",0.503331023
"('power_rating', 'gdp_usd', 'elo_rating', 'bmi', 'qol', 'mv_play_dom', 'num_play_dom', 'num_play_int')",0.503311759
"('power_rating', 'gdp_usd', 'mv_usd', 'elo_rating', 'mv_play_dom', 'num_play_dom', 'dom_perc')",0.50317549
"('power_rating', 'gdp_usd', 'mv_usd', 'elo_rating', 'mv_play_dom', 'num_play_dom', 'int_perc')",0.50317549
"('power_rating', 'gdp_usd', 'mv_usd', 'elo_rating', 'mv_play_dom', 'num_play_dom', 'dom_perc', 'int_perc')",0.50317549
"('gdp_usd', 'mv_usd', 'qol', 'mv_play_dom', 'num_play_dom', 'num_play_int', 'dom_perc')",0.502992848
"('gdp_usd', 'mv_usd', 'qol', 'mv_play_dom', 'num_play_dom', 'num_play_int', 'int_perc')",0.502992848
"('gdp_usd', 'mv_usd', 'qol', 'mv_play_dom', 'num_play_dom', 'num_play_int', 'dom_perc', 'int_perc')",0.502992848
"('power_rating', 'mv_usd', 'elo_rating', 'mv_play_dom', 'num_play_dom', 'dom_perc')",0.502933397
"('power_rating', 'mv_usd', 'elo_rating', 'mv_play_dom', 'num_play_dom', 'int_perc')",0.502933397
"('power_rating', 'mv_usd', 'elo_rating', 'mv_play_dom', 'num_play_dom', 'dom_perc', 'int_perc')",0.502933397
"('power_rating', 'gdp_usd', 'elo_rating', 'bmi', 'qol', 'num_play_dom', 'num_play_int')",0.50284618
"('power_rating', 'elo_rating', 'bmi', 'qol', 'mv_play_dom', 'num_play_dom', 'num_play_int')",0.502663924
"('power_rating', 'life_exp', 'qol', 'mv_play_dom', 'num_play_int', 'dom_perc')",0.502567307
"('power_rating', 'life_exp', 'qol', 'mv_play_dom', 'num_play_int', 'int_perc')",0.502567307
"('power_rating', 'life_exp', 'qol', 'mv_play_dom', 'num_play_int', 'dom_perc', 'int_perc')",0.502567307
"('power_rating', 'gdp_usd', 'mv_usd', 'elo_rating', 'bmi', 'mv_play_dom', 'num_play_int', 'dom_int_mv_ratio')",0.502402089
"('power_rating', 'elo_rating', 'life_exp', 'qol', 'num_play_dom')",0.502348397
"('power_rating', 'elo_rating', 'bmi', 'qol', 'num_play_dom', 'num_play_int')",0.502163018
"('power_rating', 'gdp_usd', 'mv_usd', 'elo_rating', 'mv_play_dom', 'dom_perc')",0.50192368
"('power_rating', 'gdp_usd', 'mv_usd', 'elo_rating', 'mv_play_dom', 'int_perc')",0.50192368
"('power_rating', 'gdp_usd', 'mv_usd', 'elo_rating', 'mv_play_dom', 'dom_perc', 'int_perc')",0.50192368
"('power_rating', 'mv_usd', 'elo_rating', 'mv_play_dom', 'dom_perc')",0.501892418
"('power_rating', 'mv_usd', 'elo_rating', 'mv_play_dom', 'int_perc')",0.501892418
"('power_rating', 'mv_usd', 'elo_rating', 'mv_play_dom', 'dom_perc', 'int_perc')",0.501892418
"('power_rating', 'gdp_usd', 'mv_usd', 'elo_rating', 'bmi', 'mv_play_dom', 'dom_int_mv_ratio')",0.501738984
"('life_exp', 'qol', 'mv_play_dom')",0.501627637
"('power_rating', 'gdp_usd', 'elo_rating', 'num_play_dom', 'num_play_int', 'dom_int_mv_ratio')",0.501527104
"('power_rating', 'gdp_usd', 'elo_rating', 'num_play_dom', 'dom_int_mv_ratio')",0.501352049
"('gdp_usd', 'mv_usd', 'qol', 'mv_play_dom', 'num_play_dom', 'mv_play_int', 'dom_perc')",0.501244647
"('gdp_usd', 'mv_usd', 'qol', 'mv_play_dom', 'num_play_dom', 'mv_play_int', 'int_perc')",0.501244647
"('gdp_usd', 'mv_usd', 'qol', 'mv_play_dom', 'num_play_dom', 'mv_play_int', 'dom_perc', 'int_perc')",0.501244647
"('power_rating', 'mv_usd', 'elo_rating', 'bmi', 'life_exp', 'num_play_dom', 'num_play_int')",0.501188057
"('power_rating', 'mv_usd', 'elo_rating', 'bmi', 'qol', 'num_play_dom')",0.501144926
"('power_rating', 'gdp_usd', 'elo_rating', 'qol', 'mv_play_dom', 'num_play_dom', 'num_play_int')",0.501008967
"('power_rating', 'mv_usd', 'elo_rating', 'bmi', 'mv_play_dom', 'num_play_int', 'dom_int_mv_ratio')",0.50096491
"('power_rating', 'mv_usd', 'elo_rating', 'bmi', 'mv_play_dom', 'dom_int_mv_ratio')",0.500813297
"('power_rating', 'mv_play_dom', 'num_play_dom', 'num_play_int', 'dom_int_mv_ratio', 'dom_perc')",0.500722093
"('power_rating', 'mv_play_dom', 'num_play_dom', 'num_play_int', 'dom_int_mv_ratio', 'int_perc')",0.500722093
"('power_rating', 'mv_play_dom', 'num_play_dom', 'num_play_int', 'dom_int_mv_ratio', 'dom_perc', 'int_perc')",0.500722093
"('power_rating', 'mv_usd', 'bmi', 'mv_play_dom', 'mv_play_int', 'dom_int_mv_ratio', 'int_perc')",0.500717614
"('power_rating', 'mv_usd', 'bmi', 'mv_play_dom', 'mv_play_int', 'dom_int_mv_ratio', 'dom_perc', 'int_perc')",0.500717614
"('power_rating', 'mv_usd', 'bmi', 'mv_play_dom', 'mv_play_int', 'dom_int_mv_ratio', 'dom_perc')",0.500717614
"('power_rating', 'mv_usd', 'bmi', 'mv_play_int', 'dom_int_mv_ratio', 'dom_perc')",0.500716317
"('power_rating', 'mv_usd', 'bmi', 'mv_play_int', 'dom_int_mv_ratio', 'int_perc')",0.500716317
"('power_rating', 'mv_usd', 'bmi', 'mv_play_int', 'dom_int_mv_ratio', 'dom_perc', 'int_perc')",0.500716317
"('power_rating', 'elo_rating', 'qol', 'mv_play_dom', 'num_play_dom', 'num_play_int')",0.500648321
"('power_rating', 'gdp_usd', 'mv_usd', 'elo_rating', 'num_play_int', 'dom_perc')",0.500253073
"('power_rating', 'gdp_usd', 'mv_usd', 'elo_rating', 'num_play_int', 'int_perc')",0.500253073
"('power_rating', 'gdp_usd', 'mv_usd', 'elo_rating', 'num_play_int', 'dom_perc', 'int_perc')",0.500253073
"('power_rating', 'gdp_usd', 'elo_rating', 'qol', 'num_play_dom', 'num_play_int')",0.5002206
"('power_rating', 'gdp_usd', 'mv_usd', 'elo_rating', 'bmi', 'life_exp', 'qol', 'num_play_int', 'dom_int_mv_ratio')",0.500038649
"('power_rating', 'elo_rating', 'qol', 'num_play_dom', 'num_play_int')",0.499845539
"('power_rating', 'gdp_usd', 'elo_rating', 'bmi', 'qol', 'mv_play_dom', 'num_play_dom')",0.499841014
"('power_rating', 'gdp_usd', 'bmi', 'mv_play_dom', 'num_play_int', 'dom_perc')",0.499595722
"('power_rating', 'gdp_usd', 'bmi', 'mv_play_dom', 'num_play_int', 'int_perc')",0.499595722
"('power_rating', 'gdp_usd', 'bmi', 'mv_play_dom', 'num_play_int', 'dom_perc', 'int_perc')",0.499595722
"('power_rating', 'mv_usd', 'elo_rating', 'bmi', 'life_exp', 'num_play_dom')",0.499430876
"('power_rating', 'elo_rating', 'bmi', 'life_exp', 'mv_play_dom', 'num_play_dom', 'num_play_int')",0.499384942
"('power_rating', 'gdp_usd', 'elo_rating', 'bmi', 'qol', 'num_play_dom')",0.499346862
"('power_rating', 'gdp_usd', 'mv_usd', 'mv_play_dom', 'mv_play_int', 'dom_int_mv_ratio', 'dom_perc')",0.49919097
"('power_rating', 'gdp_usd', 'mv_usd', 'mv_play_dom', 'mv_play_int', 'dom_int_mv_ratio', 'int_perc')",0.49919097
"('power_rating', 'gdp_usd', 'mv_usd', 'mv_play_dom', 'mv_play_int', 'dom_int_mv_ratio', 'dom_perc', 'int_perc')",0.49919097
"('power_rating', 'mv_usd', 'elo_rating', 'bmi', 'life_exp', 'qol', 'num_play_int', 'dom_int_mv_ratio')",0.498730339
"('gdp_usd', 'mv_usd', 'elo_rating', 'qol', 'mv_play_dom', 'num_play_dom', 'dom_perc')",0.498722354
"('gdp_usd', 'mv_usd', 'elo_rating', 'qol', 'mv_play_dom', 'num_play_dom', 'int_perc')",0.498722354
"('gdp_usd', 'mv_usd', 'elo_rating', 'qol', 'mv_play_dom', 'num_play_dom', 'dom_perc', 'int_perc')",0.498722354
"('power_rating', 'gdp_usd', 'mv_usd', 'elo_rating', 'qol', 'num_play_dom')",0.498674848
"('power_rating', 'bmi', 'mv_play_dom', 'mv_play_int', 'dom_int_mv_ratio', 'dom_perc')",0.498589856
"('power_rating', 'bmi', 'mv_play_dom', 'mv_play_int', 'dom_int_mv_ratio', 'int_perc')",0.498589856
"('power_rating', 'bmi', 'mv_play_dom', 'mv_play_int', 'dom_int_mv_ratio', 'dom_perc', 'int_perc')",0.498589856
"('gdp_usd', 'mv_usd', 'qol', 'mv_play_dom', 'num_play_dom', 'dom_perc')",0.498447798
"('gdp_usd', 'mv_usd', 'qol', 'mv_play_dom', 'num_play_dom', 'int_perc')",0.498447798
"('gdp_usd', 'mv_usd', 'qol', 'mv_play_dom', 'num_play_dom', 'dom_perc', 'int_perc')",0.498447798
"('gdp_usd', 'mv_usd', 'elo_rating', 'qol', 'mv_play_dom', 'num_play_dom', 'mv_play_int', 'num_play_int')",0.498337819
"('power_rating', 'gdp_usd', 'bmi', 'mv_play_dom', 'mv_play_int')",0.498321167
"('power_rating', 'gdp_usd', 'mv_usd', 'elo_rating', 'bmi', 'qol', 'num_play_int', 'dom_int_mv_ratio')",0.498299237
"('power_rating', 'elo_rating', 'bmi', 'life_exp', 'num_play_dom', 'num_play_int')",0.49829374
"('power_rating', 'gdp_usd', 'mv_usd', 'mv_play_int', 'dom_int_mv_ratio', 'dom_perc')",0.498066307
"('power_rating', 'gdp_usd', 'mv_usd', 'mv_play_int', 'dom_int_mv_ratio', 'int_perc')",0.498066307
"('power_rating', 'gdp_usd', 'mv_usd', 'mv_play_int', 'dom_int_mv_ratio', 'dom_perc', 'int_perc')",0.498066307
"('power_rating', 'gdp_usd', 'mv_usd', 'mv_play_dom', 'mv_play_int', 'dom_int_mv_ratio')",0.498031707
"('power_rating', 'elo_rating', 'bmi', 'life_exp', 'mv_play_dom', 'num_play_dom')",0.497698883
"('power_rating', 'mv_usd', 'elo_rating', 'num_play_dom', 'num_play_int', 'dom_int_mv_ratio')",0.497469475
"('power_rating', 'gdp_usd', 'mv_usd', 'elo_rating', 'mv_play_dom', 'num_play_int', 'dom_int_mv_ratio')",0.497382757
"('power_rating', 'bmi', 'num_play_dom', 'mv_play_int')",0.497356047
"('power_rating', 'mv_usd', 'elo_rating', 'mv_play_dom', 'num_play_int', 'dom_int_mv_ratio')",0.49710128
"('gdp_usd', 'mv_usd', 'elo_rating', 'qol', 'mv_play_dom', 'num_play_dom', 'num_play_int')",0.497091589
"('power_rating', 'gdp_usd', 'mv_usd', 'elo_rating', 'mv_play_dom', 'dom_int_mv_ratio')",0.496721097
"('power_rating', 'mv_usd', 'elo_rating', 'mv_play_dom', 'dom_int_mv_ratio')",0.496670326
"('power_rating', 'elo_rating', 'bmi', 'life_exp', 'num_play_dom')",0.496415262
"('power_rating', 'mv_usd', 'elo_rating', 'qol', 'num_play_dom')",0.49594895
"('power_rating', 'elo_rating', 'bmi', 'qol', 'mv_play_dom', 'num_play_dom')",0.495902842
"('life_exp', 'qol', 'mv_play_int')",0.49578215
"('power_rating', 'gdp_usd', 'elo_rating', 'qol', 'mv_play_dom', 'num_play_dom')",0.495730366
"('power_rating', 'mv_usd', 'elo_rating', 'bmi', 'qol', 'num_play_int', 'dom_int_mv_ratio')",0.495531886
"('power_rating', 'mv_usd', 'bmi', 'mv_play_dom', 'mv_play_int', 'dom_perc')",0.495525597
"('power_rating', 'mv_usd', 'bmi', 'mv_play_dom', 'mv_play_int', 'int_perc')",0.495525597
"('power_rating', 'mv_usd', 'bmi', 'mv_play_dom', 'mv_play_int', 'dom_perc', 'int_perc')",0.495525597
"('power_rating', 'mv_usd', 'bmi', 'mv_play_int', 'dom_perc')",0.495315174
"('power_rating', 'mv_usd', 'bmi', 'mv_play_int', 'int_perc')",0.495315174
"('power_rating', 'mv_usd', 'bmi', 'mv_play_int', 'dom_perc', 'int_perc')",0.495315174
"('power_rating', 'elo_rating', 'bmi', 'qol', 'num_play_dom')",0.495283132
"('power_rating', 'elo_rating', 'life_exp', 'mv_play_dom', 'num_play_dom', 'num_play_int')",0.495150762
"('power_rating', 'mv_usd', 'elo_rating', 'life_exp', 'num_play_dom', 'num_play_int')",0.494990845
"('power_rating', 'gdp_usd', 'elo_rating', 'qol', 'num_play_dom')",0.494749278
"('bmi', 'life_exp', 'mv_play_dom', 'num_play_dom', 'mv_play_int', 'num_play_int', 'dom_int_mv_ratio', 'dom_perc')",0.494692897
"('bmi', 'life_exp', 'mv_play_dom', 'num_play_dom', 'mv_play_int', 'num_play_int', 'dom_int_mv_ratio', 'int_perc')",0.494692897
"('bmi', 'life_exp', 'mv_play_dom', 'num_play_dom', 'mv_play_int', 'num_play_int', 'dom_int_mv_ratio', 'dom_perc', 'int_perc')",0.494692897
"('gdp_usd', 'elo_rating', 'bmi', 'life_exp', 'qol', 'mv_play_dom', 'num_play_dom', 'mv_play_int', 'num_play_int', 'dom_int_mv_ratio', 'dom_perc')",0.494580217
"('gdp_usd', 'elo_rating', 'bmi', 'life_exp', 'qol', 'mv_play_dom', 'num_play_dom', 'mv_play_int', 'num_play_int', 'dom_int_mv_ratio', 'int_perc')",0.494580217
"('gdp_usd', 'elo_rating', 'bmi', 'life_exp', 'qol', 'mv_play_dom', 'num_play_dom', 'mv_play_int', 'num_play_int', 'dom_int_mv_ratio', 'dom_perc', 'int_perc')",0.494580217
"('gdp_usd', 'elo_rating', 'bmi', 'life_exp', 'qol', 'mv_play_dom', 'num_play_dom', 'num_play_int', 'dom_int_mv_ratio', 'dom_perc')",0.494580016
"('gdp_usd', 'elo_rating', 'bmi', 'life_exp', 'qol', 'mv_play_dom', 'num_play_dom', 'num_play_int', 'dom_int_mv_ratio', 'int_perc')",0.494580016
"('gdp_usd', 'elo_rating', 'bmi', 'life_exp', 'qol', 'mv_play_dom', 'num_play_dom', 'num_play_int', 'dom_int_mv_ratio', 'dom_perc', 'int_perc')",0.494580016
"('power_rating', 'gdp_usd', 'mv_usd', 'mv_play_int', 'dom_int_mv_ratio')",0.4945192
"('gdp_usd', 'elo_rating', 'bmi', 'life_exp', 'qol', 'mv_play_dom', 'num_play_dom', 'mv_play_int', 'num_play_int', 'dom_perc')",0.494324726
"('gdp_usd', 'elo_rating', 'bmi', 'life_exp', 'qol', 'mv_play_dom', 'num_play_dom', 'mv_play_int', 'num_play_int', 'int_perc')",0.494324726
"('gdp_usd', 'elo_rating', 'bmi', 'life_exp', 'qol', 'mv_play_dom', 'num_play_dom', 'mv_play_int', 'num_play_int', 'dom_perc', 'int_perc')",0.494324726
"('life_exp', 'qol')",0.494308019
"('power_rating', 'gdp_usd', 'mv_play_dom', 'mv_play_int', 'dom_int_mv_ratio', 'dom_perc')",0.494280175
"('power_rating', 'gdp_usd', 'mv_play_dom', 'mv_play_int', 'dom_int_mv_ratio', 'int_perc')",0.494280175
"('power_rating', 'gdp_usd', 'mv_play_dom', 'mv_play_int', 'dom_int_mv_ratio', 'dom_perc', 'int_perc')",0.494280175
"('gdp_usd', 'elo_rating', 'bmi', 'life_exp', 'qol', 'mv_play_dom', 'num_play_dom', 'num_play_int', 'dom_perc')",0.494276471
"('gdp_usd', 'elo_rating', 'bmi', 'life_exp', 'qol', 'mv_play_dom', 'num_play_dom', 'num_play_int', 'int_perc')",0.494276471
"('gdp_usd', 'elo_rating', 'bmi', 'life_exp', 'qol', 'mv_play_dom', 'num_play_dom', 'num_play_int', 'dom_perc', 'int_perc')",0.494276471
"('gdp_usd', 'elo_rating', 'bmi', 'life_exp', 'qol', 'num_play_dom', 'mv_play_int', 'num_play_int', 'dom_int_mv_ratio', 'dom_perc')",0.494090878
"('gdp_usd', 'elo_rating', 'bmi', 'life_exp', 'qol', 'num_play_dom', 'mv_play_int', 'num_play_int', 'dom_int_mv_ratio', 'int_perc')",0.494090878
"('gdp_usd', 'elo_rating', 'bmi', 'life_exp', 'qol', 'num_play_dom', 'mv_play_int', 'num_play_int', 'dom_int_mv_ratio', 'dom_perc', 'int_perc')",0.494090878
"('gdp_usd', 'elo_rating', 'bmi', 'life_exp', 'qol', 'num_play_dom', 'num_play_int', 'dom_int_mv_ratio', 'dom_perc')",0.494083173
"('gdp_usd', 'elo_rating', 'bmi', 'life_exp', 'qol', 'num_play_dom', 'num_play_int', 'dom_int_mv_ratio', 'int_perc')",0.494083173
"('gdp_usd', 'elo_rating', 'bmi', 'life_exp', 'qol', 'num_play_dom', 'num_play_int', 'dom_int_mv_ratio', 'dom_perc', 'int_perc')",0.494083173
"('bmi', 'life_exp', 'mv_play_dom', 'num_play_dom', 'mv_play_int', 'dom_int_mv_ratio', 'dom_perc')",0.494019166
"('bmi', 'life_exp', 'mv_play_dom', 'num_play_dom', 'mv_play_int', 'dom_int_mv_ratio', 'int_perc')",0.494019166
"('bmi', 'life_exp', 'mv_play_dom', 'num_play_dom', 'mv_play_int', 'dom_int_mv_ratio', 'dom_perc', 'int_perc')",0.494019166
"('power_rating', 'bmi', 'num_play_int', 'dom_int_mv_ratio', 'dom_perc')",0.493887928
"('power_rating', 'bmi', 'num_play_int', 'dom_int_mv_ratio', 'int_perc')",0.493887928
"('power_rating', 'bmi', 'num_play_int', 'dom_int_mv_ratio', 'dom_perc', 'int_perc')",0.493887928
"('power_rating', 'gdp_usd', 'mv_usd', 'bmi', 'life_exp', 'qol', 'mv_play_dom', 'num_play_dom', 'dom_int_mv_ratio', 'dom_perc')",0.493708797
"('power_rating', 'gdp_usd', 'mv_usd', 'bmi', 'life_exp', 'qol', 'mv_play_dom', 'num_play_dom', 'dom_int_mv_ratio', 'int_perc')",0.493708797
"('power_rating', 'gdp_usd', 'mv_usd', 'bmi', 'life_exp', 'qol', 'mv_play_dom', 'num_play_dom', 'dom_int_mv_ratio', 'dom_perc', 'int_perc')",0.493708797
"('power_rating', 'mv_usd', 'elo_rating', 'num_play_dom', 'dom_int_mv_ratio')",0.493639464
"('power_rating', 'gdp_usd', 'mv_usd', 'bmi', 'life_exp', 'qol', 'mv_play_dom', 'dom_int_mv_ratio', 'dom_perc')",0.493285098
"('power_rating', 'gdp_usd', 'mv_usd', 'bmi', 'life_exp', 'qol', 'mv_play_dom', 'dom_int_mv_ratio', 'int_perc')",0.493285098
"('power_rating', 'gdp_usd', 'mv_usd', 'bmi', 'life_exp', 'qol', 'mv_play_dom', 'dom_int_mv_ratio', 'dom_perc', 'int_perc')",0.493285098
"('power_rating', 'gdp_usd', 'mv_usd', 'bmi', 'qol', 'mv_play_dom', 'num_play_dom', 'dom_int_mv_ratio', 'dom_perc')",0.493217825
"('power_rating', 'gdp_usd', 'mv_usd', 'bmi', 'qol', 'mv_play_dom', 'num_play_dom', 'dom_int_mv_ratio', 'int_perc')",0.493217825
"('power_rating', 'gdp_usd', 'mv_usd', 'bmi', 'qol', 'mv_play_dom', 'num_play_dom', 'dom_int_mv_ratio', 'dom_perc', 'int_perc')",0.493217825
"('power_rating', 'elo_rating', 'life_exp', 'num_play_dom', 'num_play_int')",0.493186066
"('gdp_usd', 'elo_rating', 'bmi', 'life_exp', 'qol', 'num_play_dom', 'mv_play_int', 'num_play_int', 'dom_perc')",0.493160025
"('gdp_usd', 'elo_rating', 'bmi', 'life_exp', 'qol', 'num_play_dom', 'mv_play_int', 'num_play_int', 'int_perc')",0.493160025
"('gdp_usd', 'elo_rating', 'bmi', 'life_exp', 'qol', 'num_play_dom', 'mv_play_int', 'num_play_int', 'dom_perc', 'int_perc')",0.493160025
"('power_rating', 'elo_rating', 'life_exp', 'mv_play_dom', 'num_play_dom')",0.493118278
"('gdp_usd', 'elo_rating', 'bmi', 'life_exp', 'qol', 'num_play_dom', 'num_play_int', 'dom_perc')",0.493031682
"('gdp_usd', 'elo_rating', 'bmi', 'life_exp', 'qol', 'num_play_dom', 'num_play_int', 'int_perc')",0.493031682
"('gdp_usd', 'elo_rating', 'bmi', 'life_exp', 'qol', 'num_play_dom', 'num_play_int', 'dom_perc', 'int_perc')",0.493031682
"('power_rating', 'gdp_usd', 'mv_usd', 'mv_play_dom', 'mv_play_int', 'dom_perc')",0.492995026
"('power_rating', 'gdp_usd', 'mv_usd', 'mv_play_dom', 'mv_play_int', 'int_perc')",0.492995026
"('power_rating', 'gdp_usd', 'mv_usd', 'mv_play_dom', 'mv_play_int', 'dom_perc', 'int_perc')",0.492995026
"('gdp_usd', 'elo_rating', 'life_exp', 'qol', 'mv_play_dom', 'num_play_dom', 'mv_play_int', 'num_play_int', 'dom_int_mv_ratio', 'dom_perc')",0.492820812
"('gdp_usd', 'elo_rating', 'life_exp', 'qol', 'mv_play_dom', 'num_play_dom', 'mv_play_int', 'num_play_int', 'dom_int_mv_ratio', 'int_perc')",0.492820812
"('gdp_usd', 'elo_rating', 'life_exp', 'qol', 'mv_play_dom', 'num_play_dom', 'mv_play_int', 'num_play_int', 'dom_int_mv_ratio', 'dom_perc', 'int_perc')",0.492820812
"('gdp_usd', 'elo_rating', 'life_exp', 'qol', 'mv_play_dom', 'num_play_dom', 'num_play_int', 'dom_int_mv_ratio', 'dom_perc')",0.492802596
"('gdp_usd', 'elo_rating', 'life_exp', 'qol', 'mv_play_dom', 'num_play_dom', 'num_play_int', 'dom_int_mv_ratio', 'int_perc')",0.492802596
"('gdp_usd', 'elo_rating', 'life_exp', 'qol', 'mv_play_dom', 'num_play_dom', 'num_play_int', 'dom_int_mv_ratio', 'dom_perc', 'int_perc')",0.492802596
"('gdp_usd', 'elo_rating', 'life_exp', 'qol', 'mv_play_dom', 'num_play_dom', 'mv_play_int', 'num_play_int', 'dom_perc')",0.492746093
"('gdp_usd', 'elo_rating', 'life_exp', 'qol', 'mv_play_dom', 'num_play_dom', 'mv_play_int', 'num_play_int', 'int_perc')",0.492746093
"('gdp_usd', 'elo_rating', 'life_exp', 'qol', 'mv_play_dom', 'num_play_dom', 'mv_play_int', 'num_play_int', 'dom_perc', 'int_perc')",0.492746093
"('power_rating', 'gdp_usd', 'mv_usd', 'life_exp', 'qol', 'mv_play_dom', 'num_play_dom', 'dom_int_mv_ratio', 'dom_perc')",0.492723168
"('power_rating', 'gdp_usd', 'mv_usd', 'life_exp', 'qol', 'mv_play_dom', 'num_play_dom', 'dom_int_mv_ratio', 'int_perc')",0.492723168
"('power_rating', 'gdp_usd', 'mv_usd', 'life_exp', 'qol', 'mv_play_dom', 'num_play_dom', 'dom_int_mv_ratio', 'dom_perc', 'int_perc')",0.492723168
"('power_rating', 'mv_usd', 'elo_rating', 'life_exp', 'num_play_dom')",0.492685997
"('gdp_usd', 'elo_rating', 'life_exp', 'qol', 'mv_play_dom', 'num_play_dom', 'num_play_int', 'dom_perc')",0.492672452
"('gdp_usd', 'elo_rating', 'life_exp', 'qol', 'mv_play_dom', 'num_play_dom', 'num_play_int', 'int_perc')",0.492672452
"('gdp_usd', 'elo_rating', 'life_exp', 'qol', 'mv_play_dom', 'num_play_dom', 'num_play_int', 'dom_perc', 'int_perc')",0.492672452
"('bmi', 'life_exp', 'mv_play_dom', 'num_play_dom', 'mv_play_int', 'num_play_int', 'dom_int_mv_ratio')",0.492666973
"('power_rating', 'gdp_usd', 'mv_usd', 'mv_play_dom', 'mv_play_int')",0.492648202
"('power_rating', 'gdp_usd', 'mv_usd', 'life_exp', 'qol', 'mv_play_dom', 'dom_int_mv_ratio', 'dom_perc')",0.49257713
"('power_rating', 'gdp_usd', 'mv_usd', 'life_exp', 'qol', 'mv_play_dom', 'dom_int_mv_ratio', 'int_perc')",0.49257713
"('power_rating', 'gdp_usd', 'mv_usd', 'life_exp', 'qol', 'mv_play_dom', 'dom_int_mv_ratio', 'dom_perc', 'int_perc')",0.49257713
"('power_rating', 'gdp_usd', 'mv_usd', 'qol', 'mv_play_dom', 'num_play_dom', 'dom_int_mv_ratio', 'dom_perc')",0.492482746
"('power_rating', 'gdp_usd', 'mv_usd', 'qol', 'mv_play_dom', 'num_play_dom', 'dom_int_mv_ratio', 'int_perc')",0.492482746
"('power_rating', 'gdp_usd', 'mv_usd', 'qol', 'mv_play_dom', 'num_play_dom', 'dom_int_mv_ratio', 'dom_perc', 'int_perc')",0.492482746
"('power_rating', 'gdp_usd', 'mv_usd', 'bmi', 'qol', 'mv_play_dom', 'dom_int_mv_ratio', 'dom_perc')",0.492422829
"('power_rating', 'gdp_usd', 'mv_usd', 'bmi', 'qol', 'mv_play_dom', 'dom_int_mv_ratio', 'int_perc')",0.492422829
"('power_rating', 'gdp_usd', 'mv_usd', 'bmi', 'qol', 'mv_play_dom', 'dom_int_mv_ratio', 'dom_perc', 'int_perc')",0.492422829
"('power_rating', 'gdp_usd', 'mv_usd', 'bmi', 'life_exp', 'qol', 'num_play_dom', 'dom_int_mv_ratio', 'dom_perc')",0.492210252
"('power_rating', 'gdp_usd', 'mv_usd', 'bmi', 'life_exp', 'qol', 'num_play_dom', 'dom_int_mv_ratio', 'int_perc')",0.492210252
"('power_rating', 'gdp_usd', 'mv_usd', 'bmi', 'life_exp', 'qol', 'num_play_dom', 'dom_int_mv_ratio', 'dom_perc', 'int_perc')",0.492210252
"('gdp_usd', 'mv_usd', 'qol', 'mv_play_dom', 'num_play_dom', 'mv_play_int', 'num_play_int')",0.492155057
"('power_rating', 'elo_rating', 'num_play_dom', 'num_play_int', 'dom_int_mv_ratio')",0.49211813
"('power_rating', 'gdp_usd', 'mv_usd', 'qol', 'mv_play_dom', 'dom_int_mv_ratio', 'dom_perc')",0.492106267
"('power_rating', 'gdp_usd', 'mv_usd', 'qol', 'mv_play_dom', 'dom_int_mv_ratio', 'int_perc')",0.492106267
"('power_rating', 'gdp_usd', 'mv_usd', 'qol', 'mv_play_dom', 'dom_int_mv_ratio', 'dom_perc', 'int_perc')",0.492106267
"('gdp_usd', 'mv_usd', 'elo_rating', 'bmi', 'life_exp', 'qol', 'mv_play_int', 'num_play_int', 'dom_int_mv_ratio', 'dom_perc')",0.49205401
"('gdp_usd', 'mv_usd', 'elo_rating', 'bmi', 'life_exp', 'qol', 'mv_play_int', 'num_play_int', 'dom_int_mv_ratio', 'int_perc')",0.49205401
"('gdp_usd', 'mv_usd', 'elo_rating', 'bmi', 'life_exp', 'qol', 'mv_play_int', 'num_play_int', 'dom_int_mv_ratio', 'dom_perc', 'int_perc')",0.49205401
"('power_rating', 'gdp_usd', 'mv_usd', 'bmi', 'qol', 'num_play_dom', 'dom_int_mv_ratio', 'dom_perc')",0.492027781
"('power_rating', 'gdp_usd', 'mv_usd', 'bmi', 'qol', 'num_play_dom', 'dom_int_mv_ratio', 'int_perc')",0.492027781
"('power_rating', 'gdp_usd', 'mv_usd', 'bmi', 'qol', 'num_play_dom', 'dom_int_mv_ratio', 'dom_perc', 'int_perc')",0.492027781
"('power_rating', 'elo_rating', 'qol', 'mv_play_dom', 'num_play_dom')",0.491970699
"('gdp_usd', 'mv_usd', 'qol', 'mv_play_dom', 'num_play_dom', 'num_play_int')",0.491907875
"('gdp_usd', 'elo_rating', 'life_exp', 'qol', 'num_play_dom', 'mv_play_int', 'num_play_int', 'dom_int_mv_ratio', 'dom_perc')",0.491743552
"('gdp_usd', 'elo_rating', 'life_exp', 'qol', 'num_play_dom', 'mv_play_int', 'num_play_int', 'dom_int_mv_ratio', 'int_perc')",0.491743552
"('gdp_usd', 'elo_rating', 'life_exp', 'qol', 'num_play_dom', 'mv_play_int', 'num_play_int', 'dom_int_mv_ratio', 'dom_perc', 'int_perc')",0.491743552
"('gdp_usd', 'elo_rating', 'life_exp', 'qol', 'num_play_dom', 'num_play_int', 'dom_int_mv_ratio', 'dom_perc')",0.491740966
"('gdp_usd', 'elo_rating', 'life_exp', 'qol', 'num_play_dom', 'num_play_int', 'dom_int_mv_ratio', 'int_perc')",0.491740966
"('gdp_usd', 'elo_rating', 'life_exp', 'qol', 'num_play_dom', 'num_play_int', 'dom_int_mv_ratio', 'dom_perc', 'int_perc')",0.491740966
"('bmi', 'life_exp', 'mv_play_dom', 'num_play_dom', 'mv_play_int', 'dom_int_mv_ratio')",0.491636861
"('gdp_usd', 'mv_usd', 'elo_rating', 'life_exp', 'qol', 'mv_play_int', 'num_play_int', 'dom_int_mv_ratio', 'dom_perc')",0.49163319
"('gdp_usd', 'mv_usd', 'elo_rating', 'life_exp', 'qol', 'mv_play_int', 'num_play_int', 'dom_int_mv_ratio', 'int_perc')",0.49163319
"('gdp_usd', 'mv_usd', 'elo_rating', 'life_exp', 'qol', 'mv_play_int', 'num_play_int', 'dom_int_mv_ratio', 'dom_perc', 'int_perc')",0.49163319
"('gdp_usd', 'elo_rating', 'bmi', 'life_exp', 'qol', 'mv_play_dom', 'num_play_dom', 'mv_play_int', 'num_play_int', 'dom_int_mv_ratio')",0.491618434
"('gdp_usd', 'elo_rating', 'bmi', 'life_exp', 'qol', 'num_play_dom', 'mv_play_int', 'num_play_int', 'dom_int_mv_ratio')",0.491612287
"('gdp_usd', 'elo_rating', 'bmi', 'life_exp', 'qol', 'mv_play_dom', 'num_play_dom', 'mv_play_int', 'num_play_int')",0.491273946
"('gdp_usd', 'elo_rating', 'bmi', 'life_exp', 'qol', 'mv_play_dom', 'num_play_dom', 'num_play_int', 'dom_int_mv_ratio')",0.491251126
"('gdp_usd', 'elo_rating', 'bmi', 'life_exp', 'qol', 'num_play_dom', 'num_play_int', 'dom_int_mv_ratio')",0.491244359
"('power_rating', 'gdp_usd', 'mv_play_dom', 'mv_play_int', 'dom_int_mv_ratio')",0.491196638
"('power_rating', 'gdp_usd', 'mv_usd', 'bmi', 'life_exp', 'qol', 'dom_int_mv_ratio', 'dom_perc')",0.491180073
"('power_rating', 'gdp_usd', 'mv_usd', 'bmi', 'life_exp', 'qol', 'dom_int_mv_ratio', 'int_perc')",0.491180073
"('power_rating', 'gdp_usd', 'mv_usd', 'bmi', 'life_exp', 'qol', 'dom_int_mv_ratio', 'dom_perc', 'int_perc')",0.491180073
"('power_rating', 'gdp_usd', 'mv_usd', 'life_exp', 'qol', 'num_play_dom', 'dom_int_mv_ratio', 'dom_perc')",0.491154299
"('power_rating', 'gdp_usd', 'mv_usd', 'life_exp', 'qol', 'num_play_dom', 'dom_int_mv_ratio', 'int_perc')",0.491154299
"('power_rating', 'gdp_usd', 'mv_usd', 'life_exp', 'qol', 'num_play_dom', 'dom_int_mv_ratio', 'dom_perc', 'int_perc')",0.491154299
"('power_rating', 'gdp_usd', 'mv_usd', 'qol', 'num_play_dom', 'dom_int_mv_ratio', 'dom_perc')",0.491118836
"('power_rating', 'gdp_usd', 'mv_usd', 'qol', 'num_play_dom', 'dom_int_mv_ratio', 'int_perc')",0.491118836
"('power_rating', 'gdp_usd', 'mv_usd', 'qol', 'num_play_dom', 'dom_int_mv_ratio', 'dom_perc', 'int_perc')",0.491118836
"('gdp_usd', 'elo_rating', 'bmi', 'life_exp', 'qol', 'num_play_dom', 'mv_play_int', 'num_play_int')",0.49108785
"('gdp_usd', 'elo_rating', 'life_exp', 'qol', 'num_play_dom', 'mv_play_int', 'num_play_int', 'dom_perc')",0.49102136
"('gdp_usd', 'elo_rating', 'life_exp', 'qol', 'num_play_dom', 'mv_play_int', 'num_play_int', 'int_perc')",0.49102136
"('gdp_usd', 'elo_rating', 'life_exp', 'qol', 'num_play_dom', 'mv_play_int', 'num_play_int', 'dom_perc', 'int_perc')",0.49102136
"('gdp_usd', 'bmi', 'life_exp', 'qol', 'mv_play_dom', 'num_play_dom', 'mv_play_int', 'num_play_int', 'dom_int_mv_ratio', 'dom_perc')",0.490846389
"('gdp_usd', 'bmi', 'life_exp', 'qol', 'mv_play_dom', 'num_play_dom', 'mv_play_int', 'num_play_int', 'dom_int_mv_ratio', 'int_perc')",0.490846389
"('gdp_usd', 'bmi', 'life_exp', 'qol', 'mv_play_dom', 'num_play_dom', 'mv_play_int', 'num_play_int', 'dom_int_mv_ratio', 'dom_perc', 'int_perc')",0.490846389
"('gdp_usd', 'bmi', 'life_exp', 'qol', 'mv_play_dom', 'num_play_dom', 'mv_play_int', 'num_play_int', 'dom_perc')",0.490846377
"('gdp_usd', 'bmi', 'life_exp', 'qol', 'mv_play_dom', 'num_play_dom', 'mv_play_int', 'num_play_int', 'int_perc')",0.490846377
"('gdp_usd', 'bmi', 'life_exp', 'qol', 'mv_play_dom', 'num_play_dom', 'mv_play_int', 'num_play_int', 'dom_perc', 'int_perc')",0.490846377
"('power_rating', 'elo_rating', 'qol', 'num_play_dom')",0.490830765
"('power_rating', 'elo_rating', 'life_exp', 'num_play_dom')",0.490818881
"('gdp_usd', 'elo_rating', 'life_exp', 'qol', 'num_play_dom', 'num_play_int', 'dom_perc')",0.490816487
"('gdp_usd', 'elo_rating', 'life_exp', 'qol', 'num_play_dom', 'num_play_int', 'int_perc')",0.490816487
"('gdp_usd', 'elo_rating', 'life_exp', 'qol', 'num_play_dom', 'num_play_int', 'dom_perc', 'int_perc')",0.490816487
"('bmi', 'life_exp', 'mv_play_dom', 'mv_play_int', 'num_play_int', 'dom_int_mv_ratio', 'dom_perc')",0.490738541
"('bmi', 'life_exp', 'mv_play_dom', 'mv_play_int', 'num_play_int', 'dom_int_mv_ratio', 'int_perc')",0.490738541
"('bmi', 'life_exp', 'mv_play_dom', 'mv_play_int', 'num_play_int', 'dom_int_mv_ratio', 'dom_perc', 'int_perc')",0.490738541
"('power_rating', 'gdp_usd', 'mv_usd', 'bmi', 'qol', 'dom_int_mv_ratio', 'dom_perc')",0.49069908
"('power_rating', 'gdp_usd', 'mv_usd', 'bmi', 'qol', 'dom_int_mv_ratio', 'int_perc')",0.49069908
"('power_rating', 'gdp_usd', 'mv_usd', 'bmi', 'qol', 'dom_int_mv_ratio', 'dom_perc', 'int_perc')",0.49069908
"('bmi', 'life_exp', 'mv_play_dom', 'num_play_dom', 'num_play_int', 'dom_int_mv_ratio', 'dom_perc')",0.490642142
"('bmi', 'life_exp', 'mv_play_dom', 'num_play_dom', 'num_play_int', 'dom_int_mv_ratio', 'int_perc')",0.490642142
"('bmi', 'life_exp', 'mv_play_dom', 'num_play_dom', 'num_play_int', 'dom_int_mv_ratio', 'dom_perc', 'int_perc')",0.490642142
"('power_rating', 'gdp_usd', 'mv_usd', 'elo_rating', 'bmi', 'life_exp', 'qol', 'dom_int_mv_ratio')",0.490599874
"('power_rating', 'gdp_usd', 'mv_usd', 'life_exp', 'qol', 'dom_int_mv_ratio', 'dom_perc')",0.490593118
"('power_rating', 'gdp_usd', 'mv_usd', 'life_exp', 'qol', 'dom_int_mv_ratio', 'int_perc')",0.490593118
"('power_rating', 'gdp_usd', 'mv_usd', 'life_exp', 'qol', 'dom_int_mv_ratio', 'dom_perc', 'int_perc')",0.490593118
"('gdp_usd', 'mv_usd', 'elo_rating', 'bmi', 'life_exp', 'qol', 'mv_play_dom', 'num_play_dom', 'mv_play_int', 'dom_int_mv_ratio')",0.490586242
"('bmi', 'life_exp', 'mv_play_dom', 'num_play_dom', 'dom_int_mv_ratio', 'dom_perc')",0.490531886
"('bmi', 'life_exp', 'mv_play_dom', 'num_play_dom', 'dom_int_mv_ratio', 'int_perc')",0.490531886
"('bmi', 'life_exp', 'mv_play_dom', 'num_play_dom', 'dom_int_mv_ratio', 'dom_perc', 'int_perc')",0.490531886
"('power_rating', 'mv_usd', 'elo_rating', 'bmi', 'life_exp', 'qol', 'dom_int_mv_ratio')",0.490447743
"('gdp_usd', 'mv_usd', 'bmi', 'life_exp', 'qol', 'mv_play_int', 'num_play_int', 'dom_int_mv_ratio', 'dom_perc')",0.490380185
"('gdp_usd', 'mv_usd', 'bmi', 'life_exp', 'qol', 'mv_play_int', 'num_play_int', 'dom_int_mv_ratio', 'int_perc')",0.490380185
"('gdp_usd', 'mv_usd', 'bmi', 'life_exp', 'qol', 'mv_play_int', 'num_play_int', 'dom_int_mv_ratio', 'dom_perc', 'int_perc')",0.490380185
"('power_rating', 'gdp_usd', 'mv_usd', 'qol', 'dom_int_mv_ratio', 'dom_perc')",0.490376113
"('power_rating', 'gdp_usd', 'mv_usd', 'qol', 'dom_int_mv_ratio', 'int_perc')",0.490376113
"('power_rating', 'gdp_usd', 'mv_usd', 'qol', 'dom_int_mv_ratio', 'dom_perc', 'int_perc')",0.490376113
"('gdp_usd', 'elo_rating', 'bmi', 'life_exp', 'qol', 'mv_play_dom', 'num_play_dom', 'num_play_int')",0.490285441
"('bmi', 'life_exp', 'mv_play_dom', 'num_play_dom', 'num_play_int', 'dom_int_mv_ratio')",0.490274448
"('gdp_usd', 'mv_usd', 'life_exp', 'qol', 'mv_play_int', 'num_play_int', 'dom_int_mv_ratio', 'dom_perc')",0.490183754
"('gdp_usd', 'mv_usd', 'life_exp', 'qol', 'mv_play_int', 'num_play_int', 'dom_int_mv_ratio', 'int_perc')",0.490183754
"('gdp_usd', 'mv_usd', 'life_exp', 'qol', 'mv_play_int', 'num_play_int', 'dom_int_mv_ratio', 'dom_perc', 'int_perc')",0.490183754
"('power_rating', 'mv_usd', 'bmi', 'mv_play_dom', 'mv_play_int', 'dom_int_mv_ratio')",0.490180673
"('gdp_usd', 'elo_rating', 'bmi', 'life_exp', 'qol', 'num_play_dom', 'num_play_int')",0.490127577
"('power_rating', 'mv_usd', 'elo_rating', 'num_play_int', 'dom_perc')",0.490120658
"('power_rating', 'mv_usd', 'elo_rating', 'num_play_int', 'int_perc')",0.490120658
"('power_rating', 'mv_usd', 'elo_rating', 'num_play_int', 'dom_perc', 'int_perc')",0.490120658
"('bmi', 'life_exp', 'mv_play_dom', 'num_play_dom', 'dom_int_mv_ratio')",0.490024968
"('bmi', 'life_exp', 'mv_play_dom', 'num_play_dom', 'mv_play_int', 'num_play_int', 'dom_perc')",0.490019243
"('bmi', 'life_exp', 'mv_play_dom', 'num_play_dom', 'mv_play_int', 'num_play_int', 'int_perc')",0.490019243
"('bmi', 'life_exp', 'mv_play_dom', 'num_play_dom', 'mv_play_int', 'num_play_int', 'dom_perc', 'int_perc')",0.490019243
"('gdp_usd', 'life_exp', 'qol', 'mv_play_dom', 'num_play_dom', 'mv_play_int', 'num_play_int', 'dom_int_mv_ratio', 'dom_perc')",0.489943576
"('gdp_usd', 'life_exp', 'qol', 'mv_play_dom', 'num_play_dom', 'mv_play_int', 'num_play_int', 'dom_int_mv_ratio', 'int_perc')",0.489943576
"('gdp_usd', 'life_exp', 'qol', 'mv_play_dom', 'num_play_dom', 'mv_play_int', 'num_play_int', 'dom_int_mv_ratio', 'dom_perc', 'int_perc')",0.489943576
"('power_rating', 'gdp_usd', 'mv_usd', 'mv_play_int', 'dom_perc')",0.489936909
"('power_rating', 'gdp_usd', 'mv_usd', 'mv_play_int', 'int_perc')",0.489936909
"('power_rating', 'gdp_usd', 'mv_usd', 'mv_play_int', 'dom_perc', 'int_perc')",0.489936909
"('gdp_usd', 'life_exp', 'qol', 'mv_play_dom', 'num_play_dom', 'mv_play_int', 'num_play_int', 'dom_perc')",0.489926775
"('gdp_usd', 'life_exp', 'qol', 'mv_play_dom', 'num_play_dom', 'mv_play_int', 'num_play_int', 'int_perc')",0.489926775
"('gdp_usd', 'life_exp', 'qol', 'mv_play_dom', 'num_play_dom', 'mv_play_int', 'num_play_int', 'dom_perc', 'int_perc')",0.489926775
"('gdp_usd', 'mv_usd', 'elo_rating', 'life_exp', 'qol', 'mv_play_dom', 'num_play_dom', 'mv_play_int', 'dom_int_mv_ratio')",0.489796898
"('bmi', 'life_exp', 'mv_play_dom', 'num_play_dom', 'mv_play_int', 'dom_perc')",0.489574821
"('bmi', 'life_exp', 'mv_play_dom', 'num_play_dom', 'mv_play_int', 'int_perc')",0.489574821
"('bmi', 'life_exp', 'mv_play_dom', 'num_play_dom', 'mv_play_int', 'dom_perc', 'int_perc')",0.489574821
"('gdp_usd', 'elo_rating', 'life_exp', 'qol', 'mv_play_dom', 'num_play_dom', 'mv_play_int', 'num_play_int', 'dom_int_mv_ratio')",0.489537904
"('gdp_usd', 'elo_rating', 'life_exp', 'qol', 'mv_play_dom', 'num_play_dom', 'mv_play_int', 'num_play_int')",0.48942322
"('gdp_usd', 'elo_rating', 'life_exp', 'qol', 'num_play_dom', 'mv_play_int', 'num_play_int', 'dom_int_mv_ratio')",0.489366186
"('power_rating', 'gdp_usd', 'qol', 'mv_play_dom', 'num_play_int', 'dom_perc')",0.489362476
"('power_rating', 'gdp_usd', 'qol', 'mv_play_dom', 'num_play_int', 'int_perc')",0.489362476
"('power_rating', 'gdp_usd', 'qol', 'mv_play_dom', 'num_play_int', 'dom_perc', 'int_perc')",0.489362476
"('power_rating', 'bmi', 'mv_play_int', 'dom_int_mv_ratio', 'dom_perc')",0.489059446
"('power_rating', 'bmi', 'mv_play_int', 'dom_int_mv_ratio', 'int_perc')",0.489059446
"('power_rating', 'bmi', 'mv_play_int', 'dom_int_mv_ratio', 'dom_perc', 'int_perc')",0.489059446
"('power_rating', 'gdp_usd', 'mv_play_int', 'dom_int_mv_ratio', 'dom_perc')",0.489041726
"('power_rating', 'gdp_usd', 'mv_play_int', 'dom_int_mv_ratio', 'int_perc')",0.489041726
"('power_rating', 'gdp_usd', 'mv_play_int', 'dom_int_mv_ratio', 'dom_perc', 'int_perc')",0.489041726
"('power_rating', 'gdp_usd', 'elo_rating', 'mv_play_dom', 'num_play_int', 'dom_perc')",0.488999171
"('power_rating', 'gdp_usd', 'elo_rating', 'mv_play_dom', 'num_play_int', 'int_perc')",0.488999171
"('power_rating', 'gdp_usd', 'elo_rating', 'mv_play_dom', 'num_play_int', 'dom_perc', 'int_perc')",0.488999171
"('gdp_usd', 'elo_rating', 'life_exp', 'qol', 'num_play_dom', 'mv_play_int', 'num_play_int')",0.488988442
"('gdp_usd', 'mv_usd', 'elo_rating', 'bmi', 'life_exp', 'qol', 'num_play_int', 'dom_int_mv_ratio', 'dom_perc')",0.488941437
"('gdp_usd', 'mv_usd', 'elo_rating', 'bmi', 'life_exp', 'qol', 'num_play_int', 'dom_int_mv_ratio', 'int_perc')",0.488941437
"('gdp_usd', 'mv_usd', 'elo_rating', 'bmi', 'life_exp', 'qol', 'num_play_int', 'dom_int_mv_ratio', 'dom_perc', 'int_perc')",0.488941437
"('power_rating', 'gdp_usd', 'mv_play_int', 'dom_int_mv_ratio')",0.48891723
"('gdp_usd', 'elo_rating', 'life_exp', 'qol', 'mv_play_dom', 'num_play_dom', 'num_play_int', 'dom_int_mv_ratio')",0.488864727
"('gdp_usd', 'bmi', 'life_exp', 'qol', 'mv_play_dom', 'num_play_dom', 'num_play_int', 'dom_int_mv_ratio', 'dom_perc')",0.488849582
"('gdp_usd', 'bmi', 'life_exp', 'qol', 'mv_play_dom', 'num_play_dom', 'num_play_int', 'dom_int_mv_ratio', 'int_perc')",0.488849582
"('gdp_usd', 'bmi', 'life_exp', 'qol', 'mv_play_dom', 'num_play_dom', 'num_play_int', 'dom_int_mv_ratio', 'dom_perc', 'int_perc')",0.488849582
"('gdp_usd', 'mv_usd', 'bmi', 'life_exp', 'qol', 'num_play_int', 'dom_int_mv_ratio', 'dom_perc')",0.488814161
"('gdp_usd', 'mv_usd', 'bmi', 'life_exp', 'qol', 'num_play_int', 'dom_int_mv_ratio', 'int_perc')",0.488814161
"('gdp_usd', 'mv_usd', 'bmi', 'life_exp', 'qol', 'num_play_int', 'dom_int_mv_ratio', 'dom_perc', 'int_perc')",0.488814161
"('gdp_usd', 'elo_rating', 'life_exp', 'qol', 'num_play_dom', 'num_play_int', 'dom_int_mv_ratio')",0.488813356
"('gdp_usd', 'mv_usd', 'elo_rating', 'life_exp', 'qol', 'num_play_int', 'dom_int_mv_ratio', 'dom_perc')",0.488628596
"('gdp_usd', 'mv_usd', 'elo_rating', 'life_exp', 'qol', 'num_play_int', 'dom_int_mv_ratio', 'int_perc')",0.488628596
"('gdp_usd', 'mv_usd', 'elo_rating', 'life_exp', 'qol', 'num_play_int', 'dom_int_mv_ratio', 'dom_perc', 'int_perc')",0.488628596
"('gdp_usd', 'bmi', 'life_exp', 'qol', 'mv_play_dom', 'num_play_dom', 'num_play_int', 'dom_perc')",0.488588477
"('gdp_usd', 'bmi', 'life_exp', 'qol', 'mv_play_dom', 'num_play_dom', 'num_play_int', 'int_perc')",0.488588477
"('gdp_usd', 'bmi', 'life_exp', 'qol', 'mv_play_dom', 'num_play_dom', 'num_play_int', 'dom_perc', 'int_perc')",0.488588477
"('gdp_usd', 'mv_usd', 'life_exp', 'qol', 'num_play_int', 'dom_int_mv_ratio', 'dom_perc')",0.488556262
"('gdp_usd', 'mv_usd', 'life_exp', 'qol', 'num_play_int', 'dom_int_mv_ratio', 'int_perc')",0.488556262
"('gdp_usd', 'mv_usd', 'life_exp', 'qol', 'num_play_int', 'dom_int_mv_ratio', 'dom_perc', 'int_perc')",0.488556262
"('gdp_usd', 'elo_rating', 'life_exp', 'qol', 'mv_play_dom', 'num_play_dom', 'num_play_int')",0.488230736
"('bmi', 'life_exp', 'mv_play_dom', 'num_play_dom', 'mv_play_int', 'num_play_int')",0.488222544
"('power_rating', 'elo_rating', 'num_play_dom', 'dom_int_mv_ratio')",0.488196769
"('power_rating', 'bmi', 'mv_play_dom', 'mv_play_int', 'dom_perc')",0.488079945
"('power_rating', 'bmi', 'mv_play_dom', 'mv_play_int', 'int_perc')",0.488079945
"('power_rating', 'bmi', 'mv_play_dom', 'mv_play_int', 'dom_perc', 'int_perc')",0.488079945
"('gdp_usd', 'life_exp', 'qol', 'mv_play_dom', 'num_play_dom', 'num_play_int', 'dom_int_mv_ratio', 'dom_perc')",0.487981474
"('gdp_usd', 'life_exp', 'qol', 'mv_play_dom', 'num_play_dom', 'num_play_int', 'dom_int_mv_ratio', 'int_perc')",0.487981474
"('gdp_usd', 'life_exp', 'qol', 'mv_play_dom', 'num_play_dom', 'num_play_int', 'dom_int_mv_ratio', 'dom_perc', 'int_perc')",0.487981474
"('gdp_usd', 'life_exp', 'qol', 'mv_play_dom', 'num_play_dom', 'num_play_int', 'dom_perc')",0.487837055
"('gdp_usd', 'life_exp', 'qol', 'mv_play_dom', 'num_play_dom', 'num_play_int', 'int_perc')",0.487837055
"('gdp_usd', 'life_exp', 'qol', 'mv_play_dom', 'num_play_dom', 'num_play_int', 'dom_perc', 'int_perc')",0.487837055
"('gdp_usd', 'elo_rating', 'life_exp', 'qol', 'num_play_dom', 'num_play_int')",0.487829053
"('gdp_usd', 'bmi', 'life_exp', 'qol', 'mv_play_dom', 'num_play_dom', 'mv_play_int', 'num_play_int', 'dom_int_mv_ratio')",0.487828056
"('gdp_usd', 'bmi', 'life_exp', 'qol', 'mv_play_dom', 'num_play_dom', 'mv_play_int', 'num_play_int')",0.487822092
"('power_rating', 'mv_usd', 'bmi', 'life_exp', 'qol', 'mv_play_dom', 'num_play_dom', 'dom_int_mv_ratio', 'dom_perc')",0.48782148
"('power_rating', 'mv_usd', 'bmi', 'life_exp', 'qol', 'mv_play_dom', 'num_play_dom', 'dom_int_mv_ratio', 'int_perc')",0.48782148
"('power_rating', 'mv_usd', 'bmi', 'life_exp', 'qol', 'mv_play_dom', 'num_play_dom', 'dom_int_mv_ratio', 'dom_perc', 'int_perc')",0.48782148
"('power_rating', 'mv_usd', 'bmi', 'qol', 'mv_play_dom', 'num_play_dom', 'dom_int_mv_ratio', 'dom_perc')",0.487811061
"('power_rating', 'mv_usd', 'bmi', 'qol', 'mv_play_dom', 'num_play_dom', 'dom_int_mv_ratio', 'int_perc')",0.487811061
"('power_rating', 'mv_usd', 'bmi', 'qol', 'mv_play_dom', 'num_play_dom', 'dom_int_mv_ratio', 'dom_perc', 'int_perc')",0.487811061
"('power_rating', 'mv_usd', 'bmi', 'life_exp', 'qol', 'num_play_dom', 'dom_int_mv_ratio', 'dom_perc')",0.487710685
"('power_rating', 'mv_usd', 'bmi', 'life_exp', 'qol', 'num_play_dom', 'dom_int_mv_ratio', 'int_perc')",0.487710685
"('power_rating', 'mv_usd', 'bmi', 'life_exp', 'qol', 'num_play_dom', 'dom_int_mv_ratio', 'dom_perc', 'int_perc')",0.487710685
"('power_rating', 'mv_usd', 'bmi', 'qol', 'num_play_dom', 'dom_int_mv_ratio', 'dom_perc')",0.487689746
"('power_rating', 'mv_usd', 'bmi', 'qol', 'num_play_dom', 'dom_int_mv_ratio', 'int_perc')",0.487689746
"('power_rating', 'mv_usd', 'bmi', 'qol', 'num_play_dom', 'dom_int_mv_ratio', 'dom_perc', 'int_perc')",0.487689746
"('power_rating', 'mv_usd', 'bmi', 'mv_play_int', 'dom_int_mv_ratio')",0.487440712
"('power_rating', 'gdp_usd', 'mv_usd', 'mv_play_int')",0.487229858
"('bmi', 'life_exp', 'mv_play_dom', 'num_play_dom', 'mv_play_int')",0.486792662
"('power_rating', 'mv_usd', 'life_exp', 'qol', 'mv_play_dom', 'num_play_dom', 'dom_int_mv_ratio', 'dom_perc')",0.48679213
"('power_rating', 'mv_usd', 'life_exp', 'qol', 'mv_play_dom', 'num_play_dom', 'dom_int_mv_ratio', 'int_perc')",0.48679213
"('power_rating', 'mv_usd', 'life_exp', 'qol', 'mv_play_dom', 'num_play_dom', 'dom_int_mv_ratio', 'dom_perc', 'int_perc')",0.48679213
"('gdp_usd', 'life_exp', 'qol', 'mv_play_dom', 'num_play_dom', 'mv_play_int', 'num_play_int', 'dom_int_mv_ratio')",0.486692144
"('gdp_usd', 'life_exp', 'qol', 'mv_play_dom', 'num_play_dom', 'mv_play_int', 'num_play_int')",0.486688451
"('power_rating', 'mv_usd', 'qol', 'mv_play_dom', 'num_play_dom', 'dom_int_mv_ratio', 'dom_perc')",0.486664748
"('power_rating', 'mv_usd', 'qol', 'mv_play_dom', 'num_play_dom', 'dom_int_mv_ratio', 'int_perc')",0.486664748
"('power_rating', 'mv_usd', 'qol', 'mv_play_dom', 'num_play_dom', 'dom_int_mv_ratio', 'dom_perc', 'int_perc')",0.486664748
"('power_rating', 'mv_usd', 'life_exp', 'qol', 'num_play_dom', 'dom_int_mv_ratio', 'dom_perc')",0.486662478
"('power_rating', 'mv_usd', 'life_exp', 'qol', 'num_play_dom', 'dom_int_mv_ratio', 'int_perc')",0.486662478
"('power_rating', 'mv_usd', 'life_exp', 'qol', 'num_play_dom', 'dom_int_mv_ratio', 'dom_perc', 'int_perc')",0.486662478
"('power_rating', 'mv_usd', 'qol', 'num_play_dom', 'dom_int_mv_ratio', 'dom_perc')",0.486494939
"('power_rating', 'mv_usd', 'qol', 'num_play_dom', 'dom_int_mv_ratio', 'int_perc')",0.486494939
"('power_rating', 'mv_usd', 'qol', 'num_play_dom', 'dom_int_mv_ratio', 'dom_perc', 'int_perc')",0.486494939
"('power_rating', 'life_exp', 'mv_play_dom', 'num_play_int', 'dom_perc')",0.48642216
"('power_rating', 'life_exp', 'mv_play_dom', 'num_play_int', 'int_perc')",0.48642216
"('power_rating', 'life_exp', 'mv_play_dom', 'num_play_int', 'dom_perc', 'int_perc')",0.48642216
"('power_rating', 'mv_usd', 'mv_play_dom', 'mv_play_int', 'dom_int_mv_ratio', 'dom_perc')",0.48634695
"('power_rating', 'mv_usd', 'mv_play_dom', 'mv_play_int', 'dom_int_mv_ratio', 'int_perc')",0.48634695
"('power_rating', 'mv_usd', 'mv_play_dom', 'mv_play_int', 'dom_int_mv_ratio', 'dom_perc', 'int_perc')",0.48634695
"('power_rating', 'mv_usd', 'mv_play_int', 'dom_int_mv_ratio', 'dom_perc')",0.486326486
"('power_rating', 'mv_usd', 'mv_play_int', 'dom_int_mv_ratio', 'int_perc')",0.486326486
"('power_rating', 'mv_usd', 'mv_play_int', 'dom_int_mv_ratio', 'dom_perc', 'int_perc')",0.486326486
"('power_rating', 'mv_usd', 'bmi', 'mv_play_dom', 'mv_play_int')",0.486224673
"('gdp_usd', 'mv_usd', 'elo_rating', 'bmi', 'qol', 'num_play_dom', 'mv_play_int', 'num_play_int', 'dom_int_mv_ratio', 'dom_perc')",0.486096111
"('gdp_usd', 'mv_usd', 'elo_rating', 'bmi', 'qol', 'num_play_dom', 'mv_play_int', 'num_play_int', 'dom_int_mv_ratio', 'int_perc')",0.486096111
"('gdp_usd', 'mv_usd', 'elo_rating', 'bmi', 'qol', 'num_play_dom', 'mv_play_int', 'num_play_int', 'dom_int_mv_ratio', 'dom_perc', 'int_perc')",0.486096111
"('gdp_usd', 'mv_usd', 'elo_rating', 'bmi', 'qol', 'num_play_dom', 'num_play_int', 'dom_int_mv_ratio', 'dom_perc')",0.485876994
"('gdp_usd', 'mv_usd', 'elo_rating', 'bmi', 'qol', 'num_play_dom', 'num_play_int', 'dom_int_mv_ratio', 'dom_perc', 'int_perc')",0.485876994
"('gdp_usd', 'mv_usd', 'elo_rating', 'bmi', 'qol', 'num_play_dom', 'num_play_int', 'dom_int_mv_ratio', 'int_perc')",0.485876994
"('gdp_usd', 'bmi', 'life_exp', 'qol', 'num_play_dom', 'mv_play_int', 'num_play_int', 'dom_int_mv_ratio', 'dom_perc')",0.485703489
"('gdp_usd', 'bmi', 'life_exp', 'qol', 'num_play_dom', 'mv_play_int', 'num_play_int', 'dom_int_mv_ratio', 'int_perc')",0.485703489
"('gdp_usd', 'bmi', 'life_exp', 'qol', 'num_play_dom', 'mv_play_int', 'num_play_int', 'dom_int_mv_ratio', 'dom_perc', 'int_perc')",0.485703489
"('bmi', 'life_exp', 'qol', 'mv_play_dom', 'mv_play_int', 'dom_int_mv_ratio', 'dom_perc')",0.485688899
"('bmi', 'life_exp', 'qol', 'mv_play_dom', 'mv_play_int', 'dom_int_mv_ratio', 'int_perc')",0.485688899
"('bmi', 'life_exp', 'qol', 'mv_play_dom', 'mv_play_int', 'dom_int_mv_ratio', 'dom_perc', 'int_perc')",0.485688899
"('power_rating', 'bmi', 'mv_play_dom', 'mv_play_int', 'dom_int_mv_ratio')",0.485555016
"('bmi', 'life_exp', 'mv_play_dom', 'mv_play_int', 'num_play_int', 'dom_perc')",0.48555217
"('bmi', 'life_exp', 'mv_play_dom', 'mv_play_int', 'num_play_int', 'int_perc')",0.48555217
"('bmi', 'life_exp', 'mv_play_dom', 'mv_play_int', 'num_play_int', 'dom_perc', 'int_perc')",0.48555217
"('gdp_usd', 'mv_usd', 'bmi', 'qol', 'num_play_dom', 'mv_play_int', 'num_play_int', 'dom_int_mv_ratio', 'dom_perc')",0.48550155
"('gdp_usd', 'mv_usd', 'bmi', 'qol', 'num_play_dom', 'mv_play_int', 'num_play_int', 'dom_int_mv_ratio', 'int_perc')",0.48550155
"('gdp_usd', 'mv_usd', 'bmi', 'qol', 'num_play_dom', 'mv_play_int', 'num_play_int', 'dom_int_mv_ratio', 'dom_perc', 'int_perc')",0.48550155
"('gdp_usd', 'mv_usd', 'bmi', 'qol', 'num_play_dom', 'num_play_int', 'dom_int_mv_ratio', 'dom_perc')",0.485500371
"('gdp_usd', 'mv_usd', 'bmi', 'qol', 'num_play_dom', 'num_play_int', 'dom_int_mv_ratio', 'int_perc')",0.485500371
"('gdp_usd', 'mv_usd', 'bmi', 'qol', 'num_play_dom', 'num_play_int', 'dom_int_mv_ratio', 'dom_perc', 'int_perc')",0.485500371
"('power_rating', 'gdp_usd', 'elo_rating', 'num_play_int', 'dom_perc')",0.485485579
"('power_rating', 'gdp_usd', 'elo_rating', 'num_play_int', 'int_perc')",0.485485579
"('power_rating', 'gdp_usd', 'elo_rating', 'num_play_int', 'dom_perc', 'int_perc')",0.485485579
"('power_rating', 'gdp_usd', 'mv_usd', 'elo_rating', 'bmi', 'num_play_dom', 'num_play_int')",0.485411164
"('power_rating', 'gdp_usd', 'mv_usd', 'elo_rating', 'bmi', 'num_play_dom')",0.485175016
"('gdp_usd', 'bmi', 'life_exp', 'qol', 'num_play_dom', 'mv_play_int', 'num_play_int', 'dom_int_mv_ratio')",0.485038274
"('gdp_usd', 'mv_usd', 'elo_rating', 'bmi', 'qol', 'mv_play_dom', 'mv_play_int', 'num_play_int', 'dom_int_mv_ratio', 'dom_perc')",0.485032349
"('gdp_usd', 'mv_usd', 'elo_rating', 'bmi', 'qol', 'mv_play_dom', 'mv_play_int', 'num_play_int', 'dom_int_mv_ratio', 'int_perc')",0.485032349
"('gdp_usd', 'mv_usd', 'elo_rating', 'bmi', 'qol', 'mv_play_dom', 'mv_play_int', 'num_play_int', 'dom_int_mv_ratio', 'dom_perc', 'int_perc')",0.485032349
"('bmi', 'life_exp', 'num_play_dom', 'mv_play_int', 'num_play_int', 'dom_int_mv_ratio', 'dom_perc')",0.484920549
"('bmi', 'life_exp', 'num_play_dom', 'mv_play_int', 'num_play_int', 'dom_int_mv_ratio', 'int_perc')",0.484920549
"('bmi', 'life_exp', 'num_play_dom', 'mv_play_int', 'num_play_int', 'dom_int_mv_ratio', 'dom_perc', 'int_perc')",0.484920549
"('bmi', 'life_exp', 'num_play_dom', 'mv_play_int', 'num_play_int', 'dom_int_mv_ratio')",0.484917659
"('power_rating', 'gdp_usd', 'mv_usd', 'elo_rating', 'bmi', 'qol', 'dom_int_mv_ratio')",0.484876674
"('power_rating', 'bmi', 'mv_play_dom', 'num_play_int', 'dom_perc')",0.484870541
"('power_rating', 'bmi', 'mv_play_dom', 'num_play_int', 'int_perc')",0.484870541
"('power_rating', 'bmi', 'mv_play_dom', 'num_play_int', 'dom_perc', 'int_perc')",0.484870541
"('bmi', 'life_exp', 'num_play_dom', 'mv_play_int', 'dom_int_mv_ratio', 'dom_perc')",0.484870369
"('bmi', 'life_exp', 'num_play_dom', 'mv_play_int', 'dom_int_mv_ratio', 'int_perc')",0.484870369
"('bmi', 'life_exp', 'num_play_dom', 'mv_play_int', 'dom_int_mv_ratio', 'dom_perc', 'int_perc')",0.484870369
"('power_rating', 'mv_usd', 'elo_rating', 'bmi', 'qol', 'dom_int_mv_ratio')",0.484863179
"('gdp_usd', 'mv_usd', 'elo_rating', 'bmi', 'life_exp', 'qol', 'mv_play_int', 'num_play_int', 'dom_perc')",0.484831382
"('gdp_usd', 'mv_usd', 'elo_rating', 'bmi', 'life_exp', 'qol', 'mv_play_int', 'num_play_int', 'int_perc')",0.484831382
"('gdp_usd', 'mv_usd', 'elo_rating', 'bmi', 'life_exp', 'qol', 'mv_play_int', 'num_play_int', 'dom_perc', 'int_perc')",0.484831382
"('gdp_usd', 'mv_usd', 'elo_rating', 'life_exp', 'qol', 'mv_play_int', 'num_play_int', 'dom_perc')",0.484809428
"('gdp_usd', 'mv_usd', 'elo_rating', 'life_exp', 'qol', 'mv_play_int', 'num_play_int', 'int_perc')",0.484809428
"('gdp_usd', 'mv_usd', 'elo_rating', 'life_exp', 'qol', 'mv_play_int', 'num_play_int', 'dom_perc', 'int_perc')",0.484809428
"('power_rating', 'qol', 'mv_play_dom', 'num_play_int', 'dom_perc')",0.484790665
"('power_rating', 'qol', 'mv_play_dom', 'num_play_int', 'int_perc')",0.484790665
"('power_rating', 'qol', 'mv_play_dom', 'num_play_int', 'dom_perc', 'int_perc')",0.484790665
"('bmi', 'life_exp', 'num_play_dom', 'mv_play_int', 'dom_int_mv_ratio')",0.484720503
"('gdp_usd', 'mv_usd', 'elo_rating', 'bmi', 'qol', 'num_play_dom', 'mv_play_int', 'dom_int_mv_ratio', 'dom_perc')",0.484698485
"('gdp_usd', 'mv_usd', 'elo_rating', 'bmi', 'qol', 'num_play_dom', 'mv_play_int', 'dom_int_mv_ratio', 'int_perc')",0.484698485
"('gdp_usd', 'mv_usd', 'elo_rating', 'bmi', 'qol', 'num_play_dom', 'mv_play_int', 'dom_int_mv_ratio', 'dom_perc', 'int_perc')",0.484698485
"('power_rating', 'bmi', 'mv_play_int', 'dom_int_mv_ratio')",0.484690246
"('power_rating', 'gdp_usd', 'bmi', 'life_exp', 'qol', 'num_play_dom', 'num_play_int', 'dom_perc', 'int_perc')",0.484649596
"('power_rating', 'gdp_usd', 'bmi', 'life_exp', 'qol', 'num_play_dom', 'num_play_int', 'dom_perc')",0.484649596
"('power_rating', 'gdp_usd', 'bmi', 'life_exp', 'qol', 'num_play_dom', 'num_play_int', 'int_perc')",0.484649596
"('gdp_usd', 'bmi', 'life_exp', 'qol', 'num_play_dom', 'mv_play_int', 'num_play_int', 'dom_perc')",0.484596616
"('gdp_usd', 'bmi', 'life_exp', 'qol', 'num_play_dom', 'mv_play_int', 'num_play_int', 'int_perc')",0.484596616
"('gdp_usd', 'bmi', 'life_exp', 'qol', 'num_play_dom', 'mv_play_int', 'num_play_int', 'dom_perc', 'int_perc')",0.484596616
"('power_rating', 'mv_play_dom', 'mv_play_int', 'dom_int_mv_ratio', 'dom_perc')",0.484554571
"('power_rating', 'mv_play_dom', 'mv_play_int', 'dom_int_mv_ratio', 'int_perc')",0.484554571
"('power_rating', 'mv_play_dom', 'mv_play_int', 'dom_int_mv_ratio', 'dom_perc', 'int_perc')",0.484554571
"('gdp_usd', 'mv_usd', 'elo_rating', 'bmi', 'qol', 'num_play_dom', 'dom_int_mv_ratio', 'dom_perc')",0.484504664
"('gdp_usd', 'mv_usd', 'elo_rating', 'bmi', 'qol', 'num_play_dom', 'dom_int_mv_ratio', 'int_perc')",0.484504664
"('gdp_usd', 'mv_usd', 'elo_rating', 'bmi', 'qol', 'num_play_dom', 'dom_int_mv_ratio', 'dom_perc', 'int_perc')",0.484504664
"('power_rating', 'gdp_usd', 'mv_usd', 'mv_play_dom', 'num_play_int', 'dom_int_mv_ratio', 'dom_perc')",0.484483689
"('power_rating', 'gdp_usd', 'mv_usd', 'mv_play_dom', 'num_play_int', 'dom_int_mv_ratio', 'int_perc')",0.484483689
"('power_rating', 'gdp_usd', 'mv_usd', 'mv_play_dom', 'num_play_int', 'dom_int_mv_ratio', 'dom_perc', 'int_perc')",0.484483689
"('gdp_usd', 'mv_usd', 'bmi', 'life_exp', 'qol', 'mv_play_int', 'num_play_int', 'dom_perc')",0.484478168
"('gdp_usd', 'mv_usd', 'bmi', 'life_exp', 'qol', 'mv_play_int', 'num_play_int', 'int_perc')",0.484478168
"('gdp_usd', 'mv_usd', 'bmi', 'life_exp', 'qol', 'mv_play_int', 'num_play_int', 'dom_perc', 'int_perc')",0.484478168
"('gdp_usd', 'mv_usd', 'life_exp', 'qol', 'mv_play_int', 'num_play_int', 'dom_perc')",0.484472142
"('gdp_usd', 'mv_usd', 'life_exp', 'qol', 'mv_play_int', 'num_play_int', 'int_perc')",0.484472142
"('gdp_usd', 'mv_usd', 'life_exp', 'qol', 'mv_play_int', 'num_play_int', 'dom_perc', 'int_perc')",0.484472142
"('power_rating', 'gdp_usd', 'bmi', 'mv_play_int', 'dom_perc')",0.484345922
"('power_rating', 'gdp_usd', 'bmi', 'mv_play_int', 'dom_perc', 'int_perc')",0.484345922
"('power_rating', 'gdp_usd', 'bmi', 'mv_play_int', 'int_perc')",0.484345922
"('power_rating', 'gdp_usd', 'mv_usd', 'elo_rating', 'life_exp', 'qol', 'num_play_int', 'dom_int_mv_ratio')",0.484322886
"('power_rating', 'gdp_usd', 'mv_usd', 'elo_rating', 'qol', 'num_play_int', 'dom_int_mv_ratio')",0.484322588
"('gdp_usd', 'bmi', 'life_exp', 'qol', 'num_play_dom', 'mv_play_int', 'num_play_int')",0.484183385
"('power_rating', 'gdp_usd', 'mv_play_dom', 'num_play_int', 'dom_int_mv_ratio', 'dom_perc')",0.484167123
"('power_rating', 'gdp_usd', 'mv_play_dom', 'num_play_int', 'dom_int_mv_ratio', 'int_perc')",0.484167123
"('power_rating', 'gdp_usd', 'mv_play_dom', 'num_play_int', 'dom_int_mv_ratio', 'dom_perc', 'int_perc')",0.484167123
"('bmi', 'life_exp', 'num_play_dom', 'num_play_int', 'dom_int_mv_ratio', 'dom_perc')",0.484145149
"('bmi', 'life_exp', 'num_play_dom', 'num_play_int', 'dom_int_mv_ratio', 'int_perc')",0.484145149
"('bmi', 'life_exp', 'num_play_dom', 'num_play_int', 'dom_int_mv_ratio', 'dom_perc', 'int_perc')",0.484145149
"('bmi', 'life_exp', 'num_play_dom', 'dom_int_mv_ratio', 'dom_perc')",0.484142041
"('bmi', 'life_exp', 'num_play_dom', 'dom_int_mv_ratio', 'int_perc')",0.484142041
"('bmi', 'life_exp', 'num_play_dom', 'dom_int_mv_ratio', 'dom_perc', 'int_perc')",0.484142041
"('gdp_usd', 'mv_usd', 'elo_rating', 'bmi', 'life_exp', 'qol', 'num_play_int', 'dom_perc')",0.484117567
"('gdp_usd', 'mv_usd', 'elo_rating', 'bmi', 'life_exp', 'qol', 'num_play_int', 'int_perc')",0.484117567
"('gdp_usd', 'mv_usd', 'elo_rating', 'bmi', 'life_exp', 'qol', 'num_play_int', 'dom_perc', 'int_perc')",0.484117567
"('gdp_usd', 'mv_usd', 'elo_rating', 'life_exp', 'qol', 'num_play_int', 'dom_perc')",0.484090707
"('gdp_usd', 'mv_usd', 'elo_rating', 'life_exp', 'qol', 'num_play_int', 'int_perc')",0.484090707
"('gdp_usd', 'mv_usd', 'elo_rating', 'life_exp', 'qol', 'num_play_int', 'dom_perc', 'int_perc')",0.484090707
"('bmi', 'life_exp', 'num_play_dom', 'num_play_int', 'dom_int_mv_ratio')",0.484086092
"('gdp_usd', 'mv_usd', 'bmi', 'life_exp', 'qol', 'num_play_int', 'dom_perc')",0.484085509
"('gdp_usd', 'mv_usd', 'bmi', 'life_exp', 'qol', 'num_play_int', 'int_perc')",0.484085509
"('gdp_usd', 'mv_usd', 'bmi', 'life_exp', 'qol', 'num_play_int', 'dom_perc', 'int_perc')",0.484085509
"('gdp_usd', 'mv_usd', 'life_exp', 'qol', 'num_play_int', 'dom_perc')",0.484066376
"('gdp_usd', 'mv_usd', 'life_exp', 'qol', 'num_play_int', 'int_perc')",0.484066376
"('gdp_usd', 'mv_usd', 'life_exp', 'qol', 'num_play_int', 'dom_perc', 'int_perc')",0.484066376
"('gdp_usd', 'life_exp', 'qol', 'num_play_dom', 'mv_play_int', 'num_play_int', 'dom_int_mv_ratio', 'dom_perc')",0.484047999
"('gdp_usd', 'life_exp', 'qol', 'num_play_dom', 'mv_play_int', 'num_play_int', 'dom_int_mv_ratio', 'int_perc')",0.484047999
"('gdp_usd', 'life_exp', 'qol', 'num_play_dom', 'mv_play_int', 'num_play_int', 'dom_int_mv_ratio', 'dom_perc', 'int_perc')",0.484047999
"('bmi', 'life_exp', 'num_play_dom', 'mv_play_int', 'num_play_int', 'dom_perc')",0.484007639
"('bmi', 'life_exp', 'num_play_dom', 'mv_play_int', 'num_play_int', 'int_perc')",0.484007639
"('bmi', 'life_exp', 'num_play_dom', 'mv_play_int', 'num_play_int', 'dom_perc', 'int_perc')",0.484007639
"('bmi', 'life_exp', 'num_play_dom', 'mv_play_int', 'num_play_int')",0.483957369
"('power_rating', 'gdp_usd', 'num_play_dom', 'num_play_int', 'dom_int_mv_ratio', 'dom_perc')",0.483955155
"('power_rating', 'gdp_usd', 'num_play_dom', 'num_play_int', 'dom_int_mv_ratio', 'int_perc')",0.483955155
"('power_rating', 'gdp_usd', 'num_play_dom', 'num_play_int', 'dom_int_mv_ratio', 'dom_perc', 'int_perc')",0.483955155
"('bmi', 'life_exp', 'num_play_dom', 'mv_play_int', 'dom_perc')",0.483953883
"('bmi', 'life_exp', 'num_play_dom', 'mv_play_int', 'int_perc')",0.483953883
"('bmi', 'life_exp', 'num_play_dom', 'mv_play_int', 'dom_perc', 'int_perc')",0.483953883
"('bmi', 'life_exp', 'num_play_dom', 'mv_play_int')",0.483953389
"('power_rating', 'gdp_usd', 'bmi', 'mv_play_int')",0.4837349
"('gdp_usd', 'mv_usd', 'elo_rating', 'qol', 'num_play_dom', 'mv_play_int', 'num_play_int', 'dom_int_mv_ratio', 'dom_perc')",0.48363728
"('gdp_usd', 'mv_usd', 'elo_rating', 'qol', 'num_play_dom', 'mv_play_int', 'num_play_int', 'dom_int_mv_ratio', 'int_perc')",0.48363728
"('gdp_usd', 'mv_usd', 'elo_rating', 'qol', 'num_play_dom', 'mv_play_int', 'num_play_int', 'dom_int_mv_ratio', 'dom_perc', 'int_perc')",0.48363728
"('power_rating', 'gdp_usd', 'mv_usd', 'bmi', 'life_exp', 'qol', 'mv_play_dom', 'num_play_dom', 'num_play_int', 'dom_int_mv_ratio')",0.483595543
"('bmi', 'life_exp', 'mv_play_dom', 'num_play_int', 'dom_int_mv_ratio', 'dom_perc')",0.483567325
"('bmi', 'life_exp', 'mv_play_dom', 'num_play_int', 'dom_int_mv_ratio', 'int_perc')",0.483567325
"('bmi', 'life_exp', 'mv_play_dom', 'num_play_int', 'dom_int_mv_ratio', 'dom_perc', 'int_perc')",0.483567325
"('bmi', 'life_exp', 'num_play_dom', 'dom_int_mv_ratio')",0.483555966
"('gdp_usd', 'life_exp', 'qol', 'num_play_dom', 'mv_play_int', 'num_play_int', 'dom_int_mv_ratio')",0.483378113
"('gdp_usd', 'mv_usd', 'elo_rating', 'bmi', 'qol', 'mv_play_dom', 'num_play_int', 'dom_int_mv_ratio', 'dom_perc')",0.483365215
"('gdp_usd', 'mv_usd', 'elo_rating', 'bmi', 'qol', 'mv_play_dom', 'num_play_int', 'dom_int_mv_ratio', 'int_perc')",0.483365215
"('gdp_usd', 'mv_usd', 'elo_rating', 'bmi', 'qol', 'mv_play_dom', 'num_play_int', 'dom_int_mv_ratio', 'dom_perc', 'int_perc')",0.483365215
"('gdp_usd', 'mv_usd', 'bmi', 'qol', 'num_play_dom', 'mv_play_int', 'dom_int_mv_ratio', 'dom_perc')",0.483317917
"('gdp_usd', 'mv_usd', 'bmi', 'qol', 'num_play_dom', 'mv_play_int', 'dom_int_mv_ratio', 'int_perc')",0.483317917
"('gdp_usd', 'mv_usd', 'bmi', 'qol', 'num_play_dom', 'mv_play_int', 'dom_int_mv_ratio', 'dom_perc', 'int_perc')",0.483317917
"('gdp_usd', 'mv_usd', 'elo_rating', 'qol', 'num_play_dom', 'num_play_int', 'dom_int_mv_ratio', 'dom_perc')",0.483230781
"('gdp_usd', 'mv_usd', 'elo_rating', 'qol', 'num_play_dom', 'num_play_int', 'dom_int_mv_ratio', 'int_perc')",0.483230781
"('gdp_usd', 'mv_usd', 'elo_rating', 'qol', 'num_play_dom', 'num_play_int', 'dom_int_mv_ratio', 'dom_perc', 'int_perc')",0.483230781
"('gdp_usd', 'mv_usd', 'bmi', 'qol', 'num_play_dom', 'dom_int_mv_ratio', 'dom_perc')",0.483202469
"('gdp_usd', 'mv_usd', 'bmi', 'qol', 'num_play_dom', 'dom_int_mv_ratio', 'int_perc')",0.483202469
"('gdp_usd', 'mv_usd', 'bmi', 'qol', 'num_play_dom', 'dom_int_mv_ratio', 'dom_perc', 'int_perc')",0.483202469
"('gdp_usd', 'life_exp', 'qol', 'num_play_dom', 'mv_play_int', 'num_play_int', 'dom_perc')",0.483140412
"('gdp_usd', 'life_exp', 'qol', 'num_play_dom', 'mv_play_int', 'num_play_int', 'int_perc')",0.483140412
"('gdp_usd', 'life_exp', 'qol', 'num_play_dom', 'mv_play_int', 'num_play_int', 'dom_perc', 'int_perc')",0.483140412
"('power_rating', 'gdp_usd', 'mv_usd', 'elo_rating', 'mv_play_dom', 'num_play_dom', 'num_play_int')",0.483138852
"('power_rating', 'gdp_usd', 'mv_usd', 'num_play_int', 'dom_int_mv_ratio', 'dom_perc')",0.483121743
"('power_rating', 'gdp_usd', 'mv_usd', 'num_play_int', 'dom_int_mv_ratio', 'int_perc')",0.483121743
"('power_rating', 'gdp_usd', 'mv_usd', 'num_play_int', 'dom_int_mv_ratio', 'dom_perc', 'int_perc')",0.483121743
"('gdp_usd', 'mv_usd', 'elo_rating', 'qol', 'num_play_dom', 'mv_play_int', 'dom_int_mv_ratio', 'dom_perc')",0.482874531
"('gdp_usd', 'mv_usd', 'elo_rating', 'qol', 'num_play_dom', 'mv_play_int', 'dom_int_mv_ratio', 'dom_perc', 'int_perc')",0.482874531
"('gdp_usd', 'mv_usd', 'elo_rating', 'qol', 'num_play_dom', 'mv_play_int', 'dom_int_mv_ratio', 'int_perc')",0.482874531
"('bmi', 'life_exp', 'qol', 'mv_play_dom', 'dom_int_mv_ratio', 'dom_perc')",0.48285631
"('bmi', 'life_exp', 'qol', 'mv_play_dom', 'dom_int_mv_ratio', 'int_perc')",0.48285631
"('bmi', 'life_exp', 'qol', 'mv_play_dom', 'dom_int_mv_ratio', 'dom_perc', 'int_perc')",0.48285631
"('gdp_usd', 'mv_usd', 'bmi', 'qol', 'mv_play_dom', 'mv_play_int', 'num_play_int', 'dom_int_mv_ratio', 'dom_perc')",0.482848949
"('gdp_usd', 'mv_usd', 'bmi', 'qol', 'mv_play_dom', 'mv_play_int', 'num_play_int', 'dom_int_mv_ratio', 'int_perc')",0.482848949
"('gdp_usd', 'mv_usd', 'bmi', 'qol', 'mv_play_dom', 'mv_play_int', 'num_play_int', 'dom_int_mv_ratio', 'dom_perc', 'int_perc')",0.482848949
"('power_rating', 'gdp_usd', 'mv_usd', 'elo_rating', 'mv_play_dom', 'num_play_dom')",0.482742011
"('gdp_usd', 'life_exp', 'qol', 'num_play_dom', 'mv_play_int', 'num_play_int')",0.48270134
"('gdp_usd', 'mv_usd', 'elo_rating', 'qol', 'num_play_dom', 'dom_int_mv_ratio', 'dom_perc')",0.482518008
"('gdp_usd', 'mv_usd', 'elo_rating', 'qol', 'num_play_dom', 'dom_int_mv_ratio', 'dom_perc', 'int_perc')",0.482518008
"('gdp_usd', 'mv_usd', 'elo_rating', 'qol', 'num_play_dom', 'dom_int_mv_ratio', 'int_perc')",0.482518008
"('gdp_usd', 'mv_usd', 'qol', 'num_play_dom', 'mv_play_int', 'num_play_int', 'dom_int_mv_ratio', 'dom_perc')",0.482478705
"('gdp_usd', 'mv_usd', 'qol', 'num_play_dom', 'mv_play_int', 'num_play_int', 'dom_int_mv_ratio', 'int_perc')",0.482478705
"('gdp_usd', 'mv_usd', 'qol', 'num_play_dom', 'mv_play_int', 'num_play_int', 'dom_int_mv_ratio', 'dom_perc', 'int_perc')",0.482478705
"('gdp_usd', 'mv_usd', 'qol', 'num_play_dom', 'num_play_int', 'dom_int_mv_ratio', 'dom_perc')",0.482477319
"('gdp_usd', 'mv_usd', 'qol', 'num_play_dom', 'num_play_int', 'dom_int_mv_ratio', 'int_perc')",0.482477319
"('gdp_usd', 'mv_usd', 'qol', 'num_play_dom', 'num_play_int', 'dom_int_mv_ratio', 'dom_perc', 'int_perc')",0.482477319
"('power_rating', 'mv_usd', 'bmi', 'life_exp', 'qol', 'mv_play_dom', 'num_play_dom', 'num_play_int', 'dom_int_mv_ratio')",0.482437236
"('power_rating', 'gdp_usd', 'mv_usd', 'bmi', 'qol', 'mv_play_dom', 'num_play_dom', 'num_play_int', 'dom_int_mv_ratio')",0.482314731
"('power_rating', 'gdp_usd', 'bmi', 'life_exp', 'qol', 'mv_play_dom', 'num_play_dom', 'dom_int_mv_ratio', 'dom_perc')",0.482212868
"('power_rating', 'gdp_usd', 'bmi', 'life_exp', 'qol', 'mv_play_dom', 'num_play_dom', 'dom_int_mv_ratio', 'int_perc')",0.482212868
"('power_rating', 'gdp_usd', 'bmi', 'life_exp', 'qol', 'mv_play_dom', 'num_play_dom', 'dom_int_mv_ratio', 'dom_perc', 'int_perc')",0.482212868
"('power_rating', 'mv_usd', 'elo_rating', 'mv_play_dom', 'num_play_dom', 'num_play_int')",0.48220544
"('power_rating', 'gdp_usd', 'bmi', 'qol', 'mv_play_dom', 'num_play_dom', 'dom_int_mv_ratio', 'dom_perc')",0.482162966
"('power_rating', 'gdp_usd', 'bmi', 'qol', 'mv_play_dom', 'num_play_dom', 'dom_int_mv_ratio', 'int_perc')",0.482162966
"('power_rating', 'gdp_usd', 'bmi', 'qol', 'mv_play_dom', 'num_play_dom', 'dom_int_mv_ratio', 'dom_perc', 'int_perc')",0.482162966
"('gdp_usd', 'bmi', 'life_exp', 'qol', 'mv_play_dom', 'num_play_dom', 'num_play_int', 'dom_int_mv_ratio')",0.482123915
"('power_rating', 'mv_usd', 'mv_play_dom', 'mv_play_int', 'dom_int_mv_ratio')",0.482110523
"('power_rating', 'gdp_usd', 'bmi', 'life_exp', 'num_play_dom', 'num_play_int', 'dom_perc')",0.481984819
"('power_rating', 'gdp_usd', 'bmi', 'life_exp', 'num_play_dom', 'num_play_int', 'int_perc')",0.481984819
"('power_rating', 'gdp_usd', 'bmi', 'life_exp', 'num_play_dom', 'num_play_int', 'dom_perc', 'int_perc')",0.481984819
"('power_rating', 'mv_usd', 'bmi', 'mv_play_int')",0.481909481
"('power_rating', 'mv_usd', 'bmi', 'qol', 'mv_play_dom', 'num_play_dom', 'num_play_int', 'dom_int_mv_ratio')",0.481866677
"('power_rating', 'gdp_usd', 'mv_usd', 'life_exp', 'qol', 'mv_play_dom', 'num_play_dom', 'num_play_int', 'dom_int_mv_ratio')",0.481530203
"('bmi', 'life_exp', 'mv_play_dom', 'num_play_dom', 'num_play_int', 'dom_perc')",0.481473645
"('bmi', 'life_exp', 'mv_play_dom', 'num_play_dom', 'num_play_int', 'int_perc')",0.481473645
"('bmi', 'life_exp', 'mv_play_dom', 'num_play_dom', 'num_play_int', 'dom_perc', 'int_perc')",0.481473645
"('bmi', 'life_exp', 'mv_play_dom', 'num_play_dom', 'num_play_int')",0.481469358
"('bmi', 'life_exp', 'mv_play_dom', 'num_play_dom', 'dom_perc')",0.481437096
"('bmi', 'life_exp', 'mv_play_dom', 'num_play_dom', 'int_perc')",0.481437096
"('bmi', 'life_exp', 'mv_play_dom', 'num_play_dom', 'dom_perc', 'int_perc')",0.481437096
"('power_rating', 'gdp_usd', 'life_exp', 'qol', 'mv_play_dom', 'num_play_dom', 'dom_int_mv_ratio', 'dom_perc')",0.481392651
"('power_rating', 'gdp_usd', 'life_exp', 'qol', 'mv_play_dom', 'num_play_dom', 'dom_int_mv_ratio', 'int_perc')",0.481392651
"('power_rating', 'gdp_usd', 'life_exp', 'qol', 'mv_play_dom', 'num_play_dom', 'dom_int_mv_ratio', 'dom_perc', 'int_perc')",0.481392651
"('bmi', 'life_exp', 'mv_play_dom', 'num_play_dom')",0.481377479
"('power_rating', 'bmi', 'life_exp', 'qol', 'mv_play_dom', 'num_play_dom', 'dom_int_mv_ratio', 'dom_perc')",0.481311912
"('power_rating', 'bmi', 'life_exp', 'qol', 'mv_play_dom', 'num_play_dom', 'dom_int_mv_ratio', 'int_perc')",0.481311912
"('power_rating', 'bmi', 'life_exp', 'qol', 'mv_play_dom', 'num_play_dom', 'dom_int_mv_ratio', 'dom_perc', 'int_perc')",0.481311912
"('power_rating', 'gdp_usd', 'qol', 'mv_play_dom', 'num_play_dom', 'dom_int_mv_ratio', 'dom_perc')",0.481199539
"('power_rating', 'gdp_usd', 'qol', 'mv_play_dom', 'num_play_dom', 'dom_int_mv_ratio', 'int_perc')",0.481199539
"('power_rating', 'gdp_usd', 'qol', 'mv_play_dom', 'num_play_dom', 'dom_int_mv_ratio', 'dom_perc', 'int_perc')",0.481199539
"('power_rating', 'gdp_usd', 'mv_usd', 'bmi', 'life_exp', 'qol', 'num_play_dom', 'num_play_int', 'dom_int_mv_ratio')",0.481160439
"('power_rating', 'bmi', 'qol', 'mv_play_dom', 'num_play_dom', 'dom_int_mv_ratio', 'dom_perc')",0.481098449
"('power_rating', 'bmi', 'qol', 'mv_play_dom', 'num_play_dom', 'dom_int_mv_ratio', 'int_perc')",0.481098449
"('power_rating', 'bmi', 'qol', 'mv_play_dom', 'num_play_dom', 'dom_int_mv_ratio', 'dom_perc', 'int_perc')",0.481098449
"('gdp_usd', 'mv_usd', 'qol', 'num_play_dom', 'mv_play_int', 'dom_int_mv_ratio', 'dom_perc')",0.481021139
"('gdp_usd', 'mv_usd', 'qol', 'num_play_dom', 'mv_play_int', 'dom_int_mv_ratio', 'int_perc')",0.481021139
"('gdp_usd', 'mv_usd', 'qol', 'num_play_dom', 'mv_play_int', 'dom_int_mv_ratio', 'dom_perc', 'int_perc')",0.481021139
"('power_rating', 'mv_usd', 'elo_rating', 'mv_play_dom', 'num_play_dom')",0.480954302
"('gdp_usd', 'mv_usd', 'qol', 'num_play_dom', 'dom_int_mv_ratio', 'dom_perc')",0.480946605
"('gdp_usd', 'mv_usd', 'qol', 'num_play_dom', 'dom_int_mv_ratio', 'int_perc')",0.480946605
"('gdp_usd', 'mv_usd', 'qol', 'num_play_dom', 'dom_int_mv_ratio', 'dom_perc', 'int_perc')",0.480946605
"('gdp_usd', 'mv_usd', 'elo_rating', 'qol', 'mv_play_dom', 'mv_play_int', 'num_play_int', 'dom_int_mv_ratio', 'dom_perc')",0.480933768
"('gdp_usd', 'mv_usd', 'elo_rating', 'qol', 'mv_play_dom', 'mv_play_int', 'num_play_int', 'dom_int_mv_ratio', 'int_perc')",0.480933768
"('gdp_usd', 'mv_usd', 'elo_rating', 'qol', 'mv_play_dom', 'mv_play_int', 'num_play_int', 'dom_int_mv_ratio', 'dom_perc', 'int_perc')",0.480933768
"('gdp_usd', 'life_exp', 'qol', 'mv_play_dom', 'num_play_dom', 'num_play_int', 'dom_int_mv_ratio')",0.480902205
"('gdp_usd', 'bmi', 'life_exp', 'qol', 'mv_play_dom', 'num_play_dom', 'num_play_int')",0.480846084
"('bmi', 'life_exp', 'num_play_dom', 'num_play_int', 'dom_perc')",0.480773375
"('bmi', 'life_exp', 'num_play_dom', 'num_play_int', 'int_perc')",0.480773375
"('bmi', 'life_exp', 'num_play_dom', 'num_play_int', 'dom_perc', 'int_perc')",0.480773375
"('bmi', 'life_exp', 'num_play_dom', 'dom_perc')",0.480736457
"('bmi', 'life_exp', 'num_play_dom', 'int_perc')",0.480736457
"('bmi', 'life_exp', 'num_play_dom', 'dom_perc', 'int_perc')",0.480736457
"('bmi', 'life_exp', 'num_play_dom', 'num_play_int')",0.480693404
"('bmi', 'life_exp', 'num_play_dom')",0.480657227
"('bmi', 'life_exp', 'qol', 'mv_play_dom', 'mv_play_int', 'dom_perc')",0.480594901
"('bmi', 'life_exp', 'qol', 'mv_play_dom', 'mv_play_int', 'int_perc')",0.480594901
"('bmi', 'life_exp', 'qol', 'mv_play_dom', 'mv_play_int', 'dom_perc', 'int_perc')",0.480594901
"('power_rating', 'mv_usd', 'life_exp', 'qol', 'mv_play_dom', 'num_play_dom', 'num_play_int', 'dom_int_mv_ratio')",0.480477173
"('power_rating', 'mv_usd', 'mv_play_int', 'dom_int_mv_ratio')",0.480473991
"('power_rating', 'life_exp', 'qol', 'mv_play_dom', 'num_play_dom', 'dom_int_mv_ratio', 'dom_perc')",0.480449752
"('power_rating', 'life_exp', 'qol', 'mv_play_dom', 'num_play_dom', 'dom_int_mv_ratio', 'int_perc')",0.480449752
"('power_rating', 'life_exp', 'qol', 'mv_play_dom', 'num_play_dom', 'dom_int_mv_ratio', 'dom_perc', 'int_perc')",0.480449752
"('power_rating', 'mv_usd', 'elo_rating', 'bmi', 'num_play_dom', 'num_play_int')",0.480388399
"('power_rating', 'gdp_usd', 'life_exp', 'qol', 'num_play_dom', 'num_play_int', 'dom_perc')",0.480284583
"('power_rating', 'gdp_usd', 'life_exp', 'qol', 'num_play_dom', 'num_play_int', 'int_perc')",0.480284583
"('power_rating', 'gdp_usd', 'life_exp', 'qol', 'num_play_dom', 'num_play_int', 'dom_perc', 'int_perc')",0.480284583
"('power_rating', 'qol', 'mv_play_dom', 'num_play_dom', 'dom_int_mv_ratio', 'dom_perc')",0.479954353
"('power_rating', 'qol', 'mv_play_dom', 'num_play_dom', 'dom_int_mv_ratio', 'int_perc')",0.479954353
"('power_rating', 'qol', 'mv_play_dom', 'num_play_dom', 'dom_int_mv_ratio', 'dom_perc', 'int_perc')",0.479954353
"('power_rating', 'gdp_usd', 'mv_usd', 'elo_rating', 'num_play_dom', 'dom_perc')",0.479919305
"('power_rating', 'gdp_usd', 'mv_usd', 'elo_rating', 'num_play_dom', 'int_perc')",0.479919305
"('power_rating', 'gdp_usd', 'mv_usd', 'elo_rating', 'num_play_dom', 'dom_perc', 'int_perc')",0.479919305
"('gdp_usd', 'life_exp', 'qol', 'mv_play_dom', 'num_play_dom', 'num_play_int')",0.479918933
"('power_rating', 'gdp_usd', 'mv_usd', 'elo_rating', 'dom_perc')",0.47991032
"('power_rating', 'gdp_usd', 'mv_usd', 'elo_rating', 'int_perc')",0.47991032
"('power_rating', 'gdp_usd', 'mv_usd', 'elo_rating', 'dom_perc', 'int_perc')",0.47991032
"('gdp_usd', 'mv_usd', 'qol', 'mv_play_dom', 'mv_play_int', 'num_play_int', 'dom_int_mv_ratio', 'dom_perc')",0.479800112
"('gdp_usd', 'mv_usd', 'qol', 'mv_play_dom', 'mv_play_int', 'num_play_int', 'dom_int_mv_ratio', 'int_perc')",0.479800112
"('gdp_usd', 'mv_usd', 'qol', 'mv_play_dom', 'mv_play_int', 'num_play_int', 'dom_int_mv_ratio', 'dom_perc', 'int_perc')",0.479800112
"('gdp_usd', 'bmi', 'life_exp', 'qol', 'num_play_dom', 'num_play_int', 'dom_int_mv_ratio', 'dom_perc')",0.479708939
"('gdp_usd', 'bmi', 'life_exp', 'qol', 'num_play_dom', 'num_play_int', 'dom_int_mv_ratio', 'int_perc')",0.479708939
"('gdp_usd', 'bmi', 'life_exp', 'qol', 'num_play_dom', 'num_play_int', 'dom_int_mv_ratio', 'dom_perc', 'int_perc')",0.479708939
"('power_rating', 'gdp_usd', 'elo_rating', 'bmi', 'life_exp', 'qol', 'num_play_int', 'dom_int_mv_ratio')",0.479535208
"('power_rating', 'gdp_usd', 'mv_usd', 'qol', 'mv_play_dom', 'num_play_dom', 'num_play_int', 'dom_int_mv_ratio')",0.479504477
"('power_rating', 'gdp_usd', 'elo_rating', 'bmi', 'qol', 'num_play_int', 'dom_int_mv_ratio')",0.479495851
"('power_rating', 'gdp_usd', 'elo_rating', 'bmi', 'mv_play_dom', 'num_play_dom', 'num_play_int')",0.479385668
"('power_rating', 'gdp_usd', 'elo_rating', 'bmi', 'num_play_dom', 'num_play_int')",0.47938129
"('power_rating', 'mv_usd', 'elo_rating', 'life_exp', 'qol', 'num_play_int', 'dom_int_mv_ratio')",0.479298558
"('power_rating', 'mv_usd', 'qol', 'mv_play_dom', 'num_play_dom', 'num_play_int', 'dom_int_mv_ratio')",0.479289476
"('power_rating', 'mv_usd', 'elo_rating', 'num_play_dom', 'dom_perc')",0.479244368
"('power_rating', 'mv_usd', 'elo_rating', 'num_play_dom', 'int_perc')",0.479244368
"('power_rating', 'mv_usd', 'elo_rating', 'num_play_dom', 'dom_perc', 'int_perc')",0.479244368
"('power_rating', 'gdp_usd', 'elo_rating', 'bmi', 'mv_play_dom', 'num_play_dom')",0.479231939
"('power_rating', 'gdp_usd', 'elo_rating', 'bmi', 'num_play_dom')",0.479224406
"('power_rating', 'gdp_usd', 'mv_usd', 'elo_rating', 'bmi', 'mv_play_dom', 'num_play_int')",0.47914521
"('power_rating', 'gdp_usd', 'mv_usd', 'life_exp', 'qol', 'num_play_dom', 'num_play_int', 'dom_int_mv_ratio')",0.478932201
"('power_rating', 'mv_usd', 'elo_rating', 'qol', 'num_play_int', 'dom_int_mv_ratio')",0.478900531
"('power_rating', 'mv_usd', 'elo_rating', 'dom_perc')",0.478826275
"('power_rating', 'mv_usd', 'elo_rating', 'int_perc')",0.478826275
"('power_rating', 'mv_usd', 'elo_rating', 'dom_perc', 'int_perc')",0.478826275
"('power_rating', 'gdp_usd', 'mv_play_dom', 'mv_play_int', 'dom_perc')",0.478761836
"('power_rating', 'gdp_usd', 'mv_play_dom', 'mv_play_int', 'int_perc')",0.478761836
"('power_rating', 'gdp_usd', 'mv_play_dom', 'mv_play_int', 'dom_perc', 'int_perc')",0.478761836
"('power_rating', 'gdp_usd', 'mv_usd', 'bmi', 'qol', 'num_play_dom', 'num_play_int', 'dom_int_mv_ratio')",0.478697055
"('power_rating', 'mv_play_dom', 'mv_play_int', 'dom_int_mv_ratio')",0.478690865
"('gdp_usd', 'mv_usd', 'elo_rating', 'qol', 'mv_play_dom', 'num_play_int', 'dom_int_mv_ratio', 'dom_perc')",0.478598889
"('gdp_usd', 'mv_usd', 'elo_rating', 'qol', 'mv_play_dom', 'num_play_int', 'dom_int_mv_ratio', 'int_perc')",0.478598889
"('gdp_usd', 'mv_usd', 'elo_rating', 'qol', 'mv_play_dom', 'num_play_int', 'dom_int_mv_ratio', 'dom_perc', 'int_perc')",0.478598889
"('power_rating', 'gdp_usd', 'mv_usd', 'bmi', 'life_exp', 'qol', 'mv_play_dom', 'num_play_dom', 'dom_perc')",0.478565952
"('power_rating', 'gdp_usd', 'mv_usd', 'bmi', 'life_exp', 'qol', 'mv_play_dom', 'num_play_dom', 'int_perc')",0.478565952
"('power_rating', 'gdp_usd', 'mv_usd', 'bmi', 'life_exp', 'qol', 'mv_play_dom', 'num_play_dom', 'dom_perc', 'int_perc')",0.478565952
"('power_rating', 'gdp_usd', 'mv_usd', 'bmi', 'life_exp', 'qol', 'mv_play_dom', 'dom_perc')",0.478554694
"('power_rating', 'gdp_usd', 'mv_usd', 'bmi', 'life_exp', 'qol', 'mv_play_dom', 'int_perc')",0.478554694
"('power_rating', 'gdp_usd', 'mv_usd', 'bmi', 'life_exp', 'qol', 'mv_play_dom', 'dom_perc', 'int_perc')",0.478554694
"('power_rating', 'mv_play_int', 'dom_int_mv_ratio', 'dom_perc')",0.478433229
"('power_rating', 'mv_play_int', 'dom_int_mv_ratio', 'int_perc')",0.478433229
"('power_rating', 'mv_play_int', 'dom_int_mv_ratio', 'dom_perc', 'int_perc')",0.478433229
"('power_rating', 'gdp_usd', 'elo_rating', 'bmi', 'mv_play_dom', 'num_play_int', 'dom_int_mv_ratio')",0.478225412
"('power_rating', 'elo_rating', 'bmi', 'mv_play_dom', 'num_play_int', 'dom_int_mv_ratio')",0.478203045
"('power_rating', 'gdp_usd', 'bmi', 'life_exp', 'qol', 'mv_play_dom', 'dom_int_mv_ratio', 'dom_perc')",0.477997102
"('power_rating', 'gdp_usd', 'bmi', 'life_exp', 'qol', 'mv_play_dom', 'dom_int_mv_ratio', 'int_perc')",0.477997102
"('power_rating', 'gdp_usd', 'bmi', 'life_exp', 'qol', 'mv_play_dom', 'dom_int_mv_ratio', 'dom_perc', 'int_perc')",0.477997102
"('power_rating', 'gdp_usd', 'bmi', 'qol', 'mv_play_dom', 'dom_int_mv_ratio', 'dom_perc')",0.477950611
"('power_rating', 'gdp_usd', 'bmi', 'qol', 'mv_play_dom', 'dom_int_mv_ratio', 'int_perc')",0.477950611
"('power_rating', 'gdp_usd', 'bmi', 'qol', 'mv_play_dom', 'dom_int_mv_ratio', 'dom_perc', 'int_perc')",0.477950611
"('power_rating', 'gdp_usd', 'life_exp', 'qol', 'mv_play_dom', 'dom_int_mv_ratio', 'dom_perc')",0.477927454
"('power_rating', 'gdp_usd', 'life_exp', 'qol', 'mv_play_dom', 'dom_int_mv_ratio', 'int_perc')",0.477927454
"('power_rating', 'gdp_usd', 'life_exp', 'qol', 'mv_play_dom', 'dom_int_mv_ratio', 'dom_perc', 'int_perc')",0.477927454
"('power_rating', 'gdp_usd', 'qol', 'mv_play_dom', 'dom_int_mv_ratio', 'dom_perc')",0.477908089
"('power_rating', 'gdp_usd', 'qol', 'mv_play_dom', 'dom_int_mv_ratio', 'int_perc')",0.477908089
"('power_rating', 'gdp_usd', 'qol', 'mv_play_dom', 'dom_int_mv_ratio', 'dom_perc', 'int_perc')",0.477908089
"('power_rating', 'gdp_usd', 'mv_usd', 'elo_rating', 'bmi', 'mv_play_dom')",0.47786
"('power_rating', 'gdp_usd', 'mv_usd', 'bmi', 'qol', 'mv_play_dom', 'num_play_dom', 'dom_perc')",0.477789926
"('power_rating', 'gdp_usd', 'mv_usd', 'bmi', 'qol', 'mv_play_dom', 'num_play_dom', 'int_perc')",0.477789926
"('power_rating', 'gdp_usd', 'mv_usd', 'bmi', 'qol', 'mv_play_dom', 'num_play_dom', 'dom_perc', 'int_perc')",0.477789926
"('power_rating', 'mv_usd', 'elo_rating', 'bmi', 'num_play_dom')",0.477775372
"('power_rating', 'gdp_usd', 'mv_usd', 'bmi', 'qol', 'mv_play_dom', 'dom_perc')",0.477766775
"('power_rating', 'gdp_usd', 'mv_usd', 'bmi', 'qol', 'mv_play_dom', 'int_perc')",0.477766775
"('power_rating', 'gdp_usd', 'mv_usd', 'bmi', 'qol', 'mv_play_dom', 'dom_perc', 'int_perc')",0.477766775
"('gdp_usd', 'life_exp', 'qol', 'num_play_dom', 'num_play_int', 'dom_int_mv_ratio', 'dom_perc')",0.477758608
"('gdp_usd', 'life_exp', 'qol', 'num_play_dom', 'num_play_int', 'dom_int_mv_ratio', 'int_perc')",0.477758608
"('gdp_usd', 'life_exp', 'qol', 'num_play_dom', 'num_play_int', 'dom_int_mv_ratio', 'dom_perc', 'int_perc')",0.477758608
"('power_rating', 'gdp_usd', 'bmi', 'life_exp', 'qol', 'mv_play_dom', 'num_play_dom', 'num_play_int', 'dom_int_mv_ratio')",0.477641291
"('power_rating', 'mv_usd', 'bmi', 'life_exp', 'qol', 'num_play_dom', 'num_play_int', 'dom_int_mv_ratio')",0.477427058
"('power_rating', 'mv_usd', 'bmi', 'life_exp', 'qol', 'mv_play_dom', 'dom_int_mv_ratio', 'dom_perc')",0.477331399
"('power_rating', 'mv_usd', 'bmi', 'life_exp', 'qol', 'mv_play_dom', 'dom_int_mv_ratio', 'int_perc')",0.477331399
"('power_rating', 'mv_usd', 'bmi', 'life_exp', 'qol', 'mv_play_dom', 'dom_int_mv_ratio', 'dom_perc', 'int_perc')",0.477331399
"('power_rating', 'mv_play_int', 'dom_int_mv_ratio')",0.47729911
"('power_rating', 'mv_usd', 'bmi', 'qol', 'mv_play_dom', 'dom_int_mv_ratio', 'dom_perc')",0.47729504
"('power_rating', 'mv_usd', 'bmi', 'qol', 'mv_play_dom', 'dom_int_mv_ratio', 'int_perc')",0.47729504
"('power_rating', 'mv_usd', 'bmi', 'qol', 'mv_play_dom', 'dom_int_mv_ratio', 'dom_perc', 'int_perc')",0.47729504
"('power_rating', 'mv_usd', 'life_exp', 'qol', 'mv_play_dom', 'dom_int_mv_ratio', 'dom_perc')",0.477259295
"('power_rating', 'mv_usd', 'life_exp', 'qol', 'mv_play_dom', 'dom_int_mv_ratio', 'int_perc')",0.477259295
"('power_rating', 'mv_usd', 'life_exp', 'qol', 'mv_play_dom', 'dom_int_mv_ratio', 'dom_perc', 'int_perc')",0.477259295
"('power_rating', 'mv_usd', 'bmi', 'life_exp', 'qol', 'dom_int_mv_ratio', 'int_perc')",0.477202227
"('power_rating', 'mv_usd', 'bmi', 'life_exp', 'qol', 'dom_int_mv_ratio', 'dom_perc', 'int_perc')",0.477202227
"('power_rating', 'mv_usd', 'bmi', 'life_exp', 'qol', 'dom_int_mv_ratio', 'dom_perc')",0.477202227
"('power_rating', 'mv_usd', 'bmi', 'qol', 'dom_int_mv_ratio', 'dom_perc')",0.477180589
"('power_rating', 'mv_usd', 'bmi', 'qol', 'dom_int_mv_ratio', 'int_perc')",0.477180589
"('power_rating', 'mv_usd', 'bmi', 'qol', 'dom_int_mv_ratio', 'dom_perc', 'int_perc')",0.477180589
"('power_rating', 'mv_usd', 'qol', 'mv_play_dom', 'dom_int_mv_ratio', 'dom_perc')",0.477178268
"('power_rating', 'mv_usd', 'qol', 'mv_play_dom', 'dom_int_mv_ratio', 'int_perc')",0.477178268
"('power_rating', 'mv_usd', 'qol', 'mv_play_dom', 'dom_int_mv_ratio', 'dom_perc', 'int_perc')",0.477178268
"('power_rating', 'gdp_usd', 'elo_rating', 'bmi', 'mv_play_dom', 'dom_int_mv_ratio')",0.477150641
"('power_rating', 'mv_usd', 'life_exp', 'qol', 'dom_int_mv_ratio', 'dom_perc')",0.47713492
"('power_rating', 'mv_usd', 'life_exp', 'qol', 'dom_int_mv_ratio', 'int_perc')",0.47713492
"('power_rating', 'mv_usd', 'life_exp', 'qol', 'dom_int_mv_ratio', 'dom_perc', 'int_perc')",0.47713492
"('power_rating', 'mv_usd', 'qol', 'dom_int_mv_ratio', 'dom_perc')",0.477078241
"('power_rating', 'mv_usd', 'qol', 'dom_int_mv_ratio', 'int_perc')",0.477078241
"('power_rating', 'mv_usd', 'qol', 'dom_int_mv_ratio', 'dom_perc', 'int_perc')",0.477078241
"('power_rating', 'mv_usd', 'mv_play_dom', 'mv_play_int', 'dom_perc')",0.477054049
"('power_rating', 'mv_usd', 'mv_play_dom', 'mv_play_int', 'int_perc')",0.477054049
"('power_rating', 'mv_usd', 'mv_play_dom', 'mv_play_int', 'dom_perc', 'int_perc')",0.477054049
"('power_rating', 'gdp_usd', 'mv_usd', 'bmi', 'life_exp', 'qol', 'mv_play_dom', 'num_play_dom', 'dom_int_mv_ratio')",0.477048921
"('power_rating', 'gdp_usd', 'mv_usd', 'bmi', 'qol', 'mv_play_dom', 'num_play_dom', 'dom_int_mv_ratio')",0.477020999
"('power_rating', 'gdp_usd', 'elo_rating', 'mv_play_dom', 'num_play_int', 'dom_int_mv_ratio')",0.476963966
"('gdp_usd', 'bmi', 'life_exp', 'qol', 'num_play_dom', 'num_play_int', 'dom_int_mv_ratio')",0.476914526
"('power_rating', 'mv_usd', 'bmi', 'life_exp', 'qol', 'mv_play_dom', 'num_play_dom', 'dom_int_mv_ratio')",0.476896406
"('power_rating', 'mv_usd', 'bmi', 'qol', 'mv_play_dom', 'num_play_dom', 'dom_int_mv_ratio')",0.476818419
"('power_rating', 'elo_rating', 'bmi', 'mv_play_dom', 'dom_int_mv_ratio')",0.476759555
"('power_rating', 'gdp_usd', 'mv_play_dom', 'mv_play_int')",0.476752292
"('power_rating', 'elo_rating', 'mv_play_dom', 'num_play_int', 'dom_int_mv_ratio')",0.476751067
"('power_rating', 'mv_usd', 'bmi', 'qol', 'num_play_dom', 'num_play_int', 'dom_int_mv_ratio')",0.476514463
"('power_rating', 'gdp_usd', 'elo_rating', 'bmi', 'life_exp', 'qol', 'mv_play_dom', 'num_play_int')",0.476393536
"('power_rating', 'gdp_usd', 'mv_usd', 'life_exp', 'qol', 'mv_play_dom', 'num_play_dom', 'dom_perc')",0.476361283
"('power_rating', 'gdp_usd', 'mv_usd', 'life_exp', 'qol', 'mv_play_dom', 'num_play_dom', 'int_perc')",0.476361283
"('power_rating', 'gdp_usd', 'mv_usd', 'life_exp', 'qol', 'mv_play_dom', 'num_play_dom', 'dom_perc', 'int_perc')",0.476361283
"('power_rating', 'mv_usd', 'mv_play_int', 'dom_perc')",0.476326151
"('power_rating', 'mv_usd', 'mv_play_int', 'int_perc')",0.476326151
"('power_rating', 'mv_usd', 'mv_play_int', 'dom_perc', 'int_perc')",0.476326151
"('power_rating', 'gdp_usd', 'mv_usd', 'qol', 'mv_play_dom', 'num_play_dom', 'dom_perc')",0.476039607
"('power_rating', 'gdp_usd', 'mv_usd', 'qol', 'mv_play_dom', 'num_play_dom', 'int_perc')",0.476039607
"('power_rating', 'gdp_usd', 'mv_usd', 'qol', 'mv_play_dom', 'num_play_dom', 'dom_perc', 'int_perc')",0.476039607
"('power_rating', 'gdp_usd', 'mv_usd', 'life_exp', 'qol', 'mv_play_dom', 'dom_perc')",0.475986345
"('power_rating', 'gdp_usd', 'mv_usd', 'life_exp', 'qol', 'mv_play_dom', 'int_perc')",0.475986345
"('power_rating', 'gdp_usd', 'mv_usd', 'life_exp', 'qol', 'mv_play_dom', 'dom_perc', 'int_perc')",0.475986345
"('power_rating', 'gdp_usd', 'elo_rating', 'mv_play_dom', 'dom_int_mv_ratio')",0.475915058
"('bmi', 'life_exp', 'mv_play_int', 'num_play_int', 'dom_int_mv_ratio', 'dom_perc')",0.475859193
"('bmi', 'life_exp', 'mv_play_int', 'num_play_int', 'dom_int_mv_ratio', 'int_perc')",0.475859193
"('bmi', 'life_exp', 'mv_play_int', 'num_play_int', 'dom_int_mv_ratio', 'dom_perc', 'int_perc')",0.475859193
"('power_rating', 'gdp_usd', 'mv_usd', 'qol', 'mv_play_dom', 'dom_perc')",0.475857625
"('power_rating', 'gdp_usd', 'mv_usd', 'qol', 'mv_play_dom', 'int_perc')",0.475857625
"('power_rating', 'gdp_usd', 'mv_usd', 'qol', 'mv_play_dom', 'dom_perc', 'int_perc')",0.475857625
"('power_rating', 'gdp_usd', 'life_exp', 'qol', 'mv_play_dom', 'num_play_dom', 'num_play_int', 'dom_int_mv_ratio')",0.475670814
"('power_rating', 'gdp_usd', 'mv_usd', 'life_exp', 'qol', 'mv_play_dom', 'num_play_dom', 'dom_int_mv_ratio')",0.475606673
"('gdp_usd', 'mv_usd', 'bmi', 'qol', 'mv_play_dom', 'num_play_int', 'dom_int_mv_ratio', 'dom_perc')",0.47551883
"('gdp_usd', 'mv_usd', 'bmi', 'qol', 'mv_play_dom', 'num_play_int', 'dom_int_mv_ratio', 'int_perc')",0.47551883
"('gdp_usd', 'mv_usd', 'bmi', 'qol', 'mv_play_dom', 'num_play_int', 'dom_int_mv_ratio', 'dom_perc', 'int_perc')",0.47551883
"('power_rating', 'mv_usd', 'life_exp', 'qol', 'mv_play_dom', 'num_play_dom', 'dom_int_mv_ratio')",0.475472102
"('power_rating', 'gdp_usd', 'mv_usd', 'mv_play_dom', 'num_play_dom', 'num_play_int', 'dom_perc')",0.475438647
"('power_rating', 'gdp_usd', 'mv_usd', 'mv_play_dom', 'num_play_dom', 'num_play_int', 'int_perc')",0.475438647
"('power_rating', 'gdp_usd', 'mv_usd', 'mv_play_dom', 'num_play_dom', 'num_play_int', 'dom_perc', 'int_perc')",0.475438647
"('power_rating', 'gdp_usd', 'mv_usd', 'qol', 'mv_play_dom', 'num_play_dom', 'dom_int_mv_ratio')",0.475385434
"('power_rating', 'mv_usd', 'life_exp', 'qol', 'num_play_dom', 'num_play_int', 'dom_int_mv_ratio')",0.475325329
"('bmi', 'life_exp', 'mv_play_int', 'num_play_int', 'dom_perc')",0.475307056
"('bmi', 'life_exp', 'mv_play_int', 'num_play_int', 'int_perc')",0.475307056
"('bmi', 'life_exp', 'mv_play_int', 'num_play_int', 'dom_perc', 'int_perc')",0.475307056
"('power_rating', 'gdp_usd', 'mv_usd', 'qol', 'num_play_dom', 'num_play_int', 'dom_int_mv_ratio')",0.475291175
"('power_rating', 'elo_rating', 'bmi', 'life_exp', 'qol', 'mv_play_dom', 'num_play_int')",0.475191148
"('power_rating', 'bmi', 'mv_play_dom', 'mv_play_int')",0.475163793
"('power_rating', 'mv_usd', 'qol', 'mv_play_dom', 'num_play_dom', 'dom_int_mv_ratio')",0.475125442
"('power_rating', 'gdp_usd', 'mv_usd', 'num_play_dom', 'num_play_int', 'dom_perc')",0.475100702
"('power_rating', 'gdp_usd', 'mv_usd', 'num_play_dom', 'num_play_int', 'int_perc')",0.475100702
"('power_rating', 'gdp_usd', 'mv_usd', 'num_play_dom', 'num_play_int', 'dom_perc', 'int_perc')",0.475100702
"('power_rating', 'elo_rating', 'mv_play_dom', 'dom_int_mv_ratio')",0.474954328
"('gdp_usd', 'life_exp', 'qol', 'num_play_dom', 'num_play_int', 'dom_int_mv_ratio')",0.474883137
"('power_rating', 'mv_usd', 'mv_play_dom', 'mv_play_int')",0.474618647
"('power_rating', 'gdp_usd', 'mv_usd', 'bmi', 'life_exp', 'mv_play_dom', 'num_play_dom', 'num_play_int', 'dom_int_mv_ratio')",0.474570779
"('power_rating', 'mv_usd', 'elo_rating', 'bmi', 'mv_play_dom', 'num_play_int')",0.47445195
"('power_rating', 'gdp_usd', 'mv_usd', 'bmi', 'life_exp', 'qol', 'num_play_dom', 'dom_int_mv_ratio')",0.474430761
"('power_rating', 'mv_usd', 'elo_rating', 'bmi', 'mv_play_dom')",0.474329986
"('power_rating', 'mv_usd', 'bmi', 'life_exp', 'qol', 'num_play_dom', 'dom_int_mv_ratio')",0.474200838
"('power_rating', 'elo_rating', 'mv_play_dom', 'num_play_int', 'dom_perc')",0.474157064
"('power_rating', 'elo_rating', 'mv_play_dom', 'num_play_int', 'int_perc')",0.474157064
"('power_rating', 'elo_rating', 'mv_play_dom', 'num_play_int', 'dom_perc', 'int_perc')",0.474157064
"('power_rating', 'gdp_usd', 'mv_usd', 'bmi', 'life_exp', 'num_play_dom', 'num_play_int', 'dom_int_mv_ratio')",0.47411538
"('power_rating', 'gdp_usd', 'mv_usd', 'bmi', 'qol', 'num_play_dom', 'dom_int_mv_ratio')",0.474059887
"('power_rating', 'gdp_usd', 'bmi', 'life_exp', 'qol', 'num_play_dom', 'num_play_int', 'dom_int_mv_ratio')",0.474026345
"('power_rating', 'mv_usd', 'bmi', 'qol', 'num_play_dom', 'dom_int_mv_ratio')",0.473909374
"('power_rating', 'gdp_usd', 'bmi', 'qol', 'mv_play_dom', 'num_play_dom', 'num_play_int', 'dom_int_mv_ratio')",0.47381897
"('power_rating', 'gdp_usd', 'life_exp', 'num_play_dom', 'num_play_int', 'dom_perc')",0.473759668
"('power_rating', 'gdp_usd', 'life_exp', 'num_play_dom', 'num_play_int', 'int_perc')",0.473759668
"('power_rating', 'gdp_usd', 'life_exp', 'num_play_dom', 'num_play_int', 'dom_perc', 'int_perc')",0.473759668
"('bmi', 'life_exp', 'num_play_int', 'dom_int_mv_ratio', 'dom_perc')",0.473642561
"('bmi', 'life_exp', 'num_play_int', 'dom_int_mv_ratio', 'int_perc')",0.473642561
"('bmi', 'life_exp', 'num_play_int', 'dom_int_mv_ratio', 'dom_perc', 'int_perc')",0.473642561
"('power_rating', 'mv_usd', 'qol', 'num_play_dom', 'num_play_int', 'dom_int_mv_ratio')",0.473606414
"('power_rating', 'gdp_usd', 'mv_usd', 'elo_rating', 'life_exp', 'qol', 'dom_int_mv_ratio')",0.473567139
"('gdp_usd', 'elo_rating', 'bmi', 'life_exp', 'qol', 'mv_play_dom', 'num_play_dom', 'mv_play_int', 'dom_int_mv_ratio', 'dom_perc')",0.473285456
"('gdp_usd', 'elo_rating', 'bmi', 'life_exp', 'qol', 'mv_play_dom', 'num_play_dom', 'mv_play_int', 'dom_int_mv_ratio', 'int_perc')",0.473285456
"('gdp_usd', 'elo_rating', 'bmi', 'life_exp', 'qol', 'mv_play_dom', 'num_play_dom', 'mv_play_int', 'dom_int_mv_ratio', 'dom_perc', 'int_perc')",0.473285456
"('gdp_usd', 'elo_rating', 'bmi', 'life_exp', 'qol', 'mv_play_dom', 'num_play_dom', 'dom_int_mv_ratio', 'dom_perc')",0.473243759
"('gdp_usd', 'elo_rating', 'bmi', 'life_exp', 'qol', 'mv_play_dom', 'num_play_dom', 'dom_int_mv_ratio', 'int_perc')",0.473243759
"('gdp_usd', 'elo_rating', 'bmi', 'life_exp', 'qol', 'mv_play_dom', 'num_play_dom', 'dom_int_mv_ratio', 'dom_perc', 'int_perc')",0.473243759
"('gdp_usd', 'elo_rating', 'bmi', 'life_exp', 'qol', 'mv_play_dom', 'num_play_dom', 'mv_play_int', 'dom_perc')",0.473188782
"('gdp_usd', 'elo_rating', 'bmi', 'life_exp', 'qol', 'mv_play_dom', 'num_play_dom', 'mv_play_int', 'int_perc')",0.473188782
"('gdp_usd', 'elo_rating', 'bmi', 'life_exp', 'qol', 'mv_play_dom', 'num_play_dom', 'mv_play_int', 'dom_perc', 'int_perc')",0.473188782
"('gdp_usd', 'elo_rating', 'bmi', 'life_exp', 'qol', 'mv_play_dom', 'num_play_dom', 'dom_perc')",0.473182237
"('gdp_usd', 'elo_rating', 'bmi', 'life_exp', 'qol', 'mv_play_dom', 'num_play_dom', 'int_perc')",0.473182237
"('gdp_usd', 'elo_rating', 'bmi', 'life_exp', 'qol', 'mv_play_dom', 'num_play_dom', 'dom_perc', 'int_perc')",0.473182237
"('bmi', 'life_exp', 'qol', 'mv_play_dom', 'dom_perc')",0.473169714
"('bmi', 'life_exp', 'qol', 'mv_play_dom', 'int_perc')",0.473169714
"('bmi', 'life_exp', 'qol', 'mv_play_dom', 'dom_perc', 'int_perc')",0.473169714
"('gdp_usd', 'bmi', 'life_exp', 'qol', 'mv_play_dom', 'num_play_dom', 'mv_play_int', 'dom_int_mv_ratio', 'dom_perc')",0.473163453
"('gdp_usd', 'bmi', 'life_exp', 'qol', 'mv_play_dom', 'num_play_dom', 'mv_play_int', 'dom_int_mv_ratio', 'int_perc')",0.473163453
"('gdp_usd', 'bmi', 'life_exp', 'qol', 'mv_play_dom', 'num_play_dom', 'mv_play_int', 'dom_int_mv_ratio', 'dom_perc', 'int_perc')",0.473163453
"('power_rating', 'mv_usd', 'elo_rating', 'life_exp', 'qol', 'dom_int_mv_ratio')",0.473024454
"('gdp_usd', 'bmi', 'life_exp', 'qol', 'mv_play_dom', 'num_play_dom', 'mv_play_int', 'dom_perc')",0.473005794
"('gdp_usd', 'bmi', 'life_exp', 'qol', 'mv_play_dom', 'num_play_dom', 'mv_play_int', 'int_perc')",0.473005794
"('gdp_usd', 'bmi', 'life_exp', 'qol', 'mv_play_dom', 'num_play_dom', 'mv_play_int', 'dom_perc', 'int_perc')",0.473005794
"('gdp_usd', 'elo_rating', 'life_exp', 'qol', 'mv_play_dom', 'num_play_dom', 'mv_play_int', 'dom_int_mv_ratio', 'dom_perc')",0.47293503
"('gdp_usd', 'elo_rating', 'life_exp', 'qol', 'mv_play_dom', 'num_play_dom', 'mv_play_int', 'dom_int_mv_ratio', 'int_perc')",0.47293503
"('gdp_usd', 'elo_rating', 'life_exp', 'qol', 'mv_play_dom', 'num_play_dom', 'mv_play_int', 'dom_int_mv_ratio', 'dom_perc', 'int_perc')",0.47293503
"('gdp_usd', 'bmi', 'life_exp', 'qol', 'mv_play_dom', 'num_play_dom', 'dom_int_mv_ratio', 'dom_perc')",0.472878149
"('gdp_usd', 'bmi', 'life_exp', 'qol', 'mv_play_dom', 'num_play_dom', 'dom_int_mv_ratio', 'int_perc')",0.472878149
"('gdp_usd', 'bmi', 'life_exp', 'qol', 'mv_play_dom', 'num_play_dom', 'dom_int_mv_ratio', 'dom_perc', 'int_perc')",0.472878149
"('gdp_usd', 'life_exp', 'qol', 'mv_play_dom', 'num_play_dom', 'mv_play_int', 'dom_int_mv_ratio', 'dom_perc')",0.472868889
"('gdp_usd', 'life_exp', 'qol', 'mv_play_dom', 'num_play_dom', 'mv_play_int', 'dom_int_mv_ratio', 'int_perc')",0.472868889
"('gdp_usd', 'life_exp', 'qol', 'mv_play_dom', 'num_play_dom', 'mv_play_int', 'dom_int_mv_ratio', 'dom_perc', 'int_perc')",0.472868889
"('gdp_usd', 'elo_rating', 'life_exp', 'qol', 'mv_play_dom', 'num_play_dom', 'dom_int_mv_ratio', 'dom_perc')",0.472863068
"('gdp_usd', 'elo_rating', 'life_exp', 'qol', 'mv_play_dom', 'num_play_dom', 'dom_int_mv_ratio', 'int_perc')",0.472863068
"('gdp_usd', 'elo_rating', 'life_exp', 'qol', 'mv_play_dom', 'num_play_dom', 'dom_int_mv_ratio', 'dom_perc', 'int_perc')",0.472863068
"('power_rating', 'gdp_usd', 'mv_usd', 'life_exp', 'qol', 'num_play_dom', 'dom_int_mv_ratio')",0.472855328
"('gdp_usd', 'bmi', 'life_exp', 'qol', 'mv_play_dom', 'num_play_dom', 'dom_perc')",0.472832478
"('gdp_usd', 'bmi', 'life_exp', 'qol', 'mv_play_dom', 'num_play_dom', 'int_perc')",0.472832478
"('gdp_usd', 'bmi', 'life_exp', 'qol', 'mv_play_dom', 'num_play_dom', 'dom_perc', 'int_perc')",0.472832478
"('gdp_usd', 'elo_rating', 'life_exp', 'qol', 'mv_play_dom', 'num_play_dom', 'mv_play_int', 'dom_perc')",0.472769214
"('gdp_usd', 'elo_rating', 'life_exp', 'qol', 'mv_play_dom', 'num_play_dom', 'mv_play_int', 'int_perc')",0.472769214
"('gdp_usd', 'elo_rating', 'life_exp', 'qol', 'mv_play_dom', 'num_play_dom', 'mv_play_int', 'dom_perc', 'int_perc')",0.472769214
"('gdp_usd', 'elo_rating', 'life_exp', 'qol', 'mv_play_dom', 'num_play_dom', 'dom_perc')",0.472757017
"('gdp_usd', 'elo_rating', 'life_exp', 'qol', 'mv_play_dom', 'num_play_dom', 'int_perc')",0.472757017
"('gdp_usd', 'elo_rating', 'life_exp', 'qol', 'mv_play_dom', 'num_play_dom', 'dom_perc', 'int_perc')",0.472757017
"('gdp_usd', 'mv_usd', 'qol', 'mv_play_dom', 'num_play_int', 'dom_int_mv_ratio', 'dom_perc')",0.472669102
"('gdp_usd', 'mv_usd', 'qol', 'mv_play_dom', 'num_play_int', 'dom_int_mv_ratio', 'int_perc')",0.472669102
"('gdp_usd', 'mv_usd', 'qol', 'mv_play_dom', 'num_play_int', 'dom_int_mv_ratio', 'dom_perc', 'int_perc')",0.472669102
"('power_rating', 'gdp_usd', 'life_exp', 'qol', 'num_play_dom', 'num_play_int', 'dom_int_mv_ratio')",0.47266092
"('gdp_usd', 'life_exp', 'qol', 'mv_play_dom', 'num_play_dom', 'mv_play_int', 'dom_perc', 'int_perc')",0.472650086
"('gdp_usd', 'life_exp', 'qol', 'mv_play_dom', 'num_play_dom', 'mv_play_int', 'dom_perc')",0.472650086
"('gdp_usd', 'life_exp', 'qol', 'mv_play_dom', 'num_play_dom', 'mv_play_int', 'int_perc')",0.472650086
"('power_rating', 'gdp_usd', 'mv_usd', 'bmi', 'life_exp', 'qol', 'num_play_dom', 'dom_perc')",0.47261353
"('power_rating', 'gdp_usd', 'mv_usd', 'bmi', 'life_exp', 'qol', 'num_play_dom', 'int_perc')",0.47261353
"('power_rating', 'gdp_usd', 'mv_usd', 'bmi', 'life_exp', 'qol', 'num_play_dom', 'dom_perc', 'int_perc')",0.47261353
"('gdp_usd', 'life_exp', 'qol', 'mv_play_dom', 'num_play_dom', 'dom_int_mv_ratio', 'dom_perc')",0.472579046
"('gdp_usd', 'life_exp', 'qol', 'mv_play_dom', 'num_play_dom', 'dom_int_mv_ratio', 'int_perc')",0.472579046
"('gdp_usd', 'life_exp', 'qol', 'mv_play_dom', 'num_play_dom', 'dom_int_mv_ratio', 'dom_perc', 'int_perc')",0.472579046
"('power_rating', 'mv_usd', 'life_exp', 'qol', 'num_play_dom', 'dom_int_mv_ratio')",0.472571758
"('power_rating', 'mv_usd', 'mv_play_dom', 'num_play_dom', 'num_play_int', 'dom_perc')",0.472568158
"('power_rating', 'mv_usd', 'mv_play_dom', 'num_play_dom', 'num_play_int', 'int_perc')",0.472568158
"('power_rating', 'mv_usd', 'mv_play_dom', 'num_play_dom', 'num_play_int', 'dom_perc', 'int_perc')",0.472568158
"('power_rating', 'gdp_usd', 'mv_usd', 'bmi', 'qol', 'num_play_dom', 'dom_perc')",0.472505092
"('power_rating', 'gdp_usd', 'mv_usd', 'bmi', 'qol', 'num_play_dom', 'int_perc')",0.472505092
"('power_rating', 'gdp_usd', 'mv_usd', 'bmi', 'qol', 'num_play_dom', 'dom_perc', 'int_perc')",0.472505092
"('gdp_usd', 'life_exp', 'qol', 'mv_play_dom', 'num_play_dom', 'dom_perc')",0.472496503
"('gdp_usd', 'life_exp', 'qol', 'mv_play_dom', 'num_play_dom', 'int_perc')",0.472496503
"('gdp_usd', 'life_exp', 'qol', 'mv_play_dom', 'num_play_dom', 'dom_perc', 'int_perc')",0.472496503
"('power_rating', 'bmi', 'life_exp', 'qol', 'num_play_dom', 'num_play_int', 'dom_perc')",0.472464171
"('power_rating', 'bmi', 'life_exp', 'qol', 'num_play_dom', 'num_play_int', 'int_perc')",0.472464171
"('power_rating', 'bmi', 'life_exp', 'qol', 'num_play_dom', 'num_play_int', 'dom_perc', 'int_perc')",0.472464171
"('power_rating', 'gdp_usd', 'mv_usd', 'bmi', 'life_exp', 'qol', 'dom_perc')",0.472406395
"('power_rating', 'gdp_usd', 'mv_usd', 'bmi', 'life_exp', 'qol', 'int_perc')",0.472406395
"('power_rating', 'gdp_usd', 'mv_usd', 'bmi', 'life_exp', 'qol', 'dom_perc', 'int_perc')",0.472406395
"('power_rating', 'gdp_usd', 'mv_usd', 'elo_rating', 'qol', 'dom_int_mv_ratio')",0.472370267
"('power_rating', 'gdp_usd', 'mv_usd', 'bmi', 'qol', 'dom_perc')",0.472198608
"('power_rating', 'gdp_usd', 'mv_usd', 'bmi', 'qol', 'int_perc')",0.472198608
"('power_rating', 'gdp_usd', 'mv_usd', 'bmi', 'qol', 'dom_perc', 'int_perc')",0.472198608
"('power_rating', 'gdp_usd', 'bmi', 'life_exp', 'mv_play_dom', 'num_play_dom', 'num_play_int', 'dom_int_mv_ratio')",0.472109018
"('power_rating', 'elo_rating', 'bmi', 'mv_play_dom', 'num_play_dom', 'num_play_int')",0.472067832
"('power_rating', 'elo_rating', 'bmi', 'num_play_dom', 'num_play_int')",0.472067088
"('power_rating', 'gdp_usd', 'mv_usd', 'qol', 'num_play_dom', 'dom_int_mv_ratio')",0.47192121
"('power_rating', 'mv_usd', 'qol', 'num_play_dom', 'dom_int_mv_ratio')",0.471769616
"('power_rating', 'mv_usd', 'elo_rating', 'qol', 'dom_int_mv_ratio')",0.471573986
"('power_rating', 'mv_usd', 'mv_play_int')",0.471521495
"('power_rating', 'mv_usd', 'num_play_dom', 'num_play_int', 'dom_perc')",0.471432729
"('power_rating', 'mv_usd', 'num_play_dom', 'num_play_int', 'int_perc')",0.471432729
"('power_rating', 'mv_usd', 'num_play_dom', 'num_play_int', 'dom_perc', 'int_perc')",0.471432729
"('bmi', 'life_exp', 'mv_play_dom', 'num_play_int', 'dom_perc')",0.471138852
"('bmi', 'life_exp', 'mv_play_dom', 'num_play_int', 'int_perc')",0.471138852
"('bmi', 'life_exp', 'mv_play_dom', 'num_play_int', 'dom_perc', 'int_perc')",0.471138852
"('gdp_usd', 'mv_usd', 'elo_rating', 'bmi', 'qol', 'num_play_dom', 'mv_play_int', 'num_play_int', 'dom_perc')",0.470699808
"('gdp_usd', 'mv_usd', 'elo_rating', 'bmi', 'qol', 'num_play_dom', 'mv_play_int', 'num_play_int', 'int_perc')",0.470699808
"('gdp_usd', 'mv_usd', 'elo_rating', 'bmi', 'qol', 'num_play_dom', 'mv_play_int', 'num_play_int', 'dom_perc', 'int_perc')",0.470699808
"('power_rating', 'bmi', 'life_exp', 'qol', 'mv_play_dom', 'num_play_dom', 'num_play_int', 'dom_int_mv_ratio')",0.470696313
"('power_rating', 'gdp_usd', 'elo_rating', 'bmi', 'qol', 'mv_play_dom', 'num_play_int')",0.470688042
"('power_rating', 'elo_rating', 'num_play_int', 'dom_perc')",0.470636635
"('power_rating', 'elo_rating', 'num_play_int', 'int_perc')",0.470636635
"('power_rating', 'elo_rating', 'num_play_int', 'dom_perc', 'int_perc')",0.470636635
"('gdp_usd', 'mv_usd', 'bmi', 'qol', 'num_play_dom', 'mv_play_int', 'num_play_int', 'dom_perc')",0.47062918
"('gdp_usd', 'mv_usd', 'bmi', 'qol', 'num_play_dom', 'mv_play_int', 'num_play_int', 'int_perc')",0.47062918
"('gdp_usd', 'mv_usd', 'bmi', 'qol', 'num_play_dom', 'mv_play_int', 'num_play_int', 'dom_perc', 'int_perc')",0.47062918
"('power_rating', 'gdp_usd', 'qol', 'mv_play_dom', 'num_play_dom', 'num_play_int', 'dom_int_mv_ratio')",0.470546769
"('power_rating', 'gdp_usd', 'elo_rating', 'mv_play_dom', 'num_play_dom', 'dom_perc')",0.470034568
"('power_rating', 'gdp_usd', 'elo_rating', 'mv_play_dom', 'num_play_dom', 'int_perc')",0.470034568
"('power_rating', 'gdp_usd', 'elo_rating', 'mv_play_dom', 'num_play_dom', 'dom_perc', 'int_perc')",0.470034568
"('power_rating', 'gdp_usd', 'elo_rating', 'mv_play_dom', 'dom_perc')",0.470034382
"('power_rating', 'gdp_usd', 'elo_rating', 'mv_play_dom', 'int_perc')",0.470034382
"('power_rating', 'gdp_usd', 'elo_rating', 'mv_play_dom', 'dom_perc', 'int_perc')",0.470034382
"('gdp_usd', 'mv_usd', 'elo_rating', 'bmi', 'qol', 'num_play_dom', 'num_play_int', 'dom_perc')",0.469940976
"('gdp_usd', 'mv_usd', 'elo_rating', 'bmi', 'qol', 'num_play_dom', 'num_play_int', 'int_perc')",0.469940976
"('gdp_usd', 'mv_usd', 'elo_rating', 'bmi', 'qol', 'num_play_dom', 'num_play_int', 'dom_perc', 'int_perc')",0.469940976
"('gdp_usd', 'bmi', 'life_exp', 'qol', 'num_play_dom', 'num_play_int', 'dom_perc')",0.469891035
"('gdp_usd', 'bmi', 'life_exp', 'qol', 'num_play_dom', 'num_play_int', 'int_perc')",0.469891035
"('gdp_usd', 'bmi', 'life_exp', 'qol', 'num_play_dom', 'num_play_int', 'dom_perc', 'int_perc')",0.469891035
"('gdp_usd', 'mv_usd', 'bmi', 'qol', 'num_play_dom', 'num_play_int', 'dom_perc')",0.46988679
"('gdp_usd', 'mv_usd', 'bmi', 'qol', 'num_play_dom', 'num_play_int', 'int_perc')",0.46988679
"('gdp_usd', 'mv_usd', 'bmi', 'qol', 'num_play_dom', 'num_play_int', 'dom_perc', 'int_perc')",0.46988679
"('power_rating', 'gdp_usd', 'mv_usd', 'life_exp', 'qol', 'num_play_dom', 'dom_perc')",0.469886754
"('power_rating', 'gdp_usd', 'mv_usd', 'life_exp', 'qol', 'num_play_dom', 'int_perc')",0.469886754
"('power_rating', 'gdp_usd', 'mv_usd', 'life_exp', 'qol', 'num_play_dom', 'dom_perc', 'int_perc')",0.469886754
"('power_rating', 'gdp_usd', 'mv_usd', 'life_exp', 'qol', 'dom_perc')",0.469882521
"('power_rating', 'gdp_usd', 'mv_usd', 'life_exp', 'qol', 'int_perc')",0.469882521
"('power_rating', 'gdp_usd', 'mv_usd', 'life_exp', 'qol', 'dom_perc', 'int_perc')",0.469882521
"('power_rating', 'gdp_usd', 'mv_usd', 'qol', 'num_play_dom', 'dom_perc')",0.469881227
"('power_rating', 'gdp_usd', 'mv_usd', 'qol', 'num_play_dom', 'int_perc')",0.469881227
"('power_rating', 'gdp_usd', 'mv_usd', 'qol', 'num_play_dom', 'dom_perc', 'int_perc')",0.469881227
"('power_rating', 'gdp_usd', 'mv_usd', 'qol', 'dom_perc')",0.469871757
"('power_rating', 'gdp_usd', 'mv_usd', 'qol', 'int_perc')",0.469871757
"('power_rating', 'gdp_usd', 'mv_usd', 'qol', 'dom_perc', 'int_perc')",0.469871757
"('power_rating', 'gdp_usd', 'elo_rating', 'life_exp', 'qol', 'mv_play_dom', 'num_play_int')",0.46986569
"('bmi', 'life_exp', 'num_play_int', 'dom_perc')",0.469575961
"('bmi', 'life_exp', 'num_play_int', 'int_perc')",0.469575961
"('bmi', 'life_exp', 'num_play_int', 'dom_perc', 'int_perc')",0.469575961
"('power_rating', 'bmi', 'life_exp', 'qol', 'mv_play_dom', 'dom_int_mv_ratio', 'dom_perc')",0.469539176
"('power_rating', 'bmi', 'life_exp', 'qol', 'mv_play_dom', 'dom_int_mv_ratio', 'int_perc')",0.469539176
"('power_rating', 'bmi', 'life_exp', 'qol', 'mv_play_dom', 'dom_int_mv_ratio', 'dom_perc', 'int_perc')",0.469539176
"('power_rating', 'gdp_usd', 'bmi', 'qol', 'num_play_dom', 'num_play_int', 'dom_int_mv_ratio')",0.469513653
"('power_rating', 'bmi', 'qol', 'mv_play_dom', 'dom_int_mv_ratio', 'dom_perc')",0.469505228
"('power_rating', 'bmi', 'qol', 'mv_play_dom', 'dom_int_mv_ratio', 'int_perc')",0.469505228
"('power_rating', 'bmi', 'qol', 'mv_play_dom', 'dom_int_mv_ratio', 'dom_perc', 'int_perc')",0.469505228
"('power_rating', 'gdp_usd', 'elo_rating', 'num_play_dom', 'dom_perc')",0.469437385
"('power_rating', 'gdp_usd', 'elo_rating', 'num_play_dom', 'int_perc')",0.469437385
"('power_rating', 'gdp_usd', 'elo_rating', 'num_play_dom', 'dom_perc', 'int_perc')",0.469437385
"('power_rating', 'gdp_usd', 'elo_rating', 'dom_perc')",0.469434742
"('power_rating', 'gdp_usd', 'elo_rating', 'int_perc')",0.469434742
"('power_rating', 'gdp_usd', 'elo_rating', 'dom_perc', 'int_perc')",0.469434742
"('power_rating', 'life_exp', 'qol', 'mv_play_dom', 'dom_int_mv_ratio', 'dom_perc')",0.469329596
"('power_rating', 'life_exp', 'qol', 'mv_play_dom', 'dom_int_mv_ratio', 'int_perc')",0.469329596
"('power_rating', 'life_exp', 'qol', 'mv_play_dom', 'dom_int_mv_ratio', 'dom_perc', 'int_perc')",0.469329596
"('power_rating', 'qol', 'mv_play_dom', 'dom_int_mv_ratio', 'dom_perc')",0.469326951
"('power_rating', 'qol', 'mv_play_dom', 'dom_int_mv_ratio', 'int_perc')",0.469326951
"('power_rating', 'qol', 'mv_play_dom', 'dom_int_mv_ratio', 'dom_perc', 'int_perc')",0.469326951
"('power_rating', 'bmi', 'qol', 'mv_play_dom', 'num_play_dom', 'num_play_int', 'dom_int_mv_ratio')",0.469305708
"('power_rating', 'life_exp', 'qol', 'mv_play_dom', 'num_play_dom', 'num_play_int', 'dom_int_mv_ratio')",0.469064581
"('power_rating', 'elo_rating', 'bmi', 'mv_play_dom', 'num_play_dom')",0.469048656
"('power_rating', 'elo_rating', 'bmi', 'num_play_dom')",0.469035129
"('power_rating', 'elo_rating', 'bmi', 'life_exp', 'qol', 'num_play_int', 'dom_int_mv_ratio')",0.468999636
"('power_rating', 'life_exp', 'qol', 'num_play_dom', 'num_play_int', 'dom_perc')",0.46881061
"('power_rating', 'life_exp', 'qol', 'num_play_dom', 'num_play_int', 'int_perc')",0.46881061
"('power_rating', 'life_exp', 'qol', 'num_play_dom', 'num_play_int', 'dom_perc', 'int_perc')",0.46881061
"('power_rating', 'gdp_usd', 'elo_rating', 'bmi', 'life_exp', 'qol', 'mv_play_dom')",0.468691619
"('power_rating', 'elo_rating', 'bmi', 'life_exp', 'qol', 'mv_play_dom')",0.468623037
"('gdp_usd', 'life_exp', 'qol', 'num_play_dom', 'num_play_int', 'dom_perc', 'int_perc')",0.468471677
"('gdp_usd', 'life_exp', 'qol', 'num_play_dom', 'num_play_int', 'dom_perc')",0.468471677
"('gdp_usd', 'life_exp', 'qol', 'num_play_dom', 'num_play_int', 'int_perc')",0.468471677
"('power_rating', 'gdp_usd', 'bmi', 'life_exp', 'qol', 'mv_play_dom', 'num_play_dom', 'dom_int_mv_ratio')",0.468308079
"('power_rating', 'gdp_usd', 'bmi', 'life_exp', 'num_play_dom', 'num_play_int', 'dom_int_mv_ratio')",0.468197742
"('power_rating', 'mv_play_dom', 'mv_play_int', 'dom_perc')",0.468174293
"('power_rating', 'mv_play_dom', 'mv_play_int', 'int_perc')",0.468174293
"('power_rating', 'mv_play_dom', 'mv_play_int', 'dom_perc', 'int_perc')",0.468174293
"('power_rating', 'elo_rating', 'bmi', 'qol', 'num_play_int', 'dom_int_mv_ratio')",0.467881818
"('power_rating', 'gdp_usd', 'mv_usd', 'life_exp', 'mv_play_dom', 'num_play_dom', 'num_play_int', 'dom_int_mv_ratio')",0.467755739
"('gdp_usd', 'mv_usd', 'elo_rating', 'bmi', 'qol', 'num_play_dom', 'mv_play_int', 'dom_perc')",0.467744831
"('gdp_usd', 'mv_usd', 'elo_rating', 'bmi', 'qol', 'num_play_dom', 'mv_play_int', 'int_perc')",0.467744831
"('gdp_usd', 'mv_usd', 'elo_rating', 'bmi', 'qol', 'num_play_dom', 'mv_play_int', 'dom_perc', 'int_perc')",0.467744831
"('gdp_usd', 'mv_usd', 'bmi', 'qol', 'num_play_dom', 'mv_play_int', 'dom_perc')",0.467699329
"('gdp_usd', 'mv_usd', 'bmi', 'qol', 'num_play_dom', 'mv_play_int', 'dom_perc', 'int_perc')",0.467699329
"('gdp_usd', 'mv_usd', 'bmi', 'qol', 'num_play_dom', 'mv_play_int', 'int_perc')",0.467699329
"('power_rating', 'elo_rating', 'mv_play_dom', 'num_play_dom', 'dom_perc')",0.467617279
"('power_rating', 'elo_rating', 'mv_play_dom', 'num_play_dom', 'int_perc')",0.467617279
"('power_rating', 'elo_rating', 'mv_play_dom', 'num_play_dom', 'dom_perc', 'int_perc')",0.467617279
"('power_rating', 'gdp_usd', 'mv_usd', 'life_exp', 'num_play_dom', 'num_play_int', 'dom_int_mv_ratio')",0.467528807
"('power_rating', 'gdp_usd', 'bmi', 'qol', 'mv_play_dom', 'num_play_dom', 'dom_int_mv_ratio')",0.46740763
"('power_rating', 'elo_rating', 'bmi', 'qol', 'mv_play_dom', 'num_play_int')",0.467139865
"('power_rating', 'gdp_usd', 'life_exp', 'qol', 'mv_play_dom', 'num_play_dom', 'dom_int_mv_ratio')",0.467080471
"('power_rating', 'elo_rating', 'life_exp', 'qol', 'mv_play_dom', 'num_play_int')",0.467053974
"('power_rating', 'gdp_usd', 'elo_rating', 'qol', 'mv_play_dom', 'num_play_int')",0.467045042
"('gdp_usd', 'elo_rating', 'bmi', 'life_exp', 'qol', 'num_play_dom', 'mv_play_int', 'dom_int_mv_ratio', 'dom_perc')",0.467019815
"('gdp_usd', 'elo_rating', 'bmi', 'life_exp', 'qol', 'num_play_dom', 'mv_play_int', 'dom_int_mv_ratio', 'int_perc')",0.467019815
"('gdp_usd', 'elo_rating', 'bmi', 'life_exp', 'qol', 'num_play_dom', 'mv_play_int', 'dom_int_mv_ratio', 'dom_perc', 'int_perc')",0.467019815
"('gdp_usd', 'elo_rating', 'bmi', 'life_exp', 'qol', 'num_play_dom', 'dom_int_mv_ratio', 'dom_perc')",0.46701884
"('gdp_usd', 'elo_rating', 'bmi', 'life_exp', 'qol', 'num_play_dom', 'dom_int_mv_ratio', 'int_perc')",0.46701884
"('gdp_usd', 'elo_rating', 'bmi', 'life_exp', 'qol', 'num_play_dom', 'dom_int_mv_ratio', 'dom_perc', 'int_perc')",0.46701884
"('power_rating', 'gdp_usd', 'qol', 'num_play_dom', 'num_play_int', 'dom_int_mv_ratio')",0.467015833
"('power_rating', 'bmi', 'life_exp', 'qol', 'mv_play_dom', 'num_play_dom', 'dom_int_mv_ratio')",0.466912849
"('gdp_usd', 'bmi', 'life_exp', 'qol', 'num_play_dom', 'num_play_int')",0.46689244
"('power_rating', 'qol', 'mv_play_dom', 'num_play_dom', 'num_play_int', 'dom_int_mv_ratio')",0.466837447
"('power_rating', 'elo_rating', 'num_play_dom', 'dom_perc')",0.466770985
"('power_rating', 'elo_rating', 'num_play_dom', 'int_perc')",0.466770985
"('power_rating', 'elo_rating', 'num_play_dom', 'dom_perc', 'int_perc')",0.466770985
"('gdp_usd', 'mv_usd', 'elo_rating', 'bmi', 'qol', 'num_play_dom', 'dom_perc')",0.466749916
"('gdp_usd', 'mv_usd', 'elo_rating', 'bmi', 'qol', 'num_play_dom', 'int_perc')",0.466749916
"('gdp_usd', 'mv_usd', 'elo_rating', 'bmi', 'qol', 'num_play_dom', 'dom_perc', 'int_perc')",0.466749916
"('power_rating', 'elo_rating', 'mv_play_dom', 'dom_perc')",0.46662707
"('power_rating', 'elo_rating', 'mv_play_dom', 'int_perc')",0.46662707
"('power_rating', 'elo_rating', 'mv_play_dom', 'dom_perc', 'int_perc')",0.46662707
"('power_rating', 'bmi', 'qol', 'mv_play_dom', 'num_play_dom', 'dom_int_mv_ratio')",0.466328299
"('power_rating', 'gdp_usd', 'life_exp', 'mv_play_dom', 'num_play_dom', 'num_play_int', 'dom_int_mv_ratio')",0.46625329
"('power_rating', 'gdp_usd', 'mv_usd', 'elo_rating', 'bmi', 'life_exp', 'num_play_int', 'dom_int_mv_ratio')",0.466186834
"('gdp_usd', 'elo_rating', 'bmi', 'life_exp', 'qol', 'num_play_dom', 'mv_play_int', 'dom_perc')",0.466134622
"('gdp_usd', 'elo_rating', 'bmi', 'life_exp', 'qol', 'num_play_dom', 'mv_play_int', 'int_perc')",0.466134622
"('gdp_usd', 'elo_rating', 'bmi', 'life_exp', 'qol', 'num_play_dom', 'mv_play_int', 'dom_perc', 'int_perc')",0.466134622
"('power_rating', 'mv_usd', 'bmi', 'life_exp', 'qol', 'mv_play_dom', 'num_play_dom', 'dom_perc')",0.4659966
"('power_rating', 'mv_usd', 'bmi', 'life_exp', 'qol', 'mv_play_dom', 'num_play_dom', 'int_perc')",0.4659966
"('power_rating', 'mv_usd', 'bmi', 'life_exp', 'qol', 'mv_play_dom', 'num_play_dom', 'dom_perc', 'int_perc')",0.4659966
"('gdp_usd', 'elo_rating', 'bmi', 'life_exp', 'qol', 'num_play_dom', 'int_perc')",0.465966973
"('gdp_usd', 'elo_rating', 'bmi', 'life_exp', 'qol', 'num_play_dom', 'dom_perc')",0.465966973
"('gdp_usd', 'elo_rating', 'bmi', 'life_exp', 'qol', 'num_play_dom', 'dom_perc', 'int_perc')",0.465966973
"('power_rating', 'bmi', 'life_exp', 'qol', 'num_play_dom', 'num_play_int', 'dom_int_mv_ratio')",0.46596503
"('power_rating', 'mv_usd', 'mv_play_dom', 'num_play_int', 'dom_int_mv_ratio', 'dom_perc')",0.465951031
"('power_rating', 'mv_usd', 'mv_play_dom', 'num_play_int', 'dom_int_mv_ratio', 'int_perc')",0.465951031
"('power_rating', 'mv_usd', 'mv_play_dom', 'num_play_int', 'dom_int_mv_ratio', 'dom_perc', 'int_perc')",0.465951031
"('power_rating', 'gdp_usd', 'num_play_int', 'dom_int_mv_ratio', 'dom_perc')",0.465930114
"('power_rating', 'gdp_usd', 'num_play_int', 'dom_int_mv_ratio', 'int_perc')",0.465930114
"('power_rating', 'gdp_usd', 'num_play_int', 'dom_int_mv_ratio', 'dom_perc', 'int_perc')",0.465930114
"('power_rating', 'mv_usd', 'num_play_int', 'dom_int_mv_ratio', 'dom_perc')",0.465929886
"('power_rating', 'mv_usd', 'num_play_int', 'dom_int_mv_ratio', 'int_perc')",0.465929886
"('power_rating', 'mv_usd', 'num_play_int', 'dom_int_mv_ratio', 'dom_perc', 'int_perc')",0.465929886
"('power_rating', 'gdp_usd', 'elo_rating', 'life_exp', 'qol', 'num_play_int', 'dom_int_mv_ratio')",0.465924389
"('power_rating', 'mv_usd', 'bmi', 'qol', 'mv_play_dom', 'num_play_dom', 'dom_perc')",0.465907462
"('power_rating', 'mv_usd', 'bmi', 'qol', 'mv_play_dom', 'num_play_dom', 'int_perc')",0.465907462
"('power_rating', 'mv_usd', 'bmi', 'qol', 'mv_play_dom', 'num_play_dom', 'dom_perc', 'int_perc')",0.465907462
"('power_rating', 'gdp_usd', 'mv_usd', 'elo_rating', 'mv_play_dom', 'num_play_int')",0.465875824
"('gdp_usd', 'elo_rating', 'life_exp', 'qol', 'num_play_dom', 'mv_play_int', 'dom_int_mv_ratio', 'dom_perc')",0.465830667
"('gdp_usd', 'elo_rating', 'life_exp', 'qol', 'num_play_dom', 'mv_play_int', 'dom_int_mv_ratio', 'int_perc')",0.465830667
"('gdp_usd', 'elo_rating', 'life_exp', 'qol', 'num_play_dom', 'mv_play_int', 'dom_int_mv_ratio', 'dom_perc', 'int_perc')",0.465830667
"('gdp_usd', 'mv_usd', 'bmi', 'qol', 'num_play_dom', 'dom_perc')",0.465826628
"('gdp_usd', 'mv_usd', 'bmi', 'qol', 'num_play_dom', 'dom_perc', 'int_perc')",0.465826628
"('gdp_usd', 'mv_usd', 'bmi', 'qol', 'num_play_dom', 'int_perc')",0.465826628
"('gdp_usd', 'elo_rating', 'life_exp', 'qol', 'num_play_dom', 'dom_int_mv_ratio', 'dom_perc')",0.465826189
"('gdp_usd', 'elo_rating', 'life_exp', 'qol', 'num_play_dom', 'dom_int_mv_ratio', 'int_perc')",0.465826189
"('gdp_usd', 'elo_rating', 'life_exp', 'qol', 'num_play_dom', 'dom_int_mv_ratio', 'dom_perc', 'int_perc')",0.465826189
"('gdp_usd', 'mv_usd', 'elo_rating', 'bmi', 'life_exp', 'mv_play_dom', 'num_play_dom', 'mv_play_int', 'num_play_int', 'dom_int_mv_ratio', 'dom_perc')",0.465677641
"('gdp_usd', 'mv_usd', 'elo_rating', 'bmi', 'life_exp', 'mv_play_dom', 'num_play_dom', 'mv_play_int', 'num_play_int', 'dom_int_mv_ratio', 'int_perc')",0.465677641
"('gdp_usd', 'mv_usd', 'elo_rating', 'bmi', 'life_exp', 'mv_play_dom', 'num_play_dom', 'mv_play_int', 'num_play_int', 'dom_int_mv_ratio', 'dom_perc', 'int_perc')",0.465677641
"('power_rating', 'life_exp', 'qol', 'mv_play_dom', 'num_play_dom', 'dom_int_mv_ratio')",0.465671607
"('gdp_usd', 'mv_usd', 'bmi', 'life_exp', 'qol', 'mv_play_dom', 'num_play_dom', 'mv_play_int', 'dom_int_mv_ratio')",0.465520744
"('power_rating', 'gdp_usd', 'qol', 'mv_play_dom', 'num_play_dom', 'dom_int_mv_ratio')",0.465510926
"('gdp_usd', 'mv_usd', 'elo_rating', 'bmi', 'life_exp', 'mv_play_dom', 'num_play_dom', 'num_play_int', 'dom_int_mv_ratio', 'dom_perc')",0.465444024
"('gdp_usd', 'mv_usd', 'elo_rating', 'bmi', 'life_exp', 'mv_play_dom', 'num_play_dom', 'num_play_int', 'dom_int_mv_ratio', 'int_perc')",0.465444024
"('gdp_usd', 'mv_usd', 'elo_rating', 'bmi', 'life_exp', 'mv_play_dom', 'num_play_dom', 'num_play_int', 'dom_int_mv_ratio', 'dom_perc', 'int_perc')",0.465444024
"('power_rating', 'elo_rating', 'dom_perc')",0.465429907
"('power_rating', 'elo_rating', 'int_perc')",0.465429907
"('power_rating', 'elo_rating', 'dom_perc', 'int_perc')",0.465429907
"('gdp_usd', 'life_exp', 'qol', 'num_play_dom', 'num_play_int')",0.465406623
"('gdp_usd', 'mv_usd', 'life_exp', 'qol', 'mv_play_dom', 'num_play_dom', 'mv_play_int', 'dom_int_mv_ratio')",0.465405084
"('power_rating', 'mv_usd', 'elo_rating', 'bmi', 'life_exp', 'num_play_int', 'dom_int_mv_ratio')",0.465368172
"('gdp_usd', 'elo_rating', 'life_exp', 'qol', 'num_play_dom', 'mv_play_int', 'dom_perc')",0.465091293
"('gdp_usd', 'elo_rating', 'life_exp', 'qol', 'num_play_dom', 'mv_play_int', 'int_perc')",0.465091293
"('gdp_usd', 'elo_rating', 'life_exp', 'qol', 'num_play_dom', 'mv_play_int', 'dom_perc', 'int_perc')",0.465091293
"('power_rating', 'life_exp', 'qol', 'num_play_dom', 'num_play_int', 'dom_int_mv_ratio')",0.464977301
"('power_rating', 'num_play_dom', 'num_play_int', 'dom_int_mv_ratio', 'dom_perc')",0.46493481
"('power_rating', 'num_play_dom', 'num_play_int', 'dom_int_mv_ratio', 'int_perc')",0.46493481
"('power_rating', 'num_play_dom', 'num_play_int', 'dom_int_mv_ratio', 'dom_perc', 'int_perc')",0.46493481
"('gdp_usd', 'elo_rating', 'life_exp', 'qol', 'num_play_dom', 'dom_perc')",0.464865614
"('gdp_usd', 'elo_rating', 'life_exp', 'qol', 'num_play_dom', 'int_perc')",0.464865614
"('gdp_usd', 'elo_rating', 'life_exp', 'qol', 'num_play_dom', 'dom_perc', 'int_perc')",0.464865614
"('power_rating', 'gdp_usd', 'elo_rating', 'qol', 'num_play_int', 'dom_int_mv_ratio')",0.464815229
"('power_rating', 'gdp_usd', 'mv_usd', 'elo_rating', 'bmi', 'life_exp', 'dom_int_mv_ratio')",0.464800637
"('mv_play_dom', 'mv_play_int', 'dom_int_mv_ratio')",0.464694901
"('gdp_usd', 'mv_usd', 'elo_rating', 'qol', 'num_play_dom', 'mv_play_int', 'num_play_int', 'dom_perc')",0.464628811
"('gdp_usd', 'mv_usd', 'elo_rating', 'qol', 'num_play_dom', 'mv_play_int', 'num_play_int', 'int_perc')",0.464628811
"('gdp_usd', 'mv_usd', 'elo_rating', 'qol', 'num_play_dom', 'mv_play_int', 'num_play_int', 'dom_perc', 'int_perc')",0.464628811
"('gdp_usd', 'mv_usd', 'qol', 'num_play_dom', 'mv_play_int', 'num_play_int', 'dom_perc')",0.464624318
"('gdp_usd', 'mv_usd', 'qol', 'num_play_dom', 'mv_play_int', 'num_play_int', 'int_perc')",0.464624318
"('gdp_usd', 'mv_usd', 'qol', 'num_play_dom', 'mv_play_int', 'num_play_int', 'dom_perc', 'int_perc')",0.464624318
"('power_rating', 'qol', 'mv_play_dom', 'num_play_dom', 'dom_int_mv_ratio')",0.464531171
"('power_rating', 'mv_usd', 'bmi', 'life_exp', 'mv_play_dom', 'num_play_dom', 'num_play_int', 'dom_int_mv_ratio')",0.46447333
"('power_rating', 'gdp_usd', 'mv_usd', 'elo_rating', 'mv_play_dom')",0.464440578
"('power_rating', 'mv_usd', 'elo_rating', 'mv_play_dom', 'num_play_int')",0.464398788
"('power_rating', 'bmi', 'qol', 'num_play_dom', 'num_play_int', 'dom_int_mv_ratio')",0.464264228
"('power_rating', 'mv_usd', 'bmi', 'life_exp', 'qol', 'num_play_dom', 'dom_perc')",0.464171696
"('power_rating', 'mv_usd', 'bmi', 'life_exp', 'qol', 'num_play_dom', 'int_perc')",0.464171696
"('power_rating', 'mv_usd', 'bmi', 'life_exp', 'qol', 'num_play_dom', 'dom_perc', 'int_perc')",0.464171696
"('gdp_usd', 'mv_usd', 'elo_rating', 'qol', 'num_play_dom', 'num_play_int', 'dom_perc')",0.464025154
"('gdp_usd', 'mv_usd', 'elo_rating', 'qol', 'num_play_dom', 'num_play_int', 'int_perc')",0.464025154
"('gdp_usd', 'mv_usd', 'elo_rating', 'qol', 'num_play_dom', 'num_play_int', 'dom_perc', 'int_perc')",0.464025154
"('power_rating', 'mv_usd', 'bmi', 'qol', 'num_play_dom', 'dom_perc')",0.463933657
"('power_rating', 'mv_usd', 'bmi', 'qol', 'num_play_dom', 'int_perc')",0.463933657
"('power_rating', 'mv_usd', 'bmi', 'qol', 'num_play_dom', 'dom_perc', 'int_perc')",0.463933657
"('power_rating', 'mv_usd', 'elo_rating', 'mv_play_dom')",0.463786093
"('power_rating', 'mv_play_dom', 'mv_play_int')",0.463782233
"('gdp_usd', 'mv_usd', 'qol', 'num_play_dom', 'num_play_int', 'dom_perc')",0.463704067
"('gdp_usd', 'mv_usd', 'qol', 'num_play_dom', 'num_play_int', 'int_perc')",0.463704067
"('gdp_usd', 'mv_usd', 'qol', 'num_play_dom', 'num_play_int', 'dom_perc', 'int_perc')",0.463704067
"('gdp_usd', 'mv_usd', 'elo_rating', 'bmi', 'life_exp', 'mv_play_dom', 'num_play_dom', 'mv_play_int', 'num_play_int', 'dom_int_mv_ratio')",0.46346791
"('power_rating', 'gdp_usd', 'life_exp', 'num_play_dom', 'num_play_int', 'dom_int_mv_ratio')",0.463408682
"('gdp_usd', 'elo_rating', 'bmi', 'life_exp', 'qol', 'mv_play_dom', 'mv_play_int', 'num_play_int', 'dom_int_mv_ratio', 'dom_perc')",0.463344286
"('gdp_usd', 'elo_rating', 'bmi', 'life_exp', 'qol', 'mv_play_dom', 'mv_play_int', 'num_play_int', 'dom_int_mv_ratio', 'int_perc')",0.463344286
"('gdp_usd', 'elo_rating', 'bmi', 'life_exp', 'qol', 'mv_play_dom', 'mv_play_int', 'num_play_int', 'dom_int_mv_ratio', 'dom_perc', 'int_perc')",0.463344286
"('power_rating', 'mv_usd', 'life_exp', 'qol', 'mv_play_dom', 'num_play_dom', 'dom_perc')",0.46331768
"('power_rating', 'mv_usd', 'life_exp', 'qol', 'mv_play_dom', 'num_play_dom', 'int_perc')",0.46331768
"('power_rating', 'mv_usd', 'life_exp', 'qol', 'mv_play_dom', 'num_play_dom', 'dom_perc', 'int_perc')",0.46331768
"('gdp_usd', 'elo_rating', 'bmi', 'life_exp', 'qol', 'mv_play_int', 'num_play_int', 'dom_int_mv_ratio', 'int_perc')",0.463270756
"('gdp_usd', 'elo_rating', 'bmi', 'life_exp', 'qol', 'mv_play_int', 'num_play_int', 'dom_int_mv_ratio', 'dom_perc')",0.463270756
"('gdp_usd', 'elo_rating', 'bmi', 'life_exp', 'qol', 'mv_play_int', 'num_play_int', 'dom_int_mv_ratio', 'dom_perc', 'int_perc')",0.463270756
"('gdp_usd', 'mv_usd', 'elo_rating', 'bmi', 'qol', 'num_play_dom', 'mv_play_int', 'num_play_int', 'dom_int_mv_ratio')",0.463253946
"('gdp_usd', 'bmi', 'life_exp', 'qol', 'num_play_dom', 'mv_play_int', 'dom_int_mv_ratio', 'dom_perc')",0.463123096
"('gdp_usd', 'bmi', 'life_exp', 'qol', 'num_play_dom', 'mv_play_int', 'dom_int_mv_ratio', 'int_perc')",0.463123096
"('gdp_usd', 'bmi', 'life_exp', 'qol', 'num_play_dom', 'mv_play_int', 'dom_int_mv_ratio', 'dom_perc', 'int_perc')",0.463123096
"('gdp_usd', 'mv_usd', 'elo_rating', 'qol', 'num_play_dom', 'mv_play_int', 'dom_perc')",0.462987241
"('gdp_usd', 'mv_usd', 'elo_rating', 'qol', 'num_play_dom', 'mv_play_int', 'int_perc')",0.462987241
"('gdp_usd', 'mv_usd', 'elo_rating', 'qol', 'num_play_dom', 'mv_play_int', 'dom_perc', 'int_perc')",0.462987241
"('gdp_usd', 'elo_rating', 'bmi', 'life_exp', 'qol', 'mv_play_dom', 'mv_play_int', 'num_play_int', 'dom_perc')",0.462972465
"('gdp_usd', 'elo_rating', 'bmi', 'life_exp', 'qol', 'mv_play_dom', 'mv_play_int', 'num_play_int', 'int_perc')",0.462972465
"('gdp_usd', 'elo_rating', 'bmi', 'life_exp', 'qol', 'mv_play_dom', 'mv_play_int', 'num_play_int', 'dom_perc', 'int_perc')",0.462972465
"('gdp_usd', 'elo_rating', 'bmi', 'life_exp', 'qol', 'mv_play_int', 'num_play_int', 'int_perc')",0.462971532
"('gdp_usd', 'elo_rating', 'bmi', 'life_exp', 'qol', 'mv_play_int', 'num_play_int', 'dom_perc')",0.462971532
"('gdp_usd', 'elo_rating', 'bmi', 'life_exp', 'qol', 'mv_play_int', 'num_play_int', 'dom_perc', 'int_perc')",0.462971532
"('gdp_usd', 'elo_rating', 'life_exp', 'qol', 'mv_play_dom', 'mv_play_int', 'num_play_int', 'dom_int_mv_ratio', 'dom_perc')",0.462901989
"('gdp_usd', 'elo_rating', 'life_exp', 'qol', 'mv_play_dom', 'mv_play_int', 'num_play_int', 'dom_int_mv_ratio', 'int_perc')",0.462901989
"('gdp_usd', 'elo_rating', 'life_exp', 'qol', 'mv_play_dom', 'mv_play_int', 'num_play_int', 'dom_int_mv_ratio', 'dom_perc', 'int_perc')",0.462901989
"('gdp_usd', 'elo_rating', 'life_exp', 'qol', 'mv_play_int', 'num_play_int', 'dom_int_mv_ratio', 'dom_perc')",0.462891614
"('gdp_usd', 'elo_rating', 'life_exp', 'qol', 'mv_play_int', 'num_play_int', 'dom_int_mv_ratio', 'int_perc')",0.462891614
"('gdp_usd', 'elo_rating', 'life_exp', 'qol', 'mv_play_int', 'num_play_int', 'dom_int_mv_ratio', 'dom_perc', 'int_perc')",0.462891614
"('gdp_usd', 'mv_usd', 'bmi', 'life_exp', 'mv_play_dom', 'num_play_dom', 'mv_play_int', 'num_play_int', 'dom_int_mv_ratio', 'dom_perc')",0.462856535
"('gdp_usd', 'mv_usd', 'bmi', 'life_exp', 'mv_play_dom', 'num_play_dom', 'mv_play_int', 'num_play_int', 'dom_int_mv_ratio', 'int_perc')",0.462856535
"('gdp_usd', 'mv_usd', 'bmi', 'life_exp', 'mv_play_dom', 'num_play_dom', 'mv_play_int', 'num_play_int', 'dom_int_mv_ratio', 'dom_perc', 'int_perc')",0.462856535
"('gdp_usd', 'mv_usd', 'qol', 'num_play_dom', 'mv_play_int', 'dom_perc')",0.462820782
"('gdp_usd', 'mv_usd', 'qol', 'num_play_dom', 'mv_play_int', 'int_perc')",0.462820782
"('gdp_usd', 'mv_usd', 'qol', 'num_play_dom', 'mv_play_int', 'dom_perc', 'int_perc')",0.462820782
"('power_rating', 'mv_usd', 'qol', 'mv_play_dom', 'num_play_dom', 'dom_perc')",0.462787173
"('power_rating', 'mv_usd', 'qol', 'mv_play_dom', 'num_play_dom', 'int_perc')",0.462787173
"('power_rating', 'mv_usd', 'qol', 'mv_play_dom', 'num_play_dom', 'dom_perc', 'int_perc')",0.462787173
"('gdp_usd', 'elo_rating', 'life_exp', 'qol', 'mv_play_dom', 'mv_play_int', 'num_play_int', 'dom_perc')",0.462654857
"('gdp_usd', 'elo_rating', 'life_exp', 'qol', 'mv_play_dom', 'mv_play_int', 'num_play_int', 'int_perc')",0.462654857
"('gdp_usd', 'elo_rating', 'life_exp', 'qol', 'mv_play_dom', 'mv_play_int', 'num_play_int', 'dom_perc', 'int_perc')",0.462654857
"('gdp_usd', 'elo_rating', 'life_exp', 'qol', 'mv_play_int', 'num_play_int', 'dom_perc')",0.4626336
"('gdp_usd', 'elo_rating', 'life_exp', 'qol', 'mv_play_int', 'num_play_int', 'int_perc')",0.4626336
"('gdp_usd', 'elo_rating', 'life_exp', 'qol', 'mv_play_int', 'num_play_int', 'dom_perc', 'int_perc')",0.4626336
"('power_rating', 'qol', 'num_play_dom', 'num_play_int', 'dom_int_mv_ratio')",0.462575019
"('gdp_usd', 'mv_usd', 'elo_rating', 'bmi', 'mv_play_dom', 'num_play_dom', 'mv_play_int', 'num_play_int', 'dom_int_mv_ratio', 'dom_perc')",0.462465896
"('gdp_usd', 'mv_usd', 'elo_rating', 'bmi', 'mv_play_dom', 'num_play_dom', 'mv_play_int', 'num_play_int', 'dom_int_mv_ratio', 'int_perc')",0.462465896
"('gdp_usd', 'mv_usd', 'elo_rating', 'bmi', 'mv_play_dom', 'num_play_dom', 'mv_play_int', 'num_play_int', 'dom_int_mv_ratio', 'dom_perc', 'int_perc')",0.462465896
"('power_rating', 'mv_usd', 'elo_rating', 'bmi', 'life_exp', 'dom_int_mv_ratio')",0.462449561
"('gdp_usd', 'mv_usd', 'elo_rating', 'bmi', 'qol', 'mv_play_dom', 'mv_play_int', 'num_play_int', 'dom_perc')",0.462446231
"('gdp_usd', 'mv_usd', 'elo_rating', 'bmi', 'qol', 'mv_play_dom', 'mv_play_int', 'num_play_int', 'int_perc')",0.462446231
"('gdp_usd', 'mv_usd', 'elo_rating', 'bmi', 'qol', 'mv_play_dom', 'mv_play_int', 'num_play_int', 'dom_perc', 'int_perc')",0.462446231
"('gdp_usd', 'mv_usd', 'elo_rating', 'bmi', 'qol', 'mv_play_dom', 'num_play_int', 'int_perc')",0.462404767
"('gdp_usd', 'mv_usd', 'elo_rating', 'bmi', 'qol', 'mv_play_dom', 'num_play_int', 'dom_perc')",0.462404767
"('gdp_usd', 'mv_usd', 'elo_rating', 'bmi', 'qol', 'mv_play_dom', 'num_play_int', 'dom_perc', 'int_perc')",0.462404767
"('power_rating', 'elo_rating', 'qol', 'mv_play_dom', 'num_play_int')",0.462393286
"('gdp_usd', 'mv_usd', 'elo_rating', 'bmi', 'life_exp', 'mv_play_dom', 'num_play_dom', 'num_play_int', 'dom_int_mv_ratio')",0.462378048
"('gdp_usd', 'life_exp', 'qol', 'num_play_dom', 'mv_play_int', 'dom_int_mv_ratio', 'int_perc')",0.462219645
"('gdp_usd', 'life_exp', 'qol', 'num_play_dom', 'mv_play_int', 'dom_int_mv_ratio', 'dom_perc')",0.462219645
"('gdp_usd', 'life_exp', 'qol', 'num_play_dom', 'mv_play_int', 'dom_int_mv_ratio', 'dom_perc', 'int_perc')",0.462219645
"('gdp_usd', 'mv_usd', 'elo_rating', 'bmi', 'mv_play_dom', 'num_play_dom', 'num_play_int', 'dom_int_mv_ratio', 'dom_perc')",0.462219454
"('gdp_usd', 'mv_usd', 'elo_rating', 'bmi', 'mv_play_dom', 'num_play_dom', 'num_play_int', 'dom_int_mv_ratio', 'int_perc')",0.462219454
"('gdp_usd', 'mv_usd', 'elo_rating', 'bmi', 'mv_play_dom', 'num_play_dom', 'num_play_int', 'dom_int_mv_ratio', 'dom_perc', 'int_perc')",0.462219454
"('gdp_usd', 'mv_usd', 'elo_rating', 'qol', 'num_play_dom', 'dom_perc')",0.462207255
"('gdp_usd', 'mv_usd', 'elo_rating', 'qol', 'num_play_dom', 'int_perc')",0.462207255
"('gdp_usd', 'mv_usd', 'elo_rating', 'qol', 'num_play_dom', 'dom_perc', 'int_perc')",0.462207255
"('gdp_usd', 'bmi', 'life_exp', 'qol', 'num_play_dom', 'mv_play_int', 'dom_perc')",0.46211663
"('gdp_usd', 'bmi', 'life_exp', 'qol', 'num_play_dom', 'mv_play_int', 'int_perc')",0.46211663
"('gdp_usd', 'bmi', 'life_exp', 'qol', 'num_play_dom', 'mv_play_int', 'dom_perc', 'int_perc')",0.46211663
"('power_rating', 'gdp_usd', 'elo_rating', 'life_exp', 'qol', 'mv_play_dom')",0.462097758
"('power_rating', 'elo_rating', 'life_exp', 'qol', 'mv_play_dom')",0.461966389
"('gdp_usd', 'mv_usd', 'bmi', 'qol', 'num_play_dom', 'mv_play_int', 'num_play_int', 'dom_int_mv_ratio')",0.461802414
"('mv_usd', 'bmi', 'life_exp', 'qol', 'mv_play_int', 'num_play_int')",0.461531777
"('power_rating', 'bmi', 'mv_play_int', 'dom_perc')",0.461513088
"('power_rating', 'bmi', 'mv_play_int', 'int_perc')",0.461513088
"('power_rating', 'bmi', 'mv_play_int', 'dom_perc', 'int_perc')",0.461513088
"('power_rating', 'bmi', 'mv_play_int')",0.461357097
"('gdp_usd', 'life_exp', 'qol', 'num_play_dom', 'mv_play_int', 'dom_perc')",0.461352928
"('gdp_usd', 'life_exp', 'qol', 'num_play_dom', 'mv_play_int', 'int_perc')",0.461352928
"('gdp_usd', 'life_exp', 'qol', 'num_play_dom', 'mv_play_int', 'dom_perc', 'int_perc')",0.461352928
"('power_rating', 'mv_usd', 'life_exp', 'qol', 'num_play_dom', 'dom_perc')",0.461230457
"('power_rating', 'mv_usd', 'life_exp', 'qol', 'num_play_dom', 'int_perc')",0.461230457
"('power_rating', 'mv_usd', 'life_exp', 'qol', 'num_play_dom', 'dom_perc', 'int_perc')",0.461230457
"('power_rating', 'mv_usd', 'bmi', 'life_exp', 'num_play_dom', 'num_play_int', 'dom_int_mv_ratio')",0.461141834
"('gdp_usd', 'elo_rating', 'bmi', 'life_exp', 'qol', 'mv_play_dom', 'num_play_int', 'dom_int_mv_ratio', 'dom_perc')",0.461020542
"('gdp_usd', 'elo_rating', 'bmi', 'life_exp', 'qol', 'mv_play_dom', 'num_play_int', 'dom_int_mv_ratio', 'int_perc')",0.461020542
"('gdp_usd', 'elo_rating', 'bmi', 'life_exp', 'qol', 'mv_play_dom', 'num_play_int', 'dom_int_mv_ratio', 'dom_perc', 'int_perc')",0.461020542
"('gdp_usd', 'bmi', 'life_exp', 'qol', 'mv_play_dom', 'mv_play_int', 'num_play_int', 'dom_int_mv_ratio', 'dom_perc')",0.460996539
"('gdp_usd', 'bmi', 'life_exp', 'qol', 'mv_play_dom', 'mv_play_int', 'num_play_int', 'dom_int_mv_ratio', 'int_perc')",0.460996539
"('gdp_usd', 'bmi', 'life_exp', 'qol', 'mv_play_dom', 'mv_play_int', 'num_play_int', 'dom_int_mv_ratio', 'dom_perc', 'int_perc')",0.460996539
"('gdp_usd', 'mv_usd', 'qol', 'num_play_dom', 'dom_perc')",0.460963625
"('gdp_usd', 'mv_usd', 'qol', 'num_play_dom', 'int_perc')",0.460963625
"('gdp_usd', 'mv_usd', 'qol', 'num_play_dom', 'dom_perc', 'int_perc')",0.460963625
"('gdp_usd', 'bmi', 'life_exp', 'qol', 'mv_play_dom', 'mv_play_int', 'num_play_int', 'dom_perc')",0.460952148
"('gdp_usd', 'bmi', 'life_exp', 'qol', 'mv_play_dom', 'mv_play_int', 'num_play_int', 'int_perc')",0.460952148
"('gdp_usd', 'bmi', 'life_exp', 'qol', 'mv_play_dom', 'mv_play_int', 'num_play_int', 'dom_perc', 'int_perc')",0.460952148
"('gdp_usd', 'life_exp', 'qol', 'mv_play_dom', 'mv_play_int', 'num_play_int', 'dom_int_mv_ratio', 'int_perc')",0.460860939
"('gdp_usd', 'life_exp', 'qol', 'mv_play_dom', 'mv_play_int', 'num_play_int', 'dom_int_mv_ratio', 'dom_perc', 'int_perc')",0.460860939
"('gdp_usd', 'life_exp', 'qol', 'mv_play_dom', 'mv_play_int', 'num_play_int', 'dom_int_mv_ratio', 'dom_perc')",0.460860939
"('gdp_usd', 'life_exp', 'qol', 'mv_play_dom', 'mv_play_int', 'num_play_int', 'dom_perc')",0.460834735
"('gdp_usd', 'life_exp', 'qol', 'mv_play_dom', 'mv_play_int', 'num_play_int', 'int_perc')",0.460834735
"('gdp_usd', 'life_exp', 'qol', 'mv_play_dom', 'mv_play_int', 'num_play_int', 'dom_perc', 'int_perc')",0.460834735
"('power_rating', 'gdp_usd', 'elo_rating', 'bmi', 'life_exp', 'qol', 'dom_int_mv_ratio')",0.460813993
"('gdp_usd', 'elo_rating', 'bmi', 'life_exp', 'qol', 'num_play_int', 'dom_int_mv_ratio', 'dom_perc')",0.460750875
"('gdp_usd', 'elo_rating', 'bmi', 'life_exp', 'qol', 'num_play_int', 'dom_int_mv_ratio', 'int_perc')",0.460750875
"('gdp_usd', 'elo_rating', 'bmi', 'life_exp', 'qol', 'num_play_int', 'dom_int_mv_ratio', 'dom_perc', 'int_perc')",0.460750875
"('gdp_usd', 'mv_usd', 'bmi', 'life_exp', 'mv_play_dom', 'num_play_dom', 'mv_play_int', 'num_play_int', 'dom_int_mv_ratio')",0.460594096
"('power_rating', 'mv_play_dom', 'num_play_int', 'dom_int_mv_ratio', 'dom_perc')",0.46052222
"('power_rating', 'mv_play_dom', 'num_play_int', 'dom_int_mv_ratio', 'int_perc')",0.46052222
"('power_rating', 'mv_play_dom', 'num_play_int', 'dom_int_mv_ratio', 'dom_perc', 'int_perc')",0.46052222
"('gdp_usd', 'elo_rating', 'life_exp', 'qol', 'mv_play_dom', 'num_play_int', 'dom_int_mv_ratio', 'dom_perc')",0.460387768
"('gdp_usd', 'elo_rating', 'life_exp', 'qol', 'mv_play_dom', 'num_play_int', 'dom_int_mv_ratio', 'int_perc')",0.460387768
"('gdp_usd', 'elo_rating', 'life_exp', 'qol', 'mv_play_dom', 'num_play_int', 'dom_int_mv_ratio', 'dom_perc', 'int_perc')",0.460387768
"('power_rating', 'mv_usd', 'qol', 'num_play_dom', 'dom_perc')",0.460298784
"('power_rating', 'mv_usd', 'qol', 'num_play_dom', 'int_perc')",0.460298784
"('power_rating', 'mv_usd', 'qol', 'num_play_dom', 'dom_perc', 'int_perc')",0.460298784
"('gdp_usd', 'bmi', 'life_exp', 'qol', 'mv_play_int', 'num_play_int', 'dom_int_mv_ratio', 'dom_perc')",0.460291292
"('gdp_usd', 'bmi', 'life_exp', 'qol', 'mv_play_int', 'num_play_int', 'dom_int_mv_ratio', 'int_perc')",0.460291292
"('gdp_usd', 'bmi', 'life_exp', 'qol', 'mv_play_int', 'num_play_int', 'dom_int_mv_ratio', 'dom_perc', 'int_perc')",0.460291292
"('gdp_usd', 'elo_rating', 'life_exp', 'qol', 'num_play_int', 'dom_int_mv_ratio', 'dom_perc')",0.460278542
"('gdp_usd', 'elo_rating', 'life_exp', 'qol', 'num_play_int', 'dom_int_mv_ratio', 'int_perc')",0.460278542
"('gdp_usd', 'elo_rating', 'life_exp', 'qol', 'num_play_int', 'dom_int_mv_ratio', 'dom_perc', 'int_perc')",0.460278542
"('gdp_usd', 'bmi', 'life_exp', 'qol', 'num_play_dom', 'dom_int_mv_ratio', 'dom_perc')",0.460053616
"('gdp_usd', 'bmi', 'life_exp', 'qol', 'num_play_dom', 'dom_int_mv_ratio', 'int_perc')",0.460053616
"('gdp_usd', 'bmi', 'life_exp', 'qol', 'num_play_dom', 'dom_int_mv_ratio', 'dom_perc', 'int_perc')",0.460053616
"('gdp_usd', 'life_exp', 'qol', 'mv_play_int', 'num_play_int', 'dom_int_mv_ratio', 'dom_perc')",0.460013901
"('gdp_usd', 'life_exp', 'qol', 'mv_play_int', 'num_play_int', 'dom_int_mv_ratio', 'int_perc')",0.460013901
"('gdp_usd', 'life_exp', 'qol', 'mv_play_int', 'num_play_int', 'dom_int_mv_ratio', 'dom_perc', 'int_perc')",0.460013901
"('gdp_usd', 'bmi', 'life_exp', 'qol', 'mv_play_int', 'num_play_int', 'dom_perc')",0.459894218
"('gdp_usd', 'bmi', 'life_exp', 'qol', 'mv_play_int', 'num_play_int', 'int_perc')",0.459894218
"('gdp_usd', 'bmi', 'life_exp', 'qol', 'mv_play_int', 'num_play_int', 'dom_perc', 'int_perc')",0.459894218
"('gdp_usd', 'mv_usd', 'bmi', 'mv_play_dom', 'num_play_dom', 'mv_play_int', 'num_play_int', 'dom_int_mv_ratio', 'dom_perc')",0.459861367
"('gdp_usd', 'mv_usd', 'bmi', 'mv_play_dom', 'num_play_dom', 'mv_play_int', 'num_play_int', 'dom_int_mv_ratio', 'int_perc')",0.459861367
"('gdp_usd', 'mv_usd', 'bmi', 'mv_play_dom', 'num_play_dom', 'mv_play_int', 'num_play_int', 'dom_int_mv_ratio', 'dom_perc', 'int_perc')",0.459861367
"('gdp_usd', 'life_exp', 'qol', 'mv_play_int', 'num_play_int', 'dom_perc')",0.45965895
"('gdp_usd', 'life_exp', 'qol', 'mv_play_int', 'num_play_int', 'int_perc')",0.45965895
"('gdp_usd', 'life_exp', 'qol', 'mv_play_int', 'num_play_int', 'dom_perc', 'int_perc')",0.45965895
"('gdp_usd', 'mv_usd', 'bmi', 'life_exp', 'mv_play_dom', 'num_play_dom', 'num_play_int', 'dom_int_mv_ratio', 'dom_perc')",0.459469088
"('gdp_usd', 'mv_usd', 'bmi', 'life_exp', 'mv_play_dom', 'num_play_dom', 'num_play_int', 'dom_int_mv_ratio', 'int_perc')",0.459469088
"('gdp_usd', 'mv_usd', 'bmi', 'life_exp', 'mv_play_dom', 'num_play_dom', 'num_play_int', 'dom_int_mv_ratio', 'dom_perc', 'int_perc')",0.459469088
"('gdp_usd', 'mv_usd', 'elo_rating', 'qol', 'num_play_dom', 'mv_play_int', 'num_play_int', 'dom_int_mv_ratio')",0.459423506
"('power_rating', 'gdp_usd', 'mv_usd', 'bmi', 'life_exp', 'qol', 'mv_play_dom', 'num_play_dom', 'num_play_int')",0.459349643
"('power_rating', 'mv_usd', 'bmi', 'life_exp', 'qol', 'mv_play_dom', 'num_play_dom', 'num_play_int')",0.459346865
"('power_rating', 'bmi', 'life_exp', 'num_play_dom', 'num_play_int', 'dom_perc')",0.459165866
"('power_rating', 'bmi', 'life_exp', 'num_play_dom', 'num_play_int', 'int_perc')",0.459165866
"('power_rating', 'bmi', 'life_exp', 'num_play_dom', 'num_play_int', 'dom_perc', 'int_perc')",0.459165866
"('gdp_usd', 'elo_rating', 'bmi', 'life_exp', 'qol', 'mv_play_dom', 'num_play_int', 'dom_perc')",0.458966486
"('gdp_usd', 'elo_rating', 'bmi', 'life_exp', 'qol', 'mv_play_dom', 'num_play_int', 'int_perc')",0.458966486
"('gdp_usd', 'elo_rating', 'bmi', 'life_exp', 'qol', 'mv_play_dom', 'num_play_int', 'dom_perc', 'int_perc')",0.458966486
"('gdp_usd', 'life_exp', 'qol', 'num_play_dom', 'dom_int_mv_ratio', 'dom_perc')",0.458951178
"('gdp_usd', 'life_exp', 'qol', 'num_play_dom', 'dom_int_mv_ratio', 'int_perc')",0.458951178
"('gdp_usd', 'life_exp', 'qol', 'num_play_dom', 'dom_int_mv_ratio', 'dom_perc', 'int_perc')",0.458951178
"('gdp_usd', 'elo_rating', 'bmi', 'life_exp', 'qol', 'num_play_int', 'dom_perc')",0.458934425
"('gdp_usd', 'elo_rating', 'bmi', 'life_exp', 'qol', 'num_play_int', 'int_perc')",0.458934425
"('gdp_usd', 'elo_rating', 'bmi', 'life_exp', 'qol', 'num_play_int', 'dom_perc', 'int_perc')",0.458934425
"('bmi', 'life_exp', 'qol', 'mv_play_int', 'dom_int_mv_ratio', 'dom_perc')",0.45892095
"('bmi', 'life_exp', 'qol', 'mv_play_int', 'dom_int_mv_ratio', 'int_perc')",0.45892095
"('bmi', 'life_exp', 'qol', 'mv_play_int', 'dom_int_mv_ratio', 'dom_perc', 'int_perc')",0.45892095
"('bmi', 'life_exp', 'qol', 'mv_play_int', 'dom_perc')",0.458919884
"('bmi', 'life_exp', 'qol', 'mv_play_int', 'int_perc')",0.458919884
"('bmi', 'life_exp', 'qol', 'mv_play_int', 'dom_perc', 'int_perc')",0.458919884
"('bmi', 'life_exp', 'qol', 'dom_int_mv_ratio', 'dom_perc')",0.458918697
"('bmi', 'life_exp', 'qol', 'dom_int_mv_ratio', 'int_perc')",0.458918697
"('bmi', 'life_exp', 'qol', 'dom_int_mv_ratio', 'dom_perc', 'int_perc')",0.458918697
"('bmi', 'life_exp', 'qol', 'dom_perc')",0.458912936
"('bmi', 'life_exp', 'qol', 'int_perc')",0.458912936
"('bmi', 'life_exp', 'qol', 'dom_perc', 'int_perc')",0.458912936
"('power_rating', 'gdp_usd', 'elo_rating', 'bmi', 'qol', 'dom_int_mv_ratio')",0.458859782
"('power_rating', 'gdp_usd', 'mv_play_int', 'dom_perc')",0.458825552
"('power_rating', 'gdp_usd', 'mv_play_int', 'int_perc')",0.458825552
"('power_rating', 'gdp_usd', 'mv_play_int', 'dom_perc', 'int_perc')",0.458825552
"('power_rating', 'gdp_usd', 'bmi', 'life_exp', 'qol', 'num_play_dom', 'dom_int_mv_ratio', 'dom_perc')",0.458808018
"('power_rating', 'gdp_usd', 'bmi', 'life_exp', 'qol', 'num_play_dom', 'dom_int_mv_ratio', 'int_perc')",0.458808018
"('power_rating', 'gdp_usd', 'bmi', 'life_exp', 'qol', 'num_play_dom', 'dom_int_mv_ratio', 'dom_perc', 'int_perc')",0.458808018
"('power_rating', 'bmi', 'life_exp', 'qol', 'num_play_dom', 'dom_int_mv_ratio', 'dom_perc')",0.458765557
"('power_rating', 'bmi', 'life_exp', 'qol', 'num_play_dom', 'dom_int_mv_ratio', 'int_perc')",0.458765557
"('power_rating', 'bmi', 'life_exp', 'qol', 'num_play_dom', 'dom_int_mv_ratio', 'dom_perc', 'int_perc')",0.458765557
"('power_rating', 'gdp_usd', 'life_exp', 'qol', 'num_play_dom', 'dom_int_mv_ratio', 'dom_perc')",0.458736293
"('power_rating', 'gdp_usd', 'life_exp', 'qol', 'num_play_dom', 'dom_int_mv_ratio', 'int_perc')",0.458736293
"('power_rating', 'gdp_usd', 'life_exp', 'qol', 'num_play_dom', 'dom_int_mv_ratio', 'dom_perc', 'int_perc')",0.458736293
"('power_rating', 'life_exp', 'qol', 'num_play_dom', 'dom_int_mv_ratio', 'int_perc')",0.458688606
"('power_rating', 'life_exp', 'qol', 'num_play_dom', 'dom_int_mv_ratio', 'dom_perc')",0.458688606
"('power_rating', 'life_exp', 'qol', 'num_play_dom', 'dom_int_mv_ratio', 'dom_perc', 'int_perc')",0.458688606
"('gdp_usd', 'elo_rating', 'life_exp', 'qol', 'mv_play_dom', 'num_play_int', 'dom_perc')",0.458640685
"('gdp_usd', 'elo_rating', 'life_exp', 'qol', 'mv_play_dom', 'num_play_int', 'int_perc')",0.458640685
"('gdp_usd', 'elo_rating', 'life_exp', 'qol', 'mv_play_dom', 'num_play_int', 'dom_perc', 'int_perc')",0.458640685
"('power_rating', 'gdp_usd', 'bmi', 'qol', 'num_play_dom', 'dom_int_mv_ratio', 'dom_perc')",0.458629996
"('power_rating', 'gdp_usd', 'bmi', 'qol', 'num_play_dom', 'dom_int_mv_ratio', 'int_perc')",0.458629996
"('power_rating', 'gdp_usd', 'bmi', 'qol', 'num_play_dom', 'dom_int_mv_ratio', 'dom_perc', 'int_perc')",0.458629996
"('power_rating', 'gdp_usd', 'mv_usd', 'bmi', 'qol', 'mv_play_dom', 'num_play_dom', 'num_play_int')",0.458590895
"('mv_play_dom', 'dom_int_mv_ratio')",0.45858723
"('power_rating', 'gdp_usd', 'mv_usd', 'bmi', 'mv_play_dom', 'num_play_dom', 'num_play_int', 'dom_int_mv_ratio')",0.458555106
"('gdp_usd', 'elo_rating', 'life_exp', 'qol', 'num_play_int', 'dom_perc')",0.45855108
"('gdp_usd', 'elo_rating', 'life_exp', 'qol', 'num_play_int', 'int_perc')",0.45855108
"('gdp_usd', 'elo_rating', 'life_exp', 'qol', 'num_play_int', 'dom_perc', 'int_perc')",0.45855108
"('power_rating', 'bmi', 'qol', 'num_play_dom', 'dom_int_mv_ratio', 'dom_perc')",0.458531664
"('power_rating', 'bmi', 'qol', 'num_play_dom', 'dom_int_mv_ratio', 'dom_perc', 'int_perc')",0.458531664
"('power_rating', 'bmi', 'qol', 'num_play_dom', 'dom_int_mv_ratio', 'int_perc')",0.458531664
"('power_rating', 'elo_rating', 'bmi', 'life_exp', 'qol', 'dom_int_mv_ratio')",0.45849282
"('power_rating', 'gdp_usd', 'qol', 'num_play_dom', 'dom_int_mv_ratio', 'dom_perc')",0.45849227
"('power_rating', 'gdp_usd', 'qol', 'num_play_dom', 'dom_int_mv_ratio', 'int_perc')",0.45849227
"('power_rating', 'gdp_usd', 'qol', 'num_play_dom', 'dom_int_mv_ratio', 'dom_perc', 'int_perc')",0.45849227
"('gdp_usd', 'mv_usd', 'elo_rating', 'bmi', 'mv_play_dom', 'num_play_dom', 'mv_play_int', 'num_play_int', 'dom_int_mv_ratio')",0.458469258
"('power_rating', 'mv_usd', 'bmi', 'qol', 'mv_play_dom', 'num_play_dom', 'num_play_int')",0.458387511
"('power_rating', 'qol', 'num_play_dom', 'dom_int_mv_ratio', 'dom_perc')",0.458367277
"('power_rating', 'qol', 'num_play_dom', 'dom_int_mv_ratio', 'int_perc')",0.458367277
"('power_rating', 'qol', 'num_play_dom', 'dom_int_mv_ratio', 'dom_perc', 'int_perc')",0.458367277
"('power_rating', 'gdp_usd', 'mv_usd', 'bmi', 'num_play_dom', 'num_play_int', 'dom_int_mv_ratio')",0.457624507
"('gdp_usd', 'mv_usd', 'elo_rating', 'bmi', 'life_exp', 'mv_play_dom', 'num_play_dom', 'mv_play_int', 'dom_int_mv_ratio', 'dom_perc')",0.457357704
"('gdp_usd', 'mv_usd', 'elo_rating', 'bmi', 'life_exp', 'mv_play_dom', 'num_play_dom', 'mv_play_int', 'dom_int_mv_ratio', 'int_perc')",0.457357704
"('gdp_usd', 'mv_usd', 'elo_rating', 'bmi', 'life_exp', 'mv_play_dom', 'num_play_dom', 'mv_play_int', 'dom_int_mv_ratio', 'dom_perc', 'int_perc')",0.457357704
"('power_rating', 'gdp_usd', 'mv_usd', 'bmi', 'life_exp', 'mv_play_dom', 'num_play_dom', 'dom_int_mv_ratio', 'dom_perc')",0.457163405
"('power_rating', 'gdp_usd', 'mv_usd', 'bmi', 'life_exp', 'mv_play_dom', 'num_play_dom', 'dom_int_mv_ratio', 'int_perc')",0.457163405
"('power_rating', 'gdp_usd', 'mv_usd', 'bmi', 'life_exp', 'mv_play_dom', 'num_play_dom', 'dom_int_mv_ratio', 'dom_perc', 'int_perc')",0.457163405
"('gdp_usd', 'mv_usd', 'elo_rating', 'bmi', 'life_exp', 'mv_play_dom', 'num_play_dom', 'dom_int_mv_ratio', 'dom_perc')",0.457079098
"('gdp_usd', 'mv_usd', 'elo_rating', 'bmi', 'life_exp', 'mv_play_dom', 'num_play_dom', 'dom_int_mv_ratio', 'int_perc')",0.457079098
"('gdp_usd', 'mv_usd', 'elo_rating', 'bmi', 'life_exp', 'mv_play_dom', 'num_play_dom', 'dom_int_mv_ratio', 'dom_perc', 'int_perc')",0.457079098
"('power_rating', 'gdp_usd', 'mv_usd', 'bmi', 'life_exp', 'num_play_dom', 'dom_int_mv_ratio', 'dom_perc')",0.456982788
"('power_rating', 'gdp_usd', 'mv_usd', 'bmi', 'life_exp', 'num_play_dom', 'dom_int_mv_ratio', 'int_perc')",0.456982788
"('power_rating', 'gdp_usd', 'mv_usd', 'bmi', 'life_exp', 'num_play_dom', 'dom_int_mv_ratio', 'dom_perc', 'int_perc')",0.456982788
"('power_rating', 'gdp_usd', 'elo_rating', 'bmi', 'qol', 'mv_play_dom')",0.456982093
"('power_rating', 'elo_rating', 'bmi', 'qol', 'mv_play_dom')",0.456865711
"('gdp_usd', 'mv_usd', 'elo_rating', 'bmi', 'mv_play_dom', 'num_play_dom', 'num_play_int', 'dom_int_mv_ratio')",0.456844058
"('gdp_usd', 'mv_usd', 'qol', 'num_play_dom', 'mv_play_int', 'num_play_int', 'dom_int_mv_ratio')",0.456832194
"('gdp_usd', 'mv_usd', 'bmi', 'life_exp', 'mv_play_dom', 'num_play_dom', 'mv_play_int', 'dom_int_mv_ratio', 'dom_perc')",0.456800073
"('gdp_usd', 'mv_usd', 'bmi', 'life_exp', 'mv_play_dom', 'num_play_dom', 'mv_play_int', 'dom_int_mv_ratio', 'int_perc')",0.456800073
"('gdp_usd', 'mv_usd', 'bmi', 'life_exp', 'mv_play_dom', 'num_play_dom', 'mv_play_int', 'dom_int_mv_ratio', 'dom_perc', 'int_perc')",0.456800073
"('power_rating', 'mv_usd', 'bmi', 'life_exp', 'mv_play_dom', 'num_play_dom', 'dom_int_mv_ratio', 'dom_perc')",0.456742709
"('power_rating', 'mv_usd', 'bmi', 'life_exp', 'mv_play_dom', 'num_play_dom', 'dom_int_mv_ratio', 'int_perc')",0.456742709
"('power_rating', 'mv_usd', 'bmi', 'life_exp', 'mv_play_dom', 'num_play_dom', 'dom_int_mv_ratio', 'dom_perc', 'int_perc')",0.456742709
"('power_rating', 'mv_usd', 'bmi', 'life_exp', 'num_play_dom', 'dom_int_mv_ratio', 'dom_perc')",0.456681854
"('power_rating', 'mv_usd', 'bmi', 'life_exp', 'num_play_dom', 'dom_int_mv_ratio', 'int_perc')",0.456681854
"('power_rating', 'mv_usd', 'bmi', 'life_exp', 'num_play_dom', 'dom_int_mv_ratio', 'dom_perc', 'int_perc')",0.456681854
"('power_rating', 'gdp_usd', 'bmi', 'life_exp', 'qol', 'num_play_dom', 'dom_int_mv_ratio')",0.456590471
"('gdp_usd', 'mv_usd', 'bmi', 'mv_play_dom', 'num_play_dom', 'num_play_int', 'dom_int_mv_ratio', 'dom_perc')",0.456589577
"('gdp_usd', 'mv_usd', 'bmi', 'mv_play_dom', 'num_play_dom', 'num_play_int', 'dom_int_mv_ratio', 'int_perc')",0.456589577
"('gdp_usd', 'mv_usd', 'bmi', 'mv_play_dom', 'num_play_dom', 'num_play_int', 'dom_int_mv_ratio', 'dom_perc', 'int_perc')",0.456589577
"('power_rating', 'gdp_usd', 'life_exp', 'qol', 'num_play_dom', 'dom_int_mv_ratio')",0.456357475
"('gdp_usd', 'mv_usd', 'bmi', 'qol', 'mv_play_dom', 'mv_play_int', 'num_play_int', 'dom_perc')",0.456325934
"('gdp_usd', 'mv_usd', 'bmi', 'qol', 'mv_play_dom', 'mv_play_int', 'num_play_int', 'int_perc')",0.456325934
"('gdp_usd', 'mv_usd', 'bmi', 'qol', 'mv_play_dom', 'mv_play_int', 'num_play_int', 'dom_perc', 'int_perc')",0.456325934
"('gdp_usd', 'mv_usd', 'elo_rating', 'bmi', 'mv_play_dom', 'num_play_dom', 'mv_play_int', 'dom_int_mv_ratio', 'dom_perc')",0.456221406
"('gdp_usd', 'mv_usd', 'elo_rating', 'bmi', 'mv_play_dom', 'num_play_dom', 'mv_play_int', 'dom_int_mv_ratio', 'int_perc')",0.456221406
"('gdp_usd', 'mv_usd', 'elo_rating', 'bmi', 'mv_play_dom', 'num_play_dom', 'mv_play_int', 'dom_int_mv_ratio', 'dom_perc', 'int_perc')",0.456221406
"('power_rating', 'mv_usd', 'bmi', 'life_exp', 'qol', 'mv_play_dom', 'dom_perc')",0.456178146
"('power_rating', 'mv_usd', 'bmi', 'life_exp', 'qol', 'mv_play_dom', 'int_perc')",0.456178146
"('power_rating', 'mv_usd', 'bmi', 'life_exp', 'qol', 'mv_play_dom', 'dom_perc', 'int_perc')",0.456178146
"('power_rating', 'mv_usd', 'bmi', 'qol', 'mv_play_dom', 'dom_perc')",0.456177982
"('power_rating', 'mv_usd', 'bmi', 'qol', 'mv_play_dom', 'int_perc')",0.456177982
"('power_rating', 'mv_usd', 'bmi', 'qol', 'mv_play_dom', 'dom_perc', 'int_perc')",0.456177982
"('power_rating', 'bmi', 'life_exp', 'qol', 'num_play_dom', 'dom_int_mv_ratio')",0.456137278
"('power_rating', 'gdp_usd', 'bmi', 'qol', 'num_play_dom', 'dom_int_mv_ratio')",0.456059961
"('power_rating', 'mv_usd', 'life_exp', 'qol', 'mv_play_dom', 'dom_perc')",0.455992369
"('power_rating', 'mv_usd', 'life_exp', 'qol', 'mv_play_dom', 'int_perc')",0.455992369
"('power_rating', 'mv_usd', 'life_exp', 'qol', 'mv_play_dom', 'dom_perc', 'int_perc')",0.455992369
"('power_rating', 'mv_usd', 'qol', 'mv_play_dom', 'dom_perc')",0.455968428
"('power_rating', 'mv_usd', 'qol', 'mv_play_dom', 'int_perc')",0.455968428
"('power_rating', 'mv_usd', 'qol', 'mv_play_dom', 'dom_perc', 'int_perc')",0.455968428
"('gdp_usd', 'mv_usd', 'elo_rating', 'bmi', 'mv_play_dom', 'num_play_dom', 'dom_int_mv_ratio', 'dom_perc')",0.455939031
"('gdp_usd', 'mv_usd', 'elo_rating', 'bmi', 'mv_play_dom', 'num_play_dom', 'dom_int_mv_ratio', 'int_perc')",0.455939031
"('gdp_usd', 'mv_usd', 'elo_rating', 'bmi', 'mv_play_dom', 'num_play_dom', 'dom_int_mv_ratio', 'dom_perc', 'int_perc')",0.455939031
"('power_rating', 'life_exp', 'qol', 'num_play_dom', 'dom_int_mv_ratio')",0.45588134
"('gdp_usd', 'mv_usd', 'bmi', 'mv_play_dom', 'num_play_dom', 'mv_play_int', 'num_play_int', 'dom_int_mv_ratio')",0.455857413
"('gdp_usd', 'mv_usd', 'elo_rating', 'bmi', 'qol', 'num_play_dom', 'num_play_int', 'dom_int_mv_ratio')",0.455757048
"('power_rating', 'bmi', 'qol', 'num_play_dom', 'dom_int_mv_ratio')",0.455739978
"('power_rating', 'elo_rating', 'bmi', 'qol', 'dom_int_mv_ratio')",0.455727368
"('power_rating', 'gdp_usd', 'qol', 'num_play_dom', 'dom_int_mv_ratio')",0.455578217
"('gdp_usd', 'mv_usd', 'bmi', 'mv_play_dom', 'num_play_dom', 'mv_play_int', 'dom_int_mv_ratio', 'dom_perc', 'int_perc')",0.455565796
"('gdp_usd', 'mv_usd', 'bmi', 'mv_play_dom', 'num_play_dom', 'mv_play_int', 'dom_int_mv_ratio', 'dom_perc')",0.455565796
"('gdp_usd', 'mv_usd', 'bmi', 'mv_play_dom', 'num_play_dom', 'mv_play_int', 'dom_int_mv_ratio', 'int_perc')",0.455565796
"('power_rating', 'gdp_usd', 'mv_usd', 'elo_rating', 'life_exp', 'num_play_int', 'dom_int_mv_ratio')",0.4555469
"('power_rating', 'mv_usd', 'elo_rating', 'life_exp', 'num_play_int', 'dom_int_mv_ratio')",0.455522644
"('gdp_usd', 'mv_usd', 'bmi', 'qol', 'num_play_dom', 'num_play_int', 'dom_int_mv_ratio')",0.455499161
"('power_rating', 'gdp_usd', 'mv_usd', 'bmi', 'life_exp', 'qol', 'mv_play_dom', 'num_play_dom')",0.45532512
"('power_rating', 'gdp_usd', 'mv_usd', 'bmi', 'qol', 'mv_play_dom', 'num_play_dom')",0.455310745
"('power_rating', 'qol', 'num_play_dom', 'dom_int_mv_ratio')",0.455263578
"('gdp_usd', 'mv_usd', 'bmi', 'life_exp', 'mv_play_dom', 'num_play_dom', 'dom_int_mv_ratio', 'dom_perc')",0.455172823
"('gdp_usd', 'mv_usd', 'bmi', 'life_exp', 'mv_play_dom', 'num_play_dom', 'dom_int_mv_ratio', 'int_perc')",0.455172823
"('gdp_usd', 'mv_usd', 'bmi', 'life_exp', 'mv_play_dom', 'num_play_dom', 'dom_int_mv_ratio', 'dom_perc', 'int_perc')",0.455172823
"('power_rating', 'gdp_usd', 'mv_usd', 'life_exp', 'qol', 'mv_play_dom', 'num_play_dom', 'num_play_int')",0.455133356
"('power_rating', 'mv_usd', 'life_exp', 'qol', 'mv_play_dom', 'num_play_dom', 'num_play_int')",0.455098201
"('mv_play_int', 'num_play_int', 'dom_int_mv_ratio', 'dom_perc')",0.455000399
"('mv_play_int', 'num_play_int', 'dom_int_mv_ratio', 'int_perc')",0.455000399
"('mv_play_int', 'num_play_int', 'dom_int_mv_ratio', 'dom_perc', 'int_perc')",0.455000399
"('power_rating', 'bmi', 'life_exp', 'mv_play_dom', 'num_play_dom', 'num_play_int', 'dom_int_mv_ratio')",0.45462427
"('power_rating', 'gdp_usd', 'elo_rating', 'qol', 'mv_play_dom')",0.454608825
"('power_rating', 'mv_usd', 'bmi', 'life_exp', 'qol', 'dom_perc')",0.454323756
"('power_rating', 'mv_usd', 'bmi', 'life_exp', 'qol', 'int_perc')",0.454323756
"('power_rating', 'mv_usd', 'bmi', 'life_exp', 'qol', 'dom_perc', 'int_perc')",0.454323756
"('power_rating', 'mv_usd', 'bmi', 'qol', 'dom_perc')",0.454283234
"('power_rating', 'mv_usd', 'bmi', 'qol', 'int_perc')",0.454283234
"('power_rating', 'mv_usd', 'bmi', 'qol', 'dom_perc', 'int_perc')",0.454283234
"('bmi', 'life_exp', 'mv_play_dom', 'mv_play_int', 'dom_int_mv_ratio', 'dom_perc')",0.454212963
"('bmi', 'life_exp', 'mv_play_dom', 'mv_play_int', 'dom_int_mv_ratio', 'int_perc')",0.454212963
"('bmi', 'life_exp', 'mv_play_dom', 'mv_play_int', 'dom_int_mv_ratio', 'dom_perc', 'int_perc')",0.454212963
"('power_rating', 'elo_rating', 'qol', 'mv_play_dom')",0.454179211
"('power_rating', 'gdp_usd', 'bmi', 'life_exp', 'mv_play_dom', 'num_play_dom', 'dom_int_mv_ratio', 'dom_perc')",0.454166724
"('power_rating', 'gdp_usd', 'bmi', 'life_exp', 'mv_play_dom', 'num_play_dom', 'dom_int_mv_ratio', 'int_perc')",0.454166724
"('power_rating', 'gdp_usd', 'bmi', 'life_exp', 'mv_play_dom', 'num_play_dom', 'dom_int_mv_ratio', 'dom_perc', 'int_perc')",0.454166724
"('gdp_usd', 'mv_usd', 'bmi', 'qol', 'mv_play_dom', 'num_play_int', 'dom_perc')",0.45411858
"('gdp_usd', 'mv_usd', 'bmi', 'qol', 'mv_play_dom', 'num_play_int', 'int_perc')",0.45411858
"('gdp_usd', 'mv_usd', 'bmi', 'qol', 'mv_play_dom', 'num_play_int', 'dom_perc', 'int_perc')",0.45411858
"('mv_play_int', 'dom_int_mv_ratio', 'dom_perc')",0.45407423
"('mv_play_int', 'dom_int_mv_ratio', 'int_perc')",0.45407423
"('mv_play_int', 'dom_int_mv_ratio', 'dom_perc', 'int_perc')",0.45407423
"('power_rating', 'gdp_usd', 'bmi', 'mv_play_dom', 'num_play_dom', 'num_play_int', 'dom_int_mv_ratio')",0.454060752
"('power_rating', 'mv_usd', 'life_exp', 'qol', 'dom_perc')",0.454060731
"('power_rating', 'mv_usd', 'life_exp', 'qol', 'int_perc')",0.454060731
"('power_rating', 'mv_usd', 'life_exp', 'qol', 'dom_perc', 'int_perc')",0.454060731
"('power_rating', 'mv_usd', 'qol', 'dom_perc')",0.45391031
"('power_rating', 'mv_usd', 'qol', 'int_perc')",0.45391031
"('power_rating', 'mv_usd', 'qol', 'dom_perc', 'int_perc')",0.45391031
"('power_rating', 'mv_usd', 'life_exp', 'mv_play_dom', 'num_play_dom', 'num_play_int', 'dom_int_mv_ratio')",0.453905822
"('gdp_usd', 'mv_usd', 'bmi', 'mv_play_dom', 'num_play_dom', 'dom_int_mv_ratio', 'dom_perc')",0.453787063
"('gdp_usd', 'mv_usd', 'bmi', 'mv_play_dom', 'num_play_dom', 'dom_int_mv_ratio', 'int_perc')",0.453787063
"('gdp_usd', 'mv_usd', 'bmi', 'mv_play_dom', 'num_play_dom', 'dom_int_mv_ratio', 'dom_perc', 'int_perc')",0.453787063
"('power_rating', 'gdp_usd', 'mv_usd', 'elo_rating', 'bmi', 'life_exp', 'qol', 'num_play_int')",0.453785247
"('power_rating', 'gdp_usd', 'mv_usd', 'bmi', 'life_exp', 'mv_play_dom', 'num_play_dom', 'dom_int_mv_ratio')",0.453754447
"('power_rating', 'gdp_usd', 'mv_usd', 'bmi', 'life_exp', 'num_play_dom', 'dom_int_mv_ratio')",0.453754422
"('power_rating', 'gdp_usd', 'mv_usd', 'qol', 'mv_play_dom', 'num_play_dom', 'num_play_int')",0.453538064
"('power_rating', 'gdp_usd', 'elo_rating', 'bmi', 'life_exp', 'qol', 'num_play_int')",0.453522152
"('power_rating', 'mv_usd', 'bmi', 'life_exp', 'qol', 'mv_play_dom', 'num_play_dom')",0.453505306
"('gdp_usd', 'mv_usd', 'elo_rating', 'qol', 'mv_play_dom', 'mv_play_int', 'num_play_int', 'dom_perc')",0.453411292
"('gdp_usd', 'mv_usd', 'elo_rating', 'qol', 'mv_play_dom', 'mv_play_int', 'num_play_int', 'int_perc')",0.453411292
"('gdp_usd', 'mv_usd', 'elo_rating', 'qol', 'mv_play_dom', 'mv_play_int', 'num_play_int', 'dom_perc', 'int_perc')",0.453411292
"('gdp_usd', 'mv_usd', 'elo_rating', 'qol', 'mv_play_dom', 'num_play_int', 'dom_perc')",0.453409879
"('gdp_usd', 'mv_usd', 'elo_rating', 'qol', 'mv_play_dom', 'num_play_int', 'int_perc')",0.453409879
"('gdp_usd', 'mv_usd', 'elo_rating', 'qol', 'mv_play_dom', 'num_play_int', 'dom_perc', 'int_perc')",0.453409879
"('gdp_usd', 'bmi', 'life_exp', 'qol', 'num_play_dom', 'dom_perc')",0.453327329
"('gdp_usd', 'bmi', 'life_exp', 'qol', 'num_play_dom', 'int_perc')",0.453327329
"('gdp_usd', 'bmi', 'life_exp', 'qol', 'num_play_dom', 'dom_perc', 'int_perc')",0.453327329
"('power_rating', 'gdp_usd', 'mv_usd', 'elo_rating', 'life_exp', 'dom_int_mv_ratio')",0.45326266
"('power_rating', 'mv_usd', 'bmi', 'qol', 'mv_play_dom', 'num_play_dom')",0.453259377
"('gdp_usd', 'mv_usd', 'bmi', 'life_exp', 'mv_play_dom', 'num_play_dom', 'num_play_int', 'dom_int_mv_ratio')",0.453078205
"('power_rating', 'mv_usd', 'elo_rating', 'life_exp', 'dom_int_mv_ratio')",0.453009149
"('power_rating', 'mv_usd', 'qol', 'mv_play_dom', 'num_play_dom', 'num_play_int')",0.452879542
"('gdp_usd', 'life_exp', 'qol', 'num_play_dom', 'dom_perc')",0.45251069
"('gdp_usd', 'life_exp', 'qol', 'num_play_dom', 'int_perc')",0.45251069
"('gdp_usd', 'life_exp', 'qol', 'num_play_dom', 'dom_perc', 'int_perc')",0.45251069
"('power_rating', 'bmi', 'life_exp', 'mv_play_dom', 'num_play_dom', 'dom_int_mv_ratio', 'dom_perc')",0.452084169
"('power_rating', 'bmi', 'life_exp', 'mv_play_dom', 'num_play_dom', 'dom_int_mv_ratio', 'int_perc')",0.452084169
"('power_rating', 'bmi', 'life_exp', 'mv_play_dom', 'num_play_dom', 'dom_int_mv_ratio', 'dom_perc', 'int_perc')",0.452084169
"('power_rating', 'gdp_usd', 'num_play_dom', 'mv_play_int')",0.452047759
"('power_rating', 'gdp_usd', 'mv_usd', 'life_exp', 'qol', 'mv_play_dom', 'num_play_dom')",0.451925079
"('power_rating', 'gdp_usd', 'mv_usd', 'elo_rating', 'bmi', 'qol', 'num_play_int')",0.451877157
"('power_rating', 'gdp_usd', 'elo_rating', 'bmi', 'qol', 'num_play_int')",0.451871503
"('gdp_usd', 'mv_usd', 'elo_rating', 'bmi', 'qol', 'mv_play_dom', 'num_play_dom', 'mv_play_int', 'dom_int_mv_ratio')",0.451837343
"('gdp_usd', 'bmi', 'life_exp', 'qol', 'mv_play_dom', 'num_play_int', 'dom_int_mv_ratio', 'dom_perc')",0.451698777
"('gdp_usd', 'bmi', 'life_exp', 'qol', 'mv_play_dom', 'num_play_int', 'dom_int_mv_ratio', 'int_perc')",0.451698777
"('gdp_usd', 'bmi', 'life_exp', 'qol', 'mv_play_dom', 'num_play_int', 'dom_int_mv_ratio', 'dom_perc', 'int_perc')",0.451698777
"('gdp_usd', 'life_exp', 'qol', 'mv_play_dom', 'num_play_int', 'dom_int_mv_ratio', 'dom_perc')",0.451644989
"('gdp_usd', 'life_exp', 'qol', 'mv_play_dom', 'num_play_int', 'dom_int_mv_ratio', 'int_perc')",0.451644989
"('gdp_usd', 'life_exp', 'qol', 'mv_play_dom', 'num_play_int', 'dom_int_mv_ratio', 'dom_perc', 'int_perc')",0.451644989
"('power_rating', 'gdp_usd', 'mv_usd', 'qol', 'mv_play_dom', 'num_play_dom')",0.451585066
"('power_rating', 'mv_usd', 'bmi', 'life_exp', 'mv_play_dom', 'num_play_dom', 'dom_int_mv_ratio')",0.451487478
"('gdp_usd', 'mv_usd', 'elo_rating', 'qol', 'mv_play_dom', 'num_play_dom', 'mv_play_int', 'dom_int_mv_ratio')",0.451329571
"('power_rating', 'mv_usd', 'bmi', 'life_exp', 'num_play_dom', 'dom_int_mv_ratio')",0.450989199
"('power_rating', 'mv_usd', 'bmi', 'mv_play_dom', 'num_play_dom', 'num_play_int', 'dom_int_mv_ratio')",0.450862651
"('gdp_usd', 'mv_usd', 'elo_rating', 'life_exp', 'mv_play_dom', 'num_play_dom', 'mv_play_int', 'num_play_int', 'dom_int_mv_ratio', 'dom_perc')",0.450829896
"('gdp_usd', 'mv_usd', 'elo_rating', 'life_exp', 'mv_play_dom', 'num_play_dom', 'mv_play_int', 'num_play_int', 'dom_int_mv_ratio', 'int_perc')",0.450829896
"('gdp_usd', 'mv_usd', 'elo_rating', 'life_exp', 'mv_play_dom', 'num_play_dom', 'mv_play_int', 'num_play_int', 'dom_int_mv_ratio', 'dom_perc', 'int_perc')",0.450829896
"('gdp_usd', 'mv_usd', 'elo_rating', 'bmi', 'life_exp', 'qol', 'mv_play_dom', 'num_play_dom', 'mv_play_int')",0.450805988
"('gdp_usd', 'mv_usd', 'elo_rating', 'life_exp', 'qol', 'mv_play_dom', 'num_play_dom', 'mv_play_int')",0.450802776
"('gdp_usd', 'mv_usd', 'elo_rating', 'mv_play_dom', 'num_play_dom', 'mv_play_int', 'num_play_int', 'dom_int_mv_ratio', 'dom_perc')",0.450791795
"('gdp_usd', 'mv_usd', 'elo_rating', 'mv_play_dom', 'num_play_dom', 'mv_play_int', 'num_play_int', 'dom_int_mv_ratio', 'int_perc')",0.450791795
"('gdp_usd', 'mv_usd', 'elo_rating', 'mv_play_dom', 'num_play_dom', 'mv_play_int', 'num_play_int', 'dom_int_mv_ratio', 'dom_perc', 'int_perc')",0.450791795
"('power_rating', 'mv_usd', 'life_exp', 'num_play_dom', 'num_play_int', 'dom_int_mv_ratio')",0.450773128
"('power_rating', 'gdp_usd', 'bmi', 'life_exp', 'mv_play_dom', 'num_play_dom', 'dom_int_mv_ratio')",0.450741519
"('gdp_usd', 'mv_usd', 'elo_rating', 'life_exp', 'mv_play_dom', 'num_play_dom', 'num_play_int', 'dom_int_mv_ratio', 'dom_perc')",0.450680212
"('gdp_usd', 'mv_usd', 'elo_rating', 'life_exp', 'mv_play_dom', 'num_play_dom', 'num_play_int', 'dom_int_mv_ratio', 'int_perc')",0.450680212
"('gdp_usd', 'mv_usd', 'elo_rating', 'life_exp', 'mv_play_dom', 'num_play_dom', 'num_play_int', 'dom_int_mv_ratio', 'dom_perc', 'int_perc')",0.450680212
"('gdp_usd', 'mv_usd', 'elo_rating', 'mv_play_dom', 'num_play_dom', 'num_play_int', 'dom_int_mv_ratio', 'dom_perc')",0.450645528
"('gdp_usd', 'mv_usd', 'elo_rating', 'mv_play_dom', 'num_play_dom', 'num_play_int', 'dom_int_mv_ratio', 'int_perc')",0.450645528
"('gdp_usd', 'mv_usd', 'elo_rating', 'mv_play_dom', 'num_play_dom', 'num_play_int', 'dom_int_mv_ratio', 'dom_perc', 'int_perc')",0.450645528
"('power_rating', 'gdp_usd', 'mv_usd', 'elo_rating', 'num_play_dom', 'num_play_int')",0.450562648
"('gdp_usd', 'elo_rating', 'bmi', 'qol', 'mv_play_dom', 'num_play_dom', 'mv_play_int', 'num_play_int', 'dom_int_mv_ratio', 'dom_perc')",0.450347665
"('gdp_usd', 'elo_rating', 'bmi', 'qol', 'mv_play_dom', 'num_play_dom', 'mv_play_int', 'num_play_int', 'dom_int_mv_ratio', 'int_perc')",0.450347665
"('gdp_usd', 'elo_rating', 'bmi', 'qol', 'mv_play_dom', 'num_play_dom', 'mv_play_int', 'num_play_int', 'dom_int_mv_ratio', 'dom_perc', 'int_perc')",0.450347665
"('bmi', 'life_exp', 'mv_play_dom', 'mv_play_int', 'dom_perc')",0.450290427
"('bmi', 'life_exp', 'mv_play_dom', 'mv_play_int', 'int_perc')",0.450290427
"('bmi', 'life_exp', 'mv_play_dom', 'mv_play_int', 'dom_perc', 'int_perc')",0.450290427
"('power_rating', 'mv_usd', 'life_exp', 'qol', 'mv_play_dom', 'num_play_dom')",0.450068814
"('gdp_usd', 'mv_usd', 'elo_rating', 'qol', 'num_play_dom', 'num_play_int', 'dom_int_mv_ratio')",0.449954778
"('gdp_usd', 'elo_rating', 'bmi', 'qol', 'mv_play_dom', 'num_play_dom', 'num_play_int', 'dom_int_mv_ratio', 'dom_perc')",0.449927137
"('gdp_usd', 'elo_rating', 'bmi', 'qol', 'mv_play_dom', 'num_play_dom', 'num_play_int', 'dom_int_mv_ratio', 'int_perc')",0.449927137
"('gdp_usd', 'elo_rating', 'bmi', 'qol', 'mv_play_dom', 'num_play_dom', 'num_play_int', 'dom_int_mv_ratio', 'dom_perc', 'int_perc')",0.449927137
"('gdp_usd', 'mv_usd', 'qol', 'num_play_dom', 'num_play_int', 'dom_int_mv_ratio')",0.449912444
"('power_rating', 'gdp_usd', 'mv_usd', 'elo_rating', 'num_play_dom')",0.449719292
"('gdp_usd', 'bmi', 'life_exp', 'qol', 'mv_play_dom', 'num_play_int', 'dom_perc')",0.44964643
"('gdp_usd', 'bmi', 'life_exp', 'qol', 'mv_play_dom', 'num_play_int', 'int_perc')",0.44964643
"('gdp_usd', 'bmi', 'life_exp', 'qol', 'mv_play_dom', 'num_play_int', 'dom_perc', 'int_perc')",0.44964643
"('gdp_usd', 'life_exp', 'qol', 'mv_play_dom', 'num_play_int', 'dom_perc')",0.449646411
"('gdp_usd', 'life_exp', 'qol', 'mv_play_dom', 'num_play_int', 'int_perc')",0.449646411
"('gdp_usd', 'life_exp', 'qol', 'mv_play_dom', 'num_play_int', 'dom_perc', 'int_perc')",0.449646411
"('gdp_usd', 'elo_rating', 'bmi', 'qol', 'mv_play_dom', 'num_play_dom', 'mv_play_int', 'num_play_int', 'dom_perc')",0.449608196
"('gdp_usd', 'elo_rating', 'bmi', 'qol', 'mv_play_dom', 'num_play_dom', 'mv_play_int', 'num_play_int', 'int_perc')",0.449608196
"('gdp_usd', 'elo_rating', 'bmi', 'qol', 'mv_play_dom', 'num_play_dom', 'mv_play_int', 'num_play_int', 'dom_perc', 'int_perc')",0.449608196
"('gdp_usd', 'mv_usd', 'qol', 'mv_play_dom', 'mv_play_int', 'num_play_int', 'dom_perc')",0.449601222
"('gdp_usd', 'mv_usd', 'qol', 'mv_play_dom', 'mv_play_int', 'num_play_int', 'int_perc')",0.449601222
"('gdp_usd', 'mv_usd', 'qol', 'mv_play_dom', 'mv_play_int', 'num_play_int', 'dom_perc', 'int_perc')",0.449601222
"('gdp_usd', 'elo_rating', 'bmi', 'qol', 'mv_play_dom', 'num_play_dom', 'num_play_int', 'dom_perc')",0.449504181
"('gdp_usd', 'elo_rating', 'bmi', 'qol', 'mv_play_dom', 'num_play_dom', 'num_play_int', 'int_perc')",0.449504181
"('gdp_usd', 'elo_rating', 'bmi', 'qol', 'mv_play_dom', 'num_play_dom', 'num_play_int', 'dom_perc', 'int_perc')",0.449504181
"('gdp_usd', 'mv_usd', 'elo_rating', 'life_exp', 'mv_play_dom', 'num_play_dom', 'mv_play_int', 'num_play_int', 'dom_int_mv_ratio')",0.449251019
"('power_rating', 'gdp_usd', 'bmi', 'life_exp', 'qol', 'dom_int_mv_ratio', 'dom_perc')",0.449220975
"('power_rating', 'gdp_usd', 'bmi', 'life_exp', 'qol', 'dom_int_mv_ratio', 'int_perc')",0.449220975
"('power_rating', 'gdp_usd', 'bmi', 'life_exp', 'qol', 'dom_int_mv_ratio', 'dom_perc', 'int_perc')",0.449220975
"('gdp_usd', 'elo_rating', 'bmi', 'qol', 'num_play_dom', 'mv_play_int', 'num_play_int', 'dom_int_mv_ratio', 'dom_perc')",0.449220475
"('gdp_usd', 'elo_rating', 'bmi', 'qol', 'num_play_dom', 'mv_play_int', 'num_play_int', 'dom_int_mv_ratio', 'int_perc')",0.449220475
"('gdp_usd', 'elo_rating', 'bmi', 'qol', 'num_play_dom', 'mv_play_int', 'num_play_int', 'dom_int_mv_ratio', 'dom_perc', 'int_perc')",0.449220475
"('gdp_usd', 'mv_usd', 'elo_rating', 'mv_play_dom', 'num_play_dom', 'mv_play_int', 'num_play_int', 'dom_int_mv_ratio')",0.449198824
"('power_rating', 'gdp_usd', 'bmi', 'qol', 'dom_int_mv_ratio', 'dom_perc')",0.449169976
"('power_rating', 'gdp_usd', 'bmi', 'qol', 'dom_int_mv_ratio', 'int_perc')",0.449169976
"('power_rating', 'gdp_usd', 'bmi', 'qol', 'dom_int_mv_ratio', 'dom_perc', 'int_perc')",0.449169976
"('power_rating', 'mv_usd', 'qol', 'mv_play_dom', 'num_play_dom')",0.449074781
"('gdp_usd', 'elo_rating', 'bmi', 'qol', 'num_play_dom', 'mv_play_int', 'num_play_int', 'dom_perc')",0.449064033
"('gdp_usd', 'elo_rating', 'bmi', 'qol', 'num_play_dom', 'mv_play_int', 'num_play_int', 'int_perc')",0.449064033
"('gdp_usd', 'elo_rating', 'bmi', 'qol', 'num_play_dom', 'mv_play_int', 'num_play_int', 'dom_perc', 'int_perc')",0.449064033
"('gdp_usd', 'elo_rating', 'bmi', 'qol', 'num_play_dom', 'num_play_int', 'dom_int_mv_ratio', 'dom_perc')",0.448923207
"('gdp_usd', 'elo_rating', 'bmi', 'qol', 'num_play_dom', 'num_play_int', 'dom_int_mv_ratio', 'int_perc')",0.448923207
"('gdp_usd', 'elo_rating', 'bmi', 'qol', 'num_play_dom', 'num_play_int', 'dom_int_mv_ratio', 'dom_perc', 'int_perc')",0.448923207
"('power_rating', 'gdp_usd', 'mv_play_int')",0.448914189
"('gdp_usd', 'elo_rating', 'bmi', 'qol', 'num_play_dom', 'num_play_int', 'dom_perc')",0.448889199
"('gdp_usd', 'elo_rating', 'bmi', 'qol', 'num_play_dom', 'num_play_int', 'int_perc')",0.448889199
"('gdp_usd', 'elo_rating', 'bmi', 'qol', 'num_play_dom', 'num_play_int', 'dom_perc', 'int_perc')",0.448889199
"('power_rating', 'gdp_usd', 'mv_usd', 'bmi', 'life_exp', 'qol', 'num_play_dom', 'num_play_int')",0.448856029
"('power_rating', 'num_play_dom', 'mv_play_int')",0.448823718
"('gdp_usd', 'mv_usd', 'elo_rating', 'bmi', 'qol', 'num_play_dom', 'mv_play_int', 'num_play_int')",0.448686878
"('gdp_usd', 'mv_usd', 'bmi', 'qol', 'num_play_dom', 'mv_play_int', 'num_play_int')",0.448646731
"('gdp_usd', 'mv_usd', 'elo_rating', 'bmi', 'life_exp', 'qol', 'mv_play_dom', 'num_play_dom', 'dom_int_mv_ratio')",0.448596917
"('power_rating', 'gdp_usd', 'elo_rating', 'bmi', 'life_exp', 'mv_play_dom', 'num_play_int')",0.448508106
"('gdp_usd', 'mv_usd', 'elo_rating', 'life_exp', 'mv_play_dom', 'num_play_dom', 'num_play_int', 'dom_int_mv_ratio')",0.448505988
"('power_rating', 'gdp_usd', 'life_exp', 'qol', 'dom_int_mv_ratio', 'dom_perc')",0.448420242
"('power_rating', 'gdp_usd', 'life_exp', 'qol', 'dom_int_mv_ratio', 'int_perc')",0.448420242
"('power_rating', 'gdp_usd', 'life_exp', 'qol', 'dom_int_mv_ratio', 'dom_perc', 'int_perc')",0.448420242
"('power_rating', 'mv_usd', 'elo_rating', 'bmi', 'life_exp', 'qol', 'num_play_int')",0.448415718
"('gdp_usd', 'mv_usd', 'elo_rating', 'mv_play_dom', 'num_play_dom', 'num_play_int', 'dom_int_mv_ratio')",0.44837443
"('gdp_usd', 'bmi', 'qol', 'mv_play_dom', 'num_play_dom', 'mv_play_int', 'num_play_int', 'dom_int_mv_ratio', 'dom_perc')",0.448300217
"('gdp_usd', 'bmi', 'qol', 'mv_play_dom', 'num_play_dom', 'mv_play_int', 'num_play_int', 'dom_int_mv_ratio', 'int_perc')",0.448300217
"('gdp_usd', 'bmi', 'qol', 'mv_play_dom', 'num_play_dom', 'mv_play_int', 'num_play_int', 'dom_int_mv_ratio', 'dom_perc', 'int_perc')",0.448300217
"('power_rating', 'bmi', 'life_exp', 'num_play_dom', 'num_play_int', 'dom_int_mv_ratio')",0.448182385
"('power_rating', 'gdp_usd', 'qol', 'dom_int_mv_ratio', 'dom_perc', 'int_perc')",0.448122173
"('power_rating', 'gdp_usd', 'qol', 'dom_int_mv_ratio', 'dom_perc')",0.448122173
"('power_rating', 'gdp_usd', 'qol', 'dom_int_mv_ratio', 'int_perc')",0.448122173
"('power_rating', 'elo_rating', 'bmi', 'life_exp', 'mv_play_dom', 'num_play_int')",0.448116598
"('gdp_usd', 'mv_usd', 'elo_rating', 'life_exp', 'qol', 'mv_play_dom', 'num_play_dom', 'dom_int_mv_ratio')",0.448035968
"('elo_rating', 'bmi', 'life_exp', 'qol', 'num_play_dom', 'mv_play_int', 'dom_int_mv_ratio')",0.447930048
"('gdp_usd', 'bmi', 'life_exp', 'qol', 'num_play_int', 'dom_int_mv_ratio', 'dom_perc')",0.447919675
"('gdp_usd', 'bmi', 'life_exp', 'qol', 'num_play_int', 'dom_int_mv_ratio', 'int_perc')",0.447919675
"('gdp_usd', 'bmi', 'life_exp', 'qol', 'num_play_int', 'dom_int_mv_ratio', 'dom_perc', 'int_perc')",0.447919675
"('gdp_usd', 'mv_usd', 'qol', 'mv_play_dom', 'num_play_int', 'dom_perc')",0.447846947
"('gdp_usd', 'mv_usd', 'qol', 'mv_play_dom', 'num_play_int', 'int_perc')",0.447846947
"('gdp_usd', 'mv_usd', 'qol', 'mv_play_dom', 'num_play_int', 'dom_perc', 'int_perc')",0.447846947
"('power_rating', 'gdp_usd', 'mv_play_dom', 'num_play_dom', 'num_play_int', 'dom_perc')",0.447649559
"('power_rating', 'gdp_usd', 'mv_play_dom', 'num_play_dom', 'num_play_int', 'int_perc')",0.447649559
"('power_rating', 'gdp_usd', 'mv_play_dom', 'num_play_dom', 'num_play_int', 'dom_perc', 'int_perc')",0.447649559
"('mv_play_dom', 'num_play_dom', 'num_play_int', 'dom_perc')",0.447612736
"('mv_play_dom', 'num_play_dom', 'num_play_int', 'int_perc')",0.447612736
"('mv_play_dom', 'num_play_dom', 'num_play_int', 'dom_perc', 'int_perc')",0.447612736
"('gdp_usd', 'life_exp', 'qol', 'num_play_int', 'dom_int_mv_ratio', 'dom_perc')",0.447585254
"('gdp_usd', 'life_exp', 'qol', 'num_play_int', 'dom_int_mv_ratio', 'int_perc')",0.447585254
"('gdp_usd', 'life_exp', 'qol', 'num_play_int', 'dom_int_mv_ratio', 'dom_perc', 'int_perc')",0.447585254
"('power_rating', 'gdp_usd', 'bmi', 'num_play_dom', 'num_play_int', 'dom_int_mv_ratio')",0.447519986
"('power_rating', 'gdp_usd', 'elo_rating', 'bmi', 'life_exp', 'mv_play_dom')",0.447417941
"('power_rating', 'gdp_usd', 'mv_usd', 'life_exp', 'mv_play_dom', 'num_play_dom', 'dom_int_mv_ratio', 'dom_perc')",0.44720708
"('power_rating', 'gdp_usd', 'mv_usd', 'life_exp', 'mv_play_dom', 'num_play_dom', 'dom_int_mv_ratio', 'int_perc')",0.44720708
"('power_rating', 'gdp_usd', 'mv_usd', 'life_exp', 'mv_play_dom', 'num_play_dom', 'dom_int_mv_ratio', 'dom_perc', 'int_perc')",0.44720708
"('power_rating', 'elo_rating', 'life_exp', 'qol', 'num_play_int', 'dom_int_mv_ratio')",0.447188873
"('power_rating', 'mv_usd', 'bmi', 'life_exp', 'qol', 'num_play_dom', 'num_play_int')",0.447161505
"('power_rating', 'elo_rating', 'qol', 'num_play_int', 'dom_int_mv_ratio')",0.447128129
"('gdp_usd', 'mv_usd', 'bmi', 'mv_play_dom', 'num_play_dom', 'num_play_int', 'dom_int_mv_ratio')",0.447005
"('power_rating', 'mv_usd', 'bmi', 'num_play_dom', 'num_play_int', 'dom_int_mv_ratio')",0.446969514
"('power_rating', 'gdp_usd', 'mv_usd', 'life_exp', 'num_play_dom', 'dom_int_mv_ratio', 'dom_perc')",0.446801191
"('power_rating', 'gdp_usd', 'mv_usd', 'life_exp', 'num_play_dom', 'dom_int_mv_ratio', 'int_perc')",0.446801191
"('power_rating', 'gdp_usd', 'mv_usd', 'life_exp', 'num_play_dom', 'dom_int_mv_ratio', 'dom_perc', 'int_perc')",0.446801191
"('gdp_usd', 'bmi', 'qol', 'mv_play_dom', 'num_play_dom', 'mv_play_int', 'num_play_int', 'dom_perc')",0.44670091
"('gdp_usd', 'bmi', 'qol', 'mv_play_dom', 'num_play_dom', 'mv_play_int', 'num_play_int', 'int_perc')",0.44670091
"('gdp_usd', 'bmi', 'qol', 'mv_play_dom', 'num_play_dom', 'mv_play_int', 'num_play_int', 'dom_perc', 'int_perc')",0.44670091
"('gdp_usd', 'mv_usd', 'elo_rating', 'bmi', 'qol', 'num_play_dom', 'num_play_int')",0.446683585
"('bmi', 'life_exp', 'mv_play_dom', 'dom_int_mv_ratio', 'dom_perc')",0.446653596
"('bmi', 'life_exp', 'mv_play_dom', 'dom_int_mv_ratio', 'int_perc')",0.446653596
"('bmi', 'life_exp', 'mv_play_dom', 'dom_int_mv_ratio', 'dom_perc', 'int_perc')",0.446653596
"('power_rating', 'life_exp', 'num_play_dom', 'num_play_int', 'dom_perc')",0.446512866
"('power_rating', 'life_exp', 'num_play_dom', 'num_play_int', 'int_perc')",0.446512866
"('power_rating', 'life_exp', 'num_play_dom', 'num_play_int', 'dom_perc', 'int_perc')",0.446512866
"('gdp_usd', 'mv_usd', 'bmi', 'qol', 'num_play_dom', 'num_play_int')",0.446208404
"('power_rating', 'elo_rating', 'bmi', 'life_exp', 'qol', 'num_play_int')",0.446100977
"('power_rating', 'elo_rating', 'bmi', 'life_exp', 'mv_play_dom')",0.446065179
"('elo_rating', 'life_exp', 'qol', 'num_play_dom', 'mv_play_int', 'dom_int_mv_ratio')",0.446030812
"('power_rating', 'gdp_usd', 'mv_usd', 'bmi', 'life_exp', 'mv_play_dom', 'num_play_dom', 'num_play_int')",0.445984714
"('power_rating', 'gdp_usd', 'elo_rating', 'life_exp', 'qol', 'dom_int_mv_ratio')",0.445975324
"('power_rating', 'gdp_usd', 'elo_rating', 'qol', 'dom_int_mv_ratio')",0.445952652
"('power_rating', 'gdp_usd', 'mv_usd', 'bmi', 'qol', 'num_play_dom', 'num_play_int')",0.445910896
"('power_rating', 'gdp_usd', 'elo_rating', 'mv_play_dom', 'num_play_dom', 'num_play_int')",0.445702703
"('power_rating', 'mv_play_int', 'dom_perc')",0.445661361
"('power_rating', 'mv_play_int', 'int_perc')",0.445661361
"('power_rating', 'mv_play_int', 'dom_perc', 'int_perc')",0.445661361
"('power_rating', 'gdp_usd', 'elo_rating', 'life_exp', 'mv_play_dom', 'num_play_int')",0.445660775
"('power_rating', 'elo_rating', 'life_exp', 'mv_play_dom', 'num_play_int')",0.445637989
"('power_rating', 'mv_usd', 'life_exp', 'mv_play_dom', 'num_play_dom', 'dom_int_mv_ratio', 'dom_perc')",0.445615704
"('power_rating', 'mv_usd', 'life_exp', 'mv_play_dom', 'num_play_dom', 'dom_int_mv_ratio', 'int_perc')",0.445615704
"('power_rating', 'mv_usd', 'life_exp', 'mv_play_dom', 'num_play_dom', 'dom_int_mv_ratio', 'dom_perc', 'int_perc')",0.445615704
"('power_rating', 'mv_usd', 'life_exp', 'num_play_dom', 'dom_int_mv_ratio', 'dom_perc')",0.445531539
"('power_rating', 'mv_usd', 'life_exp', 'num_play_dom', 'dom_int_mv_ratio', 'int_perc')",0.445531539
"('power_rating', 'mv_usd', 'life_exp', 'num_play_dom', 'dom_int_mv_ratio', 'dom_perc', 'int_perc')",0.445531539
"('power_rating', 'gdp_usd', 'elo_rating', 'num_play_dom', 'num_play_int')",0.445493912
"('power_rating', 'gdp_usd', 'life_exp', 'mv_play_dom', 'num_play_dom', 'dom_int_mv_ratio', 'dom_perc')",0.445452984
"('power_rating', 'gdp_usd', 'life_exp', 'mv_play_dom', 'num_play_dom', 'dom_int_mv_ratio', 'int_perc')",0.445452984
"('power_rating', 'gdp_usd', 'life_exp', 'mv_play_dom', 'num_play_dom', 'dom_int_mv_ratio', 'dom_perc', 'int_perc')",0.445452984
"('mv_play_dom', 'num_play_dom', 'dom_perc')",0.445416596
"('mv_play_dom', 'num_play_dom', 'int_perc')",0.445416596
"('mv_play_dom', 'num_play_dom', 'dom_perc', 'int_perc')",0.445416596
"('power_rating', 'mv_usd', 'bmi', 'qol', 'num_play_dom', 'num_play_int')",0.445360388
"('power_rating', 'life_exp', 'mv_play_dom', 'num_play_dom', 'num_play_int', 'dom_int_mv_ratio')",0.445350868
"('gdp_usd', 'mv_usd', 'life_exp', 'mv_play_dom', 'num_play_dom', 'mv_play_int', 'num_play_int', 'dom_int_mv_ratio', 'dom_perc')",0.445083448
"('gdp_usd', 'mv_usd', 'life_exp', 'mv_play_dom', 'num_play_dom', 'mv_play_int', 'num_play_int', 'dom_int_mv_ratio', 'int_perc')",0.445083448
"('gdp_usd', 'mv_usd', 'life_exp', 'mv_play_dom', 'num_play_dom', 'mv_play_int', 'num_play_int', 'dom_int_mv_ratio', 'dom_perc', 'int_perc')",0.445083448
"('power_rating', 'gdp_usd', 'elo_rating', 'mv_play_dom', 'num_play_dom')",0.445058225
"('power_rating', 'gdp_usd', 'mv_usd', 'bmi', 'life_exp', 'qol', 'num_play_dom')",0.445009407
"('power_rating', 'mv_usd', 'bmi', 'life_exp', 'qol', 'num_play_dom')",0.444978347
"('gdp_usd', 'bmi', 'qol', 'mv_play_dom', 'num_play_dom', 'num_play_int', 'dom_int_mv_ratio', 'dom_perc')",0.444854847
"('gdp_usd', 'bmi', 'qol', 'mv_play_dom', 'num_play_dom', 'num_play_int', 'dom_int_mv_ratio', 'int_perc')",0.444854847
"('gdp_usd', 'bmi', 'qol', 'mv_play_dom', 'num_play_dom', 'num_play_int', 'dom_int_mv_ratio', 'dom_perc', 'int_perc')",0.444854847
"('power_rating', 'gdp_usd', 'elo_rating', 'num_play_dom')",0.444804426
"('gdp_usd', 'mv_usd', 'mv_play_dom', 'num_play_dom', 'mv_play_int', 'num_play_int', 'dom_int_mv_ratio', 'dom_perc')",0.444768686
"('gdp_usd', 'mv_usd', 'mv_play_dom', 'num_play_dom', 'mv_play_int', 'num_play_int', 'dom_int_mv_ratio', 'int_perc')",0.444768686
"('gdp_usd', 'mv_usd', 'mv_play_dom', 'num_play_dom', 'mv_play_int', 'num_play_int', 'dom_int_mv_ratio', 'dom_perc', 'int_perc')",0.444768686
"('power_rating', 'gdp_usd', 'mv_usd', 'life_exp', 'mv_play_dom', 'num_play_dom', 'dom_int_mv_ratio')",0.444756812
"('power_rating', 'gdp_usd', 'mv_usd', 'life_exp', 'num_play_dom', 'dom_int_mv_ratio')",0.444680209
"('power_rating', 'bmi', 'life_exp', 'mv_play_dom', 'num_play_dom', 'dom_int_mv_ratio')",0.444544998
"('gdp_usd', 'bmi', 'qol', 'mv_play_dom', 'num_play_dom', 'num_play_int', 'dom_perc')",0.444392422
"('gdp_usd', 'bmi', 'qol', 'mv_play_dom', 'num_play_dom', 'num_play_int', 'int_perc')",0.444392422
"('gdp_usd', 'bmi', 'qol', 'mv_play_dom', 'num_play_dom', 'num_play_int', 'dom_perc', 'int_perc')",0.444392422
"('power_rating', 'gdp_usd', 'mv_usd', 'bmi', 'mv_play_dom', 'num_play_dom', 'dom_int_mv_ratio', 'dom_perc')",0.444340283
"('power_rating', 'gdp_usd', 'mv_usd', 'bmi', 'mv_play_dom', 'num_play_dom', 'dom_int_mv_ratio', 'dom_perc', 'int_perc')",0.444340283
"('power_rating', 'gdp_usd', 'mv_usd', 'bmi', 'mv_play_dom', 'num_play_dom', 'dom_int_mv_ratio', 'int_perc')",0.444340283
"('power_rating', 'gdp_usd', 'mv_usd', 'bmi', 'num_play_dom', 'dom_int_mv_ratio', 'int_perc')",0.444332383
"('power_rating', 'gdp_usd', 'mv_usd', 'bmi', 'num_play_dom', 'dom_int_mv_ratio', 'dom_perc', 'int_perc')",0.444332383
"('power_rating', 'gdp_usd', 'mv_usd', 'bmi', 'num_play_dom', 'dom_int_mv_ratio', 'dom_perc')",0.444332383
"('power_rating', 'gdp_usd', 'elo_rating', 'life_exp', 'mv_play_dom')",0.444316295
"('power_rating', 'mv_usd', 'bmi', 'mv_play_dom', 'num_play_dom', 'dom_int_mv_ratio', 'dom_perc')",0.444120474
"('power_rating', 'mv_usd', 'bmi', 'mv_play_dom', 'num_play_dom', 'dom_int_mv_ratio', 'int_perc')",0.444120474
"('power_rating', 'mv_usd', 'bmi', 'mv_play_dom', 'num_play_dom', 'dom_int_mv_ratio', 'dom_perc', 'int_perc')",0.444120474
"('power_rating', 'mv_usd', 'bmi', 'num_play_dom', 'dom_int_mv_ratio', 'dom_perc')",0.444118137
"('power_rating', 'mv_usd', 'bmi', 'num_play_dom', 'dom_int_mv_ratio', 'int_perc')",0.444118137
"('power_rating', 'mv_usd', 'bmi', 'num_play_dom', 'dom_int_mv_ratio', 'dom_perc', 'int_perc')",0.444118137
"('gdp_usd', 'elo_rating', 'qol', 'mv_play_dom', 'num_play_dom', 'mv_play_int', 'num_play_int', 'dom_int_mv_ratio', 'dom_perc')",0.444095947
"('gdp_usd', 'elo_rating', 'qol', 'mv_play_dom', 'num_play_dom', 'mv_play_int', 'num_play_int', 'dom_int_mv_ratio', 'int_perc')",0.444095947
"('gdp_usd', 'elo_rating', 'qol', 'mv_play_dom', 'num_play_dom', 'mv_play_int', 'num_play_int', 'dom_int_mv_ratio', 'dom_perc', 'int_perc')",0.444095947
"('power_rating', 'gdp_usd', 'mv_usd', 'bmi', 'qol', 'num_play_dom')",0.443956973
"('power_rating', 'mv_usd', 'bmi', 'qol', 'num_play_dom')",0.443956896
"('power_rating', 'elo_rating', 'life_exp', 'mv_play_dom')",0.443836984
"('elo_rating', 'bmi', 'life_exp', 'qol', 'mv_play_int', 'dom_int_mv_ratio')",0.44359718
"('power_rating', 'gdp_usd', 'mv_usd', 'elo_rating', 'life_exp', 'qol', 'num_play_int')",0.443583548
"('power_rating', 'gdp_usd', 'mv_usd', 'life_exp', 'qol', 'num_play_dom', 'num_play_int')",0.443520923
"('gdp_usd', 'mv_usd', 'life_exp', 'mv_play_dom', 'num_play_dom', 'mv_play_int', 'num_play_int', 'dom_int_mv_ratio')",0.44350575
"('gdp_usd', 'elo_rating', 'bmi', 'qol', 'mv_play_dom', 'num_play_dom', 'mv_play_int', 'dom_int_mv_ratio', 'dom_perc')",0.443490706
"('gdp_usd', 'elo_rating', 'bmi', 'qol', 'mv_play_dom', 'num_play_dom', 'mv_play_int', 'dom_int_mv_ratio', 'int_perc')",0.443490706
"('gdp_usd', 'elo_rating', 'bmi', 'qol', 'mv_play_dom', 'num_play_dom', 'mv_play_int', 'dom_int_mv_ratio', 'dom_perc', 'int_perc')",0.443490706
"('gdp_usd', 'mv_usd', 'mv_play_dom', 'num_play_dom', 'mv_play_int', 'num_play_int', 'dom_int_mv_ratio')",0.44348202
"('power_rating', 'gdp_usd', 'mv_usd', 'elo_rating', 'qol', 'num_play_int')",0.443467592
"('elo_rating', 'life_exp', 'qol', 'mv_play_int', 'dom_int_mv_ratio')",0.443445005
"('gdp_usd', 'qol', 'mv_play_dom', 'num_play_dom', 'mv_play_int', 'num_play_int', 'dom_int_mv_ratio', 'dom_perc')",0.443289481
"('gdp_usd', 'qol', 'mv_play_dom', 'num_play_dom', 'mv_play_int', 'num_play_int', 'dom_int_mv_ratio', 'int_perc')",0.443289481
"('gdp_usd', 'qol', 'mv_play_dom', 'num_play_dom', 'mv_play_int', 'num_play_int', 'dom_int_mv_ratio', 'dom_perc', 'int_perc')",0.443289481
"('power_rating', 'gdp_usd', 'elo_rating', 'life_exp', 'qol', 'num_play_int')",0.443285199
"('power_rating', 'gdp_usd', 'elo_rating', 'qol', 'num_play_int')",0.443258549
"('gdp_usd', 'mv_usd', 'elo_rating', 'bmi', 'life_exp', 'mv_play_dom', 'num_play_dom', 'mv_play_int', 'num_play_int', 'dom_perc')",0.443229015
"('gdp_usd', 'mv_usd', 'elo_rating', 'bmi', 'life_exp', 'mv_play_dom', 'num_play_dom', 'mv_play_int', 'num_play_int', 'int_perc')",0.443229015
"('gdp_usd', 'mv_usd', 'elo_rating', 'bmi', 'life_exp', 'mv_play_dom', 'num_play_dom', 'mv_play_int', 'num_play_int', 'dom_perc', 'int_perc')",0.443229015
"('power_rating', 'mv_usd', 'elo_rating', 'bmi', 'qol', 'num_play_int')",0.443222478
"('gdp_usd', 'bmi', 'qol', 'mv_play_dom', 'num_play_dom', 'mv_play_int', 'dom_int_mv_ratio', 'dom_perc')",0.443167405
"('gdp_usd', 'bmi', 'qol', 'mv_play_dom', 'num_play_dom', 'mv_play_int', 'dom_int_mv_ratio', 'int_perc')",0.443167405
"('gdp_usd', 'bmi', 'qol', 'mv_play_dom', 'num_play_dom', 'mv_play_int', 'dom_int_mv_ratio', 'dom_perc', 'int_perc')",0.443167405
"('gdp_usd', 'elo_rating', 'qol', 'mv_play_dom', 'num_play_dom', 'num_play_int', 'dom_int_mv_ratio', 'dom_perc')",0.443125075
"('gdp_usd', 'elo_rating', 'qol', 'mv_play_dom', 'num_play_dom', 'num_play_int', 'dom_int_mv_ratio', 'int_perc')",0.443125075
"('gdp_usd', 'elo_rating', 'qol', 'mv_play_dom', 'num_play_dom', 'num_play_int', 'dom_int_mv_ratio', 'dom_perc', 'int_perc')",0.443125075
"('gdp_usd', 'elo_rating', 'bmi', 'qol', 'mv_play_dom', 'num_play_dom', 'dom_int_mv_ratio', 'dom_perc')",0.443012549
"('gdp_usd', 'elo_rating', 'bmi', 'qol', 'mv_play_dom', 'num_play_dom', 'dom_int_mv_ratio', 'int_perc')",0.443012549
"('gdp_usd', 'elo_rating', 'bmi', 'qol', 'mv_play_dom', 'num_play_dom', 'dom_int_mv_ratio', 'dom_perc', 'int_perc')",0.443012549
"('power_rating', 'gdp_usd', 'life_exp', 'mv_play_dom', 'num_play_dom', 'dom_int_mv_ratio')",0.442940381
"('gdp_usd', 'bmi', 'qol', 'num_play_dom', 'mv_play_int', 'num_play_int', 'dom_int_mv_ratio', 'dom_perc')",0.442800308
"('gdp_usd', 'bmi', 'qol', 'num_play_dom', 'mv_play_int', 'num_play_int', 'dom_int_mv_ratio', 'int_perc')",0.442800308
"('gdp_usd', 'bmi', 'qol', 'num_play_dom', 'mv_play_int', 'num_play_int', 'dom_int_mv_ratio', 'dom_perc', 'int_perc')",0.442800308
"('gdp_usd', 'bmi', 'qol', 'num_play_dom', 'mv_play_int', 'num_play_int', 'dom_perc')",0.442716472
"('gdp_usd', 'bmi', 'qol', 'num_play_dom', 'mv_play_int', 'num_play_int', 'int_perc')",0.442716472
"('gdp_usd', 'bmi', 'qol', 'num_play_dom', 'mv_play_int', 'num_play_int', 'dom_perc', 'int_perc')",0.442716472
"('gdp_usd', 'mv_usd', 'elo_rating', 'bmi', 'life_exp', 'mv_play_dom', 'num_play_dom', 'num_play_int', 'dom_perc')",0.442286158
"('gdp_usd', 'mv_usd', 'elo_rating', 'bmi', 'life_exp', 'mv_play_dom', 'num_play_dom', 'num_play_int', 'int_perc')",0.442286158
"('gdp_usd', 'mv_usd', 'elo_rating', 'bmi', 'life_exp', 'mv_play_dom', 'num_play_dom', 'num_play_int', 'dom_perc', 'int_perc')",0.442286158
"('power_rating', 'elo_rating', 'bmi', 'qol', 'num_play_int')",0.442131937
"('gdp_usd', 'elo_rating', 'bmi', 'qol', 'mv_play_dom', 'num_play_dom', 'mv_play_int', 'dom_perc')",0.442095198
"('gdp_usd', 'elo_rating', 'bmi', 'qol', 'mv_play_dom', 'num_play_dom', 'mv_play_int', 'int_perc')",0.442095198
"('gdp_usd', 'elo_rating', 'bmi', 'qol', 'mv_play_dom', 'num_play_dom', 'mv_play_int', 'dom_perc', 'int_perc')",0.442095198
"('power_rating', 'mv_usd', 'life_exp', 'qol', 'num_play_dom', 'num_play_int')",0.442049311
"('gdp_usd', 'elo_rating', 'bmi', 'qol', 'mv_play_dom', 'num_play_dom', 'dom_perc')",0.44204549
"('gdp_usd', 'elo_rating', 'bmi', 'qol', 'mv_play_dom', 'num_play_dom', 'int_perc')",0.44204549
"('gdp_usd', 'elo_rating', 'bmi', 'qol', 'mv_play_dom', 'num_play_dom', 'dom_perc', 'int_perc')",0.44204549
"('gdp_usd', 'mv_usd', 'bmi', 'life_exp', 'qol', 'mv_play_dom', 'num_play_dom', 'dom_int_mv_ratio')",0.442027908
"('gdp_usd', 'elo_rating', 'qol', 'mv_play_dom', 'num_play_dom', 'mv_play_int', 'num_play_int', 'dom_perc')",0.442000897
"('gdp_usd', 'elo_rating', 'qol', 'mv_play_dom', 'num_play_dom', 'mv_play_int', 'num_play_int', 'int_perc')",0.442000897
"('gdp_usd', 'elo_rating', 'qol', 'mv_play_dom', 'num_play_dom', 'mv_play_int', 'num_play_int', 'dom_perc', 'int_perc')",0.442000897
"('power_rating', 'mv_usd', 'elo_rating', 'num_play_dom', 'num_play_int')",0.441986911
"('elo_rating', 'bmi', 'qol', 'num_play_dom', 'mv_play_int', 'dom_int_mv_ratio')",0.441965848
"('power_rating', 'life_exp', 'mv_play_dom', 'num_play_dom', 'dom_int_mv_ratio', 'dom_perc')",0.441836318
"('power_rating', 'life_exp', 'mv_play_dom', 'num_play_dom', 'dom_int_mv_ratio', 'int_perc')",0.441836318
"('power_rating', 'life_exp', 'mv_play_dom', 'num_play_dom', 'dom_int_mv_ratio', 'dom_perc', 'int_perc')",0.441836318
"('gdp_usd', 'mv_usd', 'life_exp', 'qol', 'mv_play_dom', 'num_play_dom', 'dom_int_mv_ratio')",0.441809357
"('gdp_usd', 'elo_rating', 'qol', 'mv_play_dom', 'num_play_dom', 'num_play_int', 'int_perc')",0.441800181
"('gdp_usd', 'elo_rating', 'qol', 'mv_play_dom', 'num_play_dom', 'num_play_int', 'dom_perc')",0.441800181
"('gdp_usd', 'elo_rating', 'qol', 'mv_play_dom', 'num_play_dom', 'num_play_int', 'dom_perc', 'int_perc')",0.441800181
"('power_rating', 'bmi', 'life_exp', 'qol', 'dom_int_mv_ratio', 'dom_perc')",0.441787451
"('power_rating', 'bmi', 'life_exp', 'qol', 'dom_int_mv_ratio', 'int_perc')",0.441787451
"('power_rating', 'bmi', 'life_exp', 'qol', 'dom_int_mv_ratio', 'dom_perc', 'int_perc')",0.441787451
"('power_rating', 'bmi', 'qol', 'dom_int_mv_ratio', 'dom_perc')",0.441765184
"('power_rating', 'bmi', 'qol', 'dom_int_mv_ratio', 'int_perc')",0.441765184
"('power_rating', 'bmi', 'qol', 'dom_int_mv_ratio', 'dom_perc', 'int_perc')",0.441765184
"('gdp_usd', 'bmi', 'qol', 'mv_play_dom', 'num_play_dom', 'dom_int_mv_ratio', 'dom_perc')",0.441372629
"('gdp_usd', 'bmi', 'qol', 'mv_play_dom', 'num_play_dom', 'dom_int_mv_ratio', 'int_perc')",0.441372629
"('gdp_usd', 'bmi', 'qol', 'mv_play_dom', 'num_play_dom', 'dom_int_mv_ratio', 'dom_perc', 'int_perc')",0.441372629
"('gdp_usd', 'bmi', 'qol', 'mv_play_dom', 'num_play_dom', 'mv_play_int', 'dom_perc')",0.441353827
"('gdp_usd', 'bmi', 'qol', 'mv_play_dom', 'num_play_dom', 'mv_play_int', 'int_perc')",0.441353827
"('gdp_usd', 'bmi', 'qol', 'mv_play_dom', 'num_play_dom', 'mv_play_int', 'dom_perc', 'int_perc')",0.441353827
"('gdp_usd', 'mv_usd', 'elo_rating', 'bmi', 'life_exp', 'mv_play_dom', 'num_play_dom', 'mv_play_int', 'num_play_int')",0.441337419
"('power_rating', 'gdp_usd', 'mv_usd', 'bmi', 'mv_play_dom', 'num_play_dom', 'dom_int_mv_ratio')",0.441314535
"('power_rating', 'gdp_usd', 'mv_usd', 'bmi', 'num_play_dom', 'dom_int_mv_ratio')",0.44121718
"('power_rating', 'mv_usd', 'bmi', 'life_exp', 'mv_play_dom', 'num_play_dom', 'num_play_int')",0.441192378
"('gdp_usd', 'elo_rating', 'qol', 'num_play_dom', 'mv_play_int', 'num_play_int', 'dom_int_mv_ratio', 'dom_perc')",0.441095452
"('gdp_usd', 'elo_rating', 'qol', 'num_play_dom', 'mv_play_int', 'num_play_int', 'dom_int_mv_ratio', 'int_perc')",0.441095452
"('gdp_usd', 'elo_rating', 'qol', 'num_play_dom', 'mv_play_int', 'num_play_int', 'dom_int_mv_ratio', 'dom_perc', 'int_perc')",0.441095452
"('gdp_usd', 'mv_usd', 'elo_rating', 'bmi', 'life_exp', 'mv_play_dom', 'num_play_dom', 'num_play_int')",0.441076791
"('power_rating', 'gdp_usd', 'mv_usd', 'bmi', 'life_exp', 'num_play_dom', 'num_play_int')",0.440693029
"('gdp_usd', 'mv_usd', 'elo_rating', 'qol', 'num_play_dom', 'mv_play_int', 'num_play_int')",0.440655825
"('power_rating', 'mv_usd', 'life_exp', 'mv_play_dom', 'num_play_dom', 'dom_int_mv_ratio')",0.440639712
"('power_rating', 'gdp_usd', 'mv_usd', 'life_exp', 'qol', 'num_play_dom')",0.440580836
"('gdp_usd', 'elo_rating', 'qol', 'num_play_dom', 'mv_play_int', 'num_play_int', 'dom_perc')",0.440545963
"('gdp_usd', 'elo_rating', 'qol', 'num_play_dom', 'mv_play_int', 'num_play_int', 'int_perc')",0.440545963
"('gdp_usd', 'elo_rating', 'qol', 'num_play_dom', 'mv_play_int', 'num_play_int', 'dom_perc', 'int_perc')",0.440545963
"('power_rating', 'mv_usd', 'life_exp', 'qol', 'num_play_dom')",0.440519577
"('gdp_usd', 'bmi', 'qol', 'mv_play_dom', 'num_play_dom', 'dom_perc')",0.440506956
"('gdp_usd', 'bmi', 'qol', 'mv_play_dom', 'num_play_dom', 'int_perc')",0.440506956
"('gdp_usd', 'bmi', 'qol', 'mv_play_dom', 'num_play_dom', 'dom_perc', 'int_perc')",0.440506956
"('gdp_usd', 'qol', 'mv_play_dom', 'num_play_dom', 'mv_play_int', 'num_play_int', 'dom_perc')",0.44046592
"('gdp_usd', 'qol', 'mv_play_dom', 'num_play_dom', 'mv_play_int', 'num_play_int', 'int_perc')",0.44046592
"('gdp_usd', 'qol', 'mv_play_dom', 'num_play_dom', 'mv_play_int', 'num_play_int', 'dom_perc', 'int_perc')",0.44046592
"('power_rating', 'life_exp', 'num_play_dom', 'num_play_int', 'dom_int_mv_ratio')",0.440431737
"('gdp_usd', 'elo_rating', 'qol', 'num_play_dom', 'num_play_int', 'dom_int_mv_ratio', 'dom_perc')",0.440345682
"('gdp_usd', 'elo_rating', 'qol', 'num_play_dom', 'num_play_int', 'dom_int_mv_ratio', 'int_perc')",0.440345682
"('gdp_usd', 'elo_rating', 'qol', 'num_play_dom', 'num_play_int', 'dom_int_mv_ratio', 'dom_perc', 'int_perc')",0.440345682
"('gdp_usd', 'mv_usd', 'qol', 'num_play_dom', 'mv_play_int', 'num_play_int')",0.440279273
"('gdp_usd', 'mv_usd', 'elo_rating', 'bmi', 'life_exp', 'mv_play_dom', 'mv_play_int', 'num_play_int', 'dom_int_mv_ratio', 'dom_perc')",0.440254002
"('gdp_usd', 'mv_usd', 'elo_rating', 'bmi', 'life_exp', 'mv_play_dom', 'mv_play_int', 'num_play_int', 'dom_int_mv_ratio', 'int_perc')",0.440254002
"('gdp_usd', 'mv_usd', 'elo_rating', 'bmi', 'life_exp', 'mv_play_dom', 'mv_play_int', 'num_play_int', 'dom_int_mv_ratio', 'dom_perc', 'int_perc')",0.440254002
"('power_rating', 'mv_usd', 'life_exp', 'num_play_dom', 'dom_int_mv_ratio')",0.440238502
"('gdp_usd', 'mv_usd', 'elo_rating', 'life_exp', 'mv_play_dom', 'num_play_dom', 'mv_play_int', 'dom_int_mv_ratio', 'dom_perc')",0.440227671
"('gdp_usd', 'mv_usd', 'elo_rating', 'life_exp', 'mv_play_dom', 'num_play_dom', 'mv_play_int', 'dom_int_mv_ratio', 'int_perc')",0.440227671
"('gdp_usd', 'mv_usd', 'elo_rating', 'life_exp', 'mv_play_dom', 'num_play_dom', 'mv_play_int', 'dom_int_mv_ratio', 'dom_perc', 'int_perc')",0.440227671
"('gdp_usd', 'elo_rating', 'qol', 'num_play_dom', 'num_play_int', 'dom_perc')",0.440166611
"('gdp_usd', 'elo_rating', 'qol', 'num_play_dom', 'num_play_int', 'int_perc')",0.440166611
"('gdp_usd', 'elo_rating', 'qol', 'num_play_dom', 'num_play_int', 'dom_perc', 'int_perc')",0.440166611
"('gdp_usd', 'mv_usd', 'elo_rating', 'life_exp', 'mv_play_dom', 'num_play_dom', 'dom_int_mv_ratio', 'dom_perc')",0.440043023
"('gdp_usd', 'mv_usd', 'elo_rating', 'life_exp', 'mv_play_dom', 'num_play_dom', 'dom_int_mv_ratio', 'int_perc')",0.440043023
"('gdp_usd', 'mv_usd', 'elo_rating', 'life_exp', 'mv_play_dom', 'num_play_dom', 'dom_int_mv_ratio', 'dom_perc', 'int_perc')",0.440043023
"('gdp_usd', 'elo_rating', 'bmi', 'qol', 'mv_play_dom', 'num_play_dom', 'mv_play_int', 'num_play_int', 'dom_int_mv_ratio')",0.439913397
"('gdp_usd', 'mv_usd', 'life_exp', 'mv_play_dom', 'num_play_dom', 'num_play_int', 'dom_int_mv_ratio', 'dom_perc')",0.439900966
"('gdp_usd', 'mv_usd', 'life_exp', 'mv_play_dom', 'num_play_dom', 'num_play_int', 'dom_int_mv_ratio', 'int_perc')",0.439900966
"('gdp_usd', 'mv_usd', 'life_exp', 'mv_play_dom', 'num_play_dom', 'num_play_int', 'dom_int_mv_ratio', 'dom_perc', 'int_perc')",0.439900966
"('gdp_usd', 'elo_rating', 'bmi', 'qol', 'num_play_dom', 'mv_play_int', 'num_play_int', 'dom_int_mv_ratio')",0.439900572
"('gdp_usd', 'qol', 'mv_play_dom', 'num_play_dom', 'num_play_int', 'dom_int_mv_ratio', 'dom_perc')",0.439846181
"('gdp_usd', 'qol', 'mv_play_dom', 'num_play_dom', 'num_play_int', 'dom_int_mv_ratio', 'int_perc')",0.439846181
"('gdp_usd', 'qol', 'mv_play_dom', 'num_play_dom', 'num_play_int', 'dom_int_mv_ratio', 'dom_perc', 'int_perc')",0.439846181
"('power_rating', 'mv_usd', 'bmi', 'mv_play_dom', 'num_play_dom', 'dom_int_mv_ratio')",0.439704134
"('gdp_usd', 'elo_rating', 'qol', 'mv_play_dom', 'num_play_dom', 'mv_play_int', 'dom_int_mv_ratio', 'dom_perc')",0.439696795
"('gdp_usd', 'elo_rating', 'qol', 'mv_play_dom', 'num_play_dom', 'mv_play_int', 'dom_int_mv_ratio', 'int_perc')",0.439696795
"('gdp_usd', 'elo_rating', 'qol', 'mv_play_dom', 'num_play_dom', 'mv_play_int', 'dom_int_mv_ratio', 'dom_perc', 'int_perc')",0.439696795
"('power_rating', 'mv_play_int')",0.439695389
"('gdp_usd', 'qol', 'mv_play_dom', 'num_play_dom', 'mv_play_int', 'dom_int_mv_ratio', 'dom_perc')",0.439625332
"('gdp_usd', 'qol', 'mv_play_dom', 'num_play_dom', 'mv_play_int', 'dom_int_mv_ratio', 'int_perc')",0.439625332
"('gdp_usd', 'qol', 'mv_play_dom', 'num_play_dom', 'mv_play_int', 'dom_int_mv_ratio', 'dom_perc', 'int_perc')",0.439625332
"('power_rating', 'gdp_usd', 'bmi', 'mv_play_dom', 'num_play_dom', 'dom_int_mv_ratio', 'dom_perc')",0.439433923
"('power_rating', 'gdp_usd', 'bmi', 'mv_play_dom', 'num_play_dom', 'dom_int_mv_ratio', 'int_perc')",0.439433923
"('power_rating', 'gdp_usd', 'bmi', 'mv_play_dom', 'num_play_dom', 'dom_int_mv_ratio', 'dom_perc', 'int_perc')",0.439433923
"('gdp_usd', 'mv_usd', 'mv_play_dom', 'num_play_dom', 'num_play_int', 'dom_int_mv_ratio', 'dom_perc')",0.439330852
"('gdp_usd', 'mv_usd', 'mv_play_dom', 'num_play_dom', 'num_play_int', 'dom_int_mv_ratio', 'int_perc')",0.439330852
"('gdp_usd', 'mv_usd', 'mv_play_dom', 'num_play_dom', 'num_play_int', 'dom_int_mv_ratio', 'dom_perc', 'int_perc')",0.439330852
"('power_rating', 'life_exp', 'qol', 'dom_int_mv_ratio', 'dom_perc')",0.439222119
"('power_rating', 'life_exp', 'qol', 'dom_int_mv_ratio', 'int_perc')",0.439222119
"('power_rating', 'life_exp', 'qol', 'dom_int_mv_ratio', 'dom_perc', 'int_perc')",0.439222119
"('gdp_usd', 'elo_rating', 'bmi', 'qol', 'mv_play_dom', 'num_play_dom', 'mv_play_int', 'num_play_int')",0.439192945
"('power_rating', 'qol', 'dom_int_mv_ratio', 'dom_perc')",0.439097326
"('power_rating', 'qol', 'dom_int_mv_ratio', 'int_perc')",0.439097326
"('power_rating', 'qol', 'dom_int_mv_ratio', 'dom_perc', 'int_perc')",0.439097326
"('power_rating', 'elo_rating', 'life_exp', 'qol', 'dom_int_mv_ratio')",0.43901324
"('gdp_usd', 'elo_rating', 'bmi', 'qol', 'num_play_dom', 'mv_play_int', 'dom_int_mv_ratio', 'dom_perc')",0.438915573
"('gdp_usd', 'elo_rating', 'bmi', 'qol', 'num_play_dom', 'mv_play_int', 'dom_int_mv_ratio', 'int_perc')",0.438915573
"('gdp_usd', 'elo_rating', 'bmi', 'qol', 'num_play_dom', 'mv_play_int', 'dom_int_mv_ratio', 'dom_perc', 'int_perc')",0.438915573
"('gdp_usd', 'elo_rating', 'bmi', 'qol', 'num_play_dom', 'mv_play_int', 'dom_perc')",0.438881017
"('gdp_usd', 'elo_rating', 'bmi', 'qol', 'num_play_dom', 'mv_play_int', 'int_perc')",0.438881017
"('gdp_usd', 'elo_rating', 'bmi', 'qol', 'num_play_dom', 'mv_play_int', 'dom_perc', 'int_perc')",0.438881017
"('power_rating', 'elo_rating', 'qol', 'dom_int_mv_ratio')",0.438880283
"('power_rating', 'mv_usd', 'bmi', 'num_play_dom', 'dom_int_mv_ratio')",0.438823859
"('gdp_usd', 'elo_rating', 'qol', 'mv_play_dom', 'num_play_dom', 'dom_int_mv_ratio', 'dom_perc')",0.438784653
"('gdp_usd', 'elo_rating', 'qol', 'mv_play_dom', 'num_play_dom', 'dom_int_mv_ratio', 'int_perc')",0.438784653
"('gdp_usd', 'elo_rating', 'qol', 'mv_play_dom', 'num_play_dom', 'dom_int_mv_ratio', 'dom_perc', 'int_perc')",0.438784653
"('gdp_usd', 'elo_rating', 'bmi', 'qol', 'num_play_dom', 'mv_play_int', 'num_play_int')",0.438775702
"('gdp_usd', 'elo_rating', 'bmi', 'qol', 'num_play_dom', 'dom_int_mv_ratio', 'dom_perc')",0.438686435
"('gdp_usd', 'elo_rating', 'bmi', 'qol', 'num_play_dom', 'dom_int_mv_ratio', 'dom_perc', 'int_perc')",0.438686435
"('gdp_usd', 'elo_rating', 'bmi', 'qol', 'num_play_dom', 'dom_int_mv_ratio', 'int_perc')",0.438686435
"('gdp_usd', 'elo_rating', 'bmi', 'qol', 'num_play_dom', 'dom_perc')",0.438686193
"('gdp_usd', 'elo_rating', 'bmi', 'qol', 'num_play_dom', 'int_perc')",0.438686193
"('gdp_usd', 'elo_rating', 'bmi', 'qol', 'num_play_dom', 'dom_perc', 'int_perc')",0.438686193
"('gdp_usd', 'qol', 'mv_play_dom', 'num_play_dom', 'num_play_int', 'dom_perc')",0.438606298
"('gdp_usd', 'qol', 'mv_play_dom', 'num_play_dom', 'num_play_int', 'int_perc')",0.438606298
"('gdp_usd', 'qol', 'mv_play_dom', 'num_play_dom', 'num_play_int', 'dom_perc', 'int_perc')",0.438606298
"('power_rating', 'gdp_usd', 'mv_usd', 'qol', 'num_play_dom', 'num_play_int')",0.438496966
"('power_rating', 'bmi', 'mv_play_dom', 'num_play_dom', 'num_play_int', 'dom_int_mv_ratio')",0.438455708
"('gdp_usd', 'mv_usd', 'bmi', 'life_exp', 'mv_play_dom', 'mv_play_int', 'num_play_int', 'dom_int_mv_ratio', 'dom_perc')",0.438454454
"('gdp_usd', 'mv_usd', 'bmi', 'life_exp', 'mv_play_dom', 'mv_play_int', 'num_play_int', 'dom_int_mv_ratio', 'int_perc')",0.438454454
"('gdp_usd', 'mv_usd', 'bmi', 'life_exp', 'mv_play_dom', 'mv_play_int', 'num_play_int', 'dom_int_mv_ratio', 'dom_perc', 'int_perc')",0.438454454
"('power_rating', 'mv_usd', 'qol', 'num_play_dom', 'num_play_int')",0.438327205
"('gdp_usd', 'mv_usd', 'life_exp', 'mv_play_dom', 'num_play_dom', 'mv_play_int', 'dom_int_mv_ratio', 'dom_perc')",0.4382554
"('gdp_usd', 'mv_usd', 'life_exp', 'mv_play_dom', 'num_play_dom', 'mv_play_int', 'dom_int_mv_ratio', 'int_perc')",0.4382554
"('gdp_usd', 'mv_usd', 'life_exp', 'mv_play_dom', 'num_play_dom', 'mv_play_int', 'dom_int_mv_ratio', 'dom_perc', 'int_perc')",0.4382554
"('gdp_usd', 'mv_usd', 'elo_rating', 'bmi', 'mv_play_dom', 'num_play_dom', 'mv_play_int', 'num_play_int', 'dom_perc')",0.438243331
"('gdp_usd', 'mv_usd', 'elo_rating', 'bmi', 'mv_play_dom', 'num_play_dom', 'mv_play_int', 'num_play_int', 'int_perc')",0.438243331
"('gdp_usd', 'mv_usd', 'elo_rating', 'bmi', 'mv_play_dom', 'num_play_dom', 'mv_play_int', 'num_play_int', 'dom_perc', 'int_perc')",0.438243331
"('power_rating', 'gdp_usd', 'mv_usd', 'elo_rating', 'bmi', 'life_exp', 'qol')",0.438063015
"('gdp_usd', 'mv_usd', 'elo_rating', 'mv_play_dom', 'num_play_dom', 'mv_play_int', 'dom_int_mv_ratio', 'dom_perc')",0.438029029
"('gdp_usd', 'mv_usd', 'elo_rating', 'mv_play_dom', 'num_play_dom', 'mv_play_int', 'dom_int_mv_ratio', 'int_perc')",0.438029029
"('gdp_usd', 'mv_usd', 'elo_rating', 'mv_play_dom', 'num_play_dom', 'mv_play_int', 'dom_int_mv_ratio', 'dom_perc', 'int_perc')",0.438029029
"('gdp_usd', 'bmi', 'qol', 'mv_play_dom', 'num_play_dom', 'mv_play_int', 'num_play_int', 'dom_int_mv_ratio')",0.437940617
"('gdp_usd', 'mv_usd', 'elo_rating', 'qol', 'num_play_dom', 'num_play_int')",0.4379153
"('mv_usd', 'bmi', 'life_exp', 'mv_play_int', 'num_play_int')",0.437883019
"('gdp_usd', 'mv_usd', 'elo_rating', 'mv_play_dom', 'num_play_dom', 'dom_int_mv_ratio', 'dom_perc')",0.437868774
"('gdp_usd', 'mv_usd', 'elo_rating', 'mv_play_dom', 'num_play_dom', 'dom_int_mv_ratio', 'int_perc')",0.437868774
"('gdp_usd', 'mv_usd', 'elo_rating', 'mv_play_dom', 'num_play_dom', 'dom_int_mv_ratio', 'dom_perc', 'int_perc')",0.437868774
"('power_rating', 'mv_usd', 'elo_rating', 'bmi', 'life_exp', 'qol')",0.43781019
"('power_rating', 'gdp_usd', 'mv_usd', 'qol', 'num_play_dom')",0.437802535
"('power_rating', 'mv_usd', 'qol', 'num_play_dom')",0.437802135
"('gdp_usd', 'mv_usd', 'qol', 'num_play_dom', 'num_play_int')",0.437797856
"('elo_rating', 'qol', 'num_play_dom', 'mv_play_int', 'dom_int_mv_ratio')",0.437674406
"('gdp_usd', 'qol', 'mv_play_dom', 'num_play_dom', 'dom_int_mv_ratio', 'int_perc')",0.437601369
"('gdp_usd', 'qol', 'mv_play_dom', 'num_play_dom', 'dom_int_mv_ratio', 'dom_perc')",0.437601369
"('gdp_usd', 'qol', 'mv_play_dom', 'num_play_dom', 'dom_int_mv_ratio', 'dom_perc', 'int_perc')",0.437601369
"('mv_usd', 'life_exp', 'qol', 'mv_play_int', 'num_play_int')",0.437592958
"('elo_rating', 'bmi', 'qol', 'mv_play_int', 'dom_int_mv_ratio')",0.437476076
"('power_rating', 'num_play_int', 'dom_int_mv_ratio', 'dom_perc')",0.437422308
"('power_rating', 'num_play_int', 'dom_int_mv_ratio', 'int_perc')",0.437422308
"('power_rating', 'num_play_int', 'dom_int_mv_ratio', 'dom_perc', 'int_perc')",0.437422308
"('power_rating', 'bmi', 'mv_play_dom', 'num_play_dom', 'dom_int_mv_ratio', 'dom_perc')",0.437344376
"('power_rating', 'bmi', 'mv_play_dom', 'num_play_dom', 'dom_int_mv_ratio', 'int_perc')",0.437344376
"('power_rating', 'bmi', 'mv_play_dom', 'num_play_dom', 'dom_int_mv_ratio', 'dom_perc', 'int_perc')",0.437344376
"('gdp_usd', 'mv_usd', 'elo_rating', 'bmi', 'mv_play_dom', 'num_play_dom', 'num_play_int', 'dom_perc')",0.437207507
"('gdp_usd', 'mv_usd', 'elo_rating', 'bmi', 'mv_play_dom', 'num_play_dom', 'num_play_int', 'int_perc')",0.437207507
"('gdp_usd', 'mv_usd', 'elo_rating', 'bmi', 'mv_play_dom', 'num_play_dom', 'num_play_int', 'dom_perc', 'int_perc')",0.437207507
"('gdp_usd', 'elo_rating', 'qol', 'mv_play_dom', 'num_play_dom', 'mv_play_int', 'dom_perc')",0.437127229
"('gdp_usd', 'elo_rating', 'qol', 'mv_play_dom', 'num_play_dom', 'mv_play_int', 'int_perc')",0.437127229
"('gdp_usd', 'elo_rating', 'qol', 'mv_play_dom', 'num_play_dom', 'mv_play_int', 'dom_perc', 'int_perc')",0.437127229
"('gdp_usd', 'elo_rating', 'qol', 'mv_play_dom', 'num_play_dom', 'dom_perc')",0.43700857
"('gdp_usd', 'elo_rating', 'qol', 'mv_play_dom', 'num_play_dom', 'int_perc')",0.43700857
"('gdp_usd', 'elo_rating', 'qol', 'mv_play_dom', 'num_play_dom', 'dom_perc', 'int_perc')",0.43700857
"('gdp_usd', 'bmi', 'qol', 'num_play_dom', 'mv_play_int', 'num_play_int', 'dom_int_mv_ratio')",0.436943695
"('gdp_usd', 'mv_usd', 'elo_rating', 'bmi', 'life_exp', 'qol', 'mv_play_dom', 'mv_play_int', 'num_play_int', 'dom_int_mv_ratio')",0.436913999
"('gdp_usd', 'mv_usd', 'elo_rating', 'bmi', 'life_exp', 'mv_play_dom', 'num_play_int', 'dom_int_mv_ratio', 'dom_perc')",0.436861682
"('gdp_usd', 'mv_usd', 'elo_rating', 'bmi', 'life_exp', 'mv_play_dom', 'num_play_int', 'dom_int_mv_ratio', 'int_perc')",0.436861682
"('gdp_usd', 'mv_usd', 'elo_rating', 'bmi', 'life_exp', 'mv_play_dom', 'num_play_int', 'dom_int_mv_ratio', 'dom_perc', 'int_perc')",0.436861682
"('gdp_usd', 'mv_usd', 'bmi', 'life_exp', 'qol', 'mv_play_dom', 'mv_play_int', 'num_play_int', 'dom_int_mv_ratio')",0.436855768
"('gdp_usd', 'qol', 'mv_play_dom', 'num_play_dom', 'mv_play_int', 'dom_perc')",0.436759493
"('gdp_usd', 'qol', 'mv_play_dom', 'num_play_dom', 'mv_play_int', 'int_perc')",0.436759493
"('gdp_usd', 'qol', 'mv_play_dom', 'num_play_dom', 'mv_play_int', 'dom_perc', 'int_perc')",0.436759493
"('power_rating', 'gdp_usd', 'bmi', 'life_exp', 'qol', 'mv_play_dom', 'num_play_dom', 'dom_perc')",0.436745464
"('power_rating', 'gdp_usd', 'bmi', 'life_exp', 'qol', 'mv_play_dom', 'num_play_dom', 'int_perc')",0.436745464
"('power_rating', 'gdp_usd', 'bmi', 'life_exp', 'qol', 'mv_play_dom', 'num_play_dom', 'dom_perc', 'int_perc')",0.436745464
"('gdp_usd', 'bmi', 'life_exp', 'qol', 'num_play_int', 'dom_perc')",0.436484129
"('gdp_usd', 'bmi', 'life_exp', 'qol', 'num_play_int', 'int_perc')",0.436484129
"('gdp_usd', 'bmi', 'life_exp', 'qol', 'num_play_int', 'dom_perc', 'int_perc')",0.436484129
"('power_rating', 'gdp_usd', 'bmi', 'mv_play_dom', 'num_play_dom', 'dom_int_mv_ratio')",0.436418813
"('gdp_usd', 'bmi', 'qol', 'mv_play_dom', 'num_play_dom', 'mv_play_int', 'num_play_int')",0.436387388
"('gdp_usd', 'life_exp', 'qol', 'num_play_int', 'dom_perc')",0.436374884
"('gdp_usd', 'life_exp', 'qol', 'num_play_int', 'int_perc')",0.436374884
"('gdp_usd', 'life_exp', 'qol', 'num_play_int', 'dom_perc', 'int_perc')",0.436374884
"('bmi', 'life_exp', 'mv_play_dom', 'dom_perc')",0.436195736
"('bmi', 'life_exp', 'mv_play_dom', 'int_perc')",0.436195736
"('bmi', 'life_exp', 'mv_play_dom', 'dom_perc', 'int_perc')",0.436195736
"('gdp_usd', 'bmi', 'qol', 'num_play_dom', 'mv_play_int', 'num_play_int')",0.436175595
"('elo_rating', 'qol', 'mv_play_int', 'dom_int_mv_ratio')",0.436160331
"('power_rating', 'gdp_usd', 'elo_rating', 'bmi', 'life_exp', 'qol')",0.436092865
"('gdp_usd', 'mv_usd', 'bmi', 'life_exp', 'mv_play_dom', 'num_play_dom', 'mv_play_int', 'num_play_int', 'dom_perc')",0.436048619
"('gdp_usd', 'mv_usd', 'bmi', 'life_exp', 'mv_play_dom', 'num_play_dom', 'mv_play_int', 'num_play_int', 'int_perc')",0.436048619
"('gdp_usd', 'mv_usd', 'bmi', 'life_exp', 'mv_play_dom', 'num_play_dom', 'mv_play_int', 'num_play_int', 'dom_perc', 'int_perc')",0.436048619
"('gdp_usd', 'qol', 'mv_play_dom', 'num_play_dom', 'dom_perc')",0.435985514
"('gdp_usd', 'qol', 'mv_play_dom', 'num_play_dom', 'int_perc')",0.435985514
"('gdp_usd', 'qol', 'mv_play_dom', 'num_play_dom', 'dom_perc', 'int_perc')",0.435985514
"('gdp_usd', 'qol', 'num_play_dom', 'mv_play_int', 'num_play_int', 'dom_int_mv_ratio', 'dom_perc')",0.435971604
"('gdp_usd', 'qol', 'num_play_dom', 'mv_play_int', 'num_play_int', 'dom_int_mv_ratio', 'int_perc')",0.435971604
"('gdp_usd', 'qol', 'num_play_dom', 'mv_play_int', 'num_play_int', 'dom_int_mv_ratio', 'dom_perc', 'int_perc')",0.435971604
"('gdp_usd', 'elo_rating', 'bmi', 'qol', 'mv_play_dom', 'num_play_dom', 'num_play_int', 'dom_int_mv_ratio')",0.435951884
"('gdp_usd', 'elo_rating', 'bmi', 'qol', 'mv_play_dom', 'num_play_dom', 'num_play_int')",0.435950072
"('gdp_usd', 'mv_usd', 'mv_play_dom', 'num_play_dom', 'mv_play_int', 'dom_int_mv_ratio', 'dom_perc')",0.4359087
"('gdp_usd', 'mv_usd', 'mv_play_dom', 'num_play_dom', 'mv_play_int', 'dom_int_mv_ratio', 'int_perc')",0.4359087
"('gdp_usd', 'mv_usd', 'mv_play_dom', 'num_play_dom', 'mv_play_int', 'dom_int_mv_ratio', 'dom_perc', 'int_perc')",0.4359087
"('power_rating', 'mv_usd', 'elo_rating', 'num_play_dom')",0.435821122
"('power_rating', 'bmi', 'life_exp', 'qol', 'mv_play_dom', 'num_play_dom', 'dom_perc')",0.435721335
"('power_rating', 'bmi', 'life_exp', 'qol', 'mv_play_dom', 'num_play_dom', 'int_perc')",0.435721335
"('power_rating', 'bmi', 'life_exp', 'qol', 'mv_play_dom', 'num_play_dom', 'dom_perc', 'int_perc')",0.435721335
"('power_rating', 'gdp_usd', 'mv_usd', 'mv_play_dom', 'num_play_int', 'dom_perc')",0.435690224
"('power_rating', 'gdp_usd', 'mv_usd', 'mv_play_dom', 'num_play_int', 'int_perc')",0.435690224
"('power_rating', 'gdp_usd', 'mv_usd', 'mv_play_dom', 'num_play_int', 'dom_perc', 'int_perc')",0.435690224
"('power_rating', 'gdp_usd', 'bmi', 'qol', 'mv_play_dom', 'num_play_dom', 'dom_perc')",0.435656125
"('power_rating', 'gdp_usd', 'bmi', 'qol', 'mv_play_dom', 'num_play_dom', 'int_perc')",0.435656125
"('power_rating', 'gdp_usd', 'bmi', 'qol', 'mv_play_dom', 'num_play_dom', 'dom_perc', 'int_perc')",0.435656125
"('gdp_usd', 'qol', 'num_play_dom', 'mv_play_int', 'num_play_int', 'dom_perc')",0.435588282
"('gdp_usd', 'qol', 'num_play_dom', 'mv_play_int', 'num_play_int', 'int_perc')",0.435588282
"('gdp_usd', 'qol', 'num_play_dom', 'mv_play_int', 'num_play_int', 'dom_perc', 'int_perc')",0.435588282
"('gdp_usd', 'mv_usd', 'bmi', 'life_exp', 'mv_play_dom', 'num_play_dom', 'num_play_int', 'dom_perc')",0.435583251
"('gdp_usd', 'mv_usd', 'bmi', 'life_exp', 'mv_play_dom', 'num_play_dom', 'num_play_int', 'int_perc')",0.435583251
"('gdp_usd', 'mv_usd', 'bmi', 'life_exp', 'mv_play_dom', 'num_play_dom', 'num_play_int', 'dom_perc', 'int_perc')",0.435583251
"('gdp_usd', 'elo_rating', 'bmi', 'qol', 'num_play_dom', 'num_play_int', 'dom_int_mv_ratio')",0.435494323
"('gdp_usd', 'elo_rating', 'bmi', 'qol', 'num_play_dom', 'num_play_int')",0.435402322
"('gdp_usd', 'mv_usd', 'life_exp', 'mv_play_dom', 'num_play_dom', 'dom_int_mv_ratio', 'dom_perc')",0.435392977
"('gdp_usd', 'mv_usd', 'life_exp', 'mv_play_dom', 'num_play_dom', 'dom_int_mv_ratio', 'int_perc')",0.435392977
"('gdp_usd', 'mv_usd', 'life_exp', 'mv_play_dom', 'num_play_dom', 'dom_int_mv_ratio', 'dom_perc', 'int_perc')",0.435392977
"('power_rating', 'gdp_usd', 'mv_usd', 'num_play_int', 'dom_perc')",0.435183533
"('power_rating', 'gdp_usd', 'mv_usd', 'num_play_int', 'int_perc')",0.435183533
"('power_rating', 'gdp_usd', 'mv_usd', 'num_play_int', 'dom_perc', 'int_perc')",0.435183533
"('power_rating', 'elo_rating', 'bmi', 'life_exp', 'qol')",0.43505207
"('gdp_usd', 'bmi', 'qol', 'num_play_dom', 'mv_play_int', 'dom_int_mv_ratio', 'dom_perc')",0.434911836
"('gdp_usd', 'bmi', 'qol', 'num_play_dom', 'mv_play_int', 'dom_int_mv_ratio', 'int_perc')",0.434911836
"('gdp_usd', 'bmi', 'qol', 'num_play_dom', 'mv_play_int', 'dom_int_mv_ratio', 'dom_perc', 'int_perc')",0.434911836
"('gdp_usd', 'bmi', 'qol', 'num_play_dom', 'mv_play_int', 'dom_perc')",0.434896469
"('gdp_usd', 'bmi', 'qol', 'num_play_dom', 'mv_play_int', 'int_perc')",0.434896469
"('gdp_usd', 'bmi', 'qol', 'num_play_dom', 'mv_play_int', 'dom_perc', 'int_perc')",0.434896469
"('power_rating', 'life_exp', 'mv_play_dom', 'num_play_dom', 'dom_int_mv_ratio')",0.434834246
"('power_rating', 'elo_rating', 'mv_play_dom', 'num_play_dom', 'num_play_int')",0.434401535
"('bmi', 'qol', 'mv_play_dom', 'mv_play_int', 'dom_int_mv_ratio', 'dom_perc')",0.434318181
"('bmi', 'qol', 'mv_play_dom', 'mv_play_int', 'dom_int_mv_ratio', 'int_perc')",0.434318181
"('bmi', 'qol', 'mv_play_dom', 'mv_play_int', 'dom_int_mv_ratio', 'dom_perc', 'int_perc')",0.434318181
"('gdp_usd', 'mv_usd', 'elo_rating', 'bmi', 'mv_play_dom', 'num_play_dom', 'mv_play_int', 'num_play_int')",0.434261629
"('power_rating', 'elo_rating', 'num_play_dom', 'num_play_int')",0.434213903
"('gdp_usd', 'mv_usd', 'elo_rating', 'bmi', 'mv_play_dom', 'num_play_dom', 'num_play_int')",0.434166367
"('power_rating', 'gdp_usd', 'mv_usd', 'bmi', 'life_exp', 'mv_play_dom', 'num_play_dom', 'dom_perc')",0.434159698
"('power_rating', 'gdp_usd', 'mv_usd', 'bmi', 'life_exp', 'mv_play_dom', 'num_play_dom', 'int_perc')",0.434159698
"('power_rating', 'gdp_usd', 'mv_usd', 'bmi', 'life_exp', 'mv_play_dom', 'num_play_dom', 'dom_perc', 'int_perc')",0.434159698
"('gdp_usd', 'mv_usd', 'bmi', 'life_exp', 'mv_play_dom', 'num_play_dom', 'mv_play_int', 'num_play_int')",0.434113494
"('gdp_usd', 'bmi', 'qol', 'num_play_dom', 'num_play_int', 'dom_int_mv_ratio', 'dom_perc')",0.434010957
"('gdp_usd', 'bmi', 'qol', 'num_play_dom', 'num_play_int', 'dom_int_mv_ratio', 'int_perc')",0.434010957
"('gdp_usd', 'bmi', 'qol', 'num_play_dom', 'num_play_int', 'dom_int_mv_ratio', 'dom_perc', 'int_perc')",0.434010957
"('power_rating', 'mv_usd', 'bmi', 'life_exp', 'mv_play_dom', 'num_play_dom', 'dom_perc')",0.433997433
"('power_rating', 'mv_usd', 'bmi', 'life_exp', 'mv_play_dom', 'num_play_dom', 'int_perc')",0.433997433
"('power_rating', 'mv_usd', 'bmi', 'life_exp', 'mv_play_dom', 'num_play_dom', 'dom_perc', 'int_perc')",0.433997433
"('power_rating', 'bmi', 'qol', 'mv_play_dom', 'num_play_dom', 'dom_perc')",0.433963497
"('power_rating', 'bmi', 'qol', 'mv_play_dom', 'num_play_dom', 'int_perc')",0.433963497
"('power_rating', 'bmi', 'qol', 'mv_play_dom', 'num_play_dom', 'dom_perc', 'int_perc')",0.433963497
"('gdp_usd', 'mv_usd', 'life_exp', 'mv_play_dom', 'num_play_dom', 'num_play_int', 'dom_int_mv_ratio')",0.433911779
"('gdp_usd', 'mv_usd', 'mv_play_dom', 'num_play_dom', 'num_play_int', 'dom_int_mv_ratio')",0.433909466
"('power_rating', 'gdp_usd', 'life_exp', 'qol', 'mv_play_dom', 'num_play_dom', 'dom_perc')",0.433518523
"('power_rating', 'gdp_usd', 'life_exp', 'qol', 'mv_play_dom', 'num_play_dom', 'int_perc')",0.433518523
"('power_rating', 'gdp_usd', 'life_exp', 'qol', 'mv_play_dom', 'num_play_dom', 'dom_perc', 'int_perc')",0.433518523
"('bmi', 'qol', 'mv_play_dom', 'dom_int_mv_ratio', 'dom_perc')",0.433509929
"('bmi', 'qol', 'mv_play_dom', 'dom_int_mv_ratio', 'int_perc')",0.433509929
"('bmi', 'qol', 'mv_play_dom', 'dom_int_mv_ratio', 'dom_perc', 'int_perc')",0.433509929
"('power_rating', 'gdp_usd', 'mv_usd', 'bmi', 'life_exp', 'num_play_dom', 'dom_perc')",0.433434219
"('power_rating', 'gdp_usd', 'mv_usd', 'bmi', 'life_exp', 'num_play_dom', 'int_perc')",0.433434219
"('power_rating', 'gdp_usd', 'mv_usd', 'bmi', 'life_exp', 'num_play_dom', 'dom_perc', 'int_perc')",0.433434219
"('power_rating', 'mv_usd', 'elo_rating', 'life_exp', 'qol', 'num_play_int')",0.433405446
"('power_rating', 'mv_usd', 'bmi', 'life_exp', 'num_play_dom', 'dom_perc')",0.433395511
"('power_rating', 'mv_usd', 'bmi', 'life_exp', 'num_play_dom', 'int_perc')",0.433395511
"('power_rating', 'mv_usd', 'bmi', 'life_exp', 'num_play_dom', 'dom_perc', 'int_perc')",0.433395511
"('power_rating', 'mv_play_dom', 'num_play_dom', 'num_play_int', 'dom_perc')",0.43328881
"('power_rating', 'mv_play_dom', 'num_play_dom', 'num_play_int', 'int_perc')",0.43328881
"('power_rating', 'mv_play_dom', 'num_play_dom', 'num_play_int', 'dom_perc', 'int_perc')",0.43328881
"('gdp_usd', 'elo_rating', 'qol', 'num_play_dom', 'mv_play_int', 'dom_int_mv_ratio', 'dom_perc')",0.433283634
"('gdp_usd', 'elo_rating', 'qol', 'num_play_dom', 'mv_play_int', 'dom_int_mv_ratio', 'dom_perc', 'int_perc')",0.433283634
"('gdp_usd', 'elo_rating', 'qol', 'num_play_dom', 'mv_play_int', 'dom_int_mv_ratio', 'int_perc')",0.433283634
"('power_rating', 'gdp_usd', 'bmi', 'life_exp', 'qol', 'num_play_int', 'dom_perc')",0.433279325
"('power_rating', 'gdp_usd', 'bmi', 'life_exp', 'qol', 'num_play_int', 'int_perc')",0.433279325
"('power_rating', 'gdp_usd', 'bmi', 'life_exp', 'qol', 'num_play_int', 'dom_perc', 'int_perc')",0.433279325
"('gdp_usd', 'mv_usd', 'elo_rating', 'life_exp', 'mv_play_dom', 'num_play_dom', 'mv_play_int', 'num_play_int', 'dom_perc')",0.433155533
"('gdp_usd', 'mv_usd', 'elo_rating', 'life_exp', 'mv_play_dom', 'num_play_dom', 'mv_play_int', 'num_play_int', 'int_perc')",0.433155533
"('gdp_usd', 'mv_usd', 'elo_rating', 'life_exp', 'mv_play_dom', 'num_play_dom', 'mv_play_int', 'num_play_int', 'dom_perc', 'int_perc')",0.433155533
"('gdp_usd', 'mv_usd', 'mv_play_dom', 'num_play_dom', 'dom_int_mv_ratio', 'dom_perc')",0.433034585
"('gdp_usd', 'mv_usd', 'mv_play_dom', 'num_play_dom', 'dom_int_mv_ratio', 'int_perc')",0.433034585
"('gdp_usd', 'mv_usd', 'mv_play_dom', 'num_play_dom', 'dom_int_mv_ratio', 'dom_perc', 'int_perc')",0.433034585
"('gdp_usd', 'elo_rating', 'qol', 'num_play_dom', 'mv_play_int', 'dom_perc')",0.433030804
"('gdp_usd', 'elo_rating', 'qol', 'num_play_dom', 'mv_play_int', 'int_perc')",0.433030804
"('gdp_usd', 'elo_rating', 'qol', 'num_play_dom', 'mv_play_int', 'dom_perc', 'int_perc')",0.433030804
"('power_rating', 'gdp_usd', 'mv_usd', 'life_exp', 'mv_play_dom', 'num_play_dom', 'num_play_int')",0.43293727
"('power_rating', 'gdp_usd', 'bmi', 'life_exp', 'num_play_int', 'dom_perc')",0.432933522
"('power_rating', 'gdp_usd', 'bmi', 'life_exp', 'num_play_int', 'int_perc')",0.432933522
"('power_rating', 'gdp_usd', 'bmi', 'life_exp', 'num_play_int', 'dom_perc', 'int_perc')",0.432933522
"('gdp_usd', 'mv_usd', 'elo_rating', 'mv_play_dom', 'num_play_dom', 'mv_play_int', 'num_play_int', 'dom_perc')",0.432736898
"('gdp_usd', 'mv_usd', 'elo_rating', 'mv_play_dom', 'num_play_dom', 'mv_play_int', 'num_play_int', 'int_perc')",0.432736898
"('gdp_usd', 'mv_usd', 'elo_rating', 'mv_play_dom', 'num_play_dom', 'mv_play_int', 'num_play_int', 'dom_perc', 'int_perc')",0.432736898
"('gdp_usd', 'elo_rating', 'qol', 'num_play_dom', 'dom_int_mv_ratio', 'dom_perc')",0.432709717
"('gdp_usd', 'elo_rating', 'qol', 'num_play_dom', 'dom_int_mv_ratio', 'int_perc')",0.432709717
"('gdp_usd', 'elo_rating', 'qol', 'num_play_dom', 'dom_int_mv_ratio', 'dom_perc', 'int_perc')",0.432709717
"('gdp_usd', 'elo_rating', 'qol', 'num_play_dom', 'dom_perc')",0.432664968
"('gdp_usd', 'elo_rating', 'qol', 'num_play_dom', 'int_perc')",0.432664968
"('gdp_usd', 'elo_rating', 'qol', 'num_play_dom', 'dom_perc', 'int_perc')",0.432664968
"('power_rating', 'life_exp', 'qol', 'mv_play_dom', 'num_play_dom', 'dom_perc')",0.432399869
"('power_rating', 'life_exp', 'qol', 'mv_play_dom', 'num_play_dom', 'int_perc')",0.432399869
"('power_rating', 'life_exp', 'qol', 'mv_play_dom', 'num_play_dom', 'dom_perc', 'int_perc')",0.432399869
"('power_rating', 'gdp_usd', 'bmi', 'life_exp', 'qol', 'mv_play_dom', 'dom_perc')",0.432395191
"('power_rating', 'gdp_usd', 'bmi', 'life_exp', 'qol', 'mv_play_dom', 'int_perc')",0.432395191
"('power_rating', 'gdp_usd', 'bmi', 'life_exp', 'qol', 'mv_play_dom', 'dom_perc', 'int_perc')",0.432395191
"('gdp_usd', 'mv_usd', 'elo_rating', 'life_exp', 'mv_play_dom', 'num_play_dom', 'num_play_int', 'dom_perc')",0.43233787
"('gdp_usd', 'mv_usd', 'elo_rating', 'life_exp', 'mv_play_dom', 'num_play_dom', 'num_play_int', 'int_perc')",0.43233787
"('gdp_usd', 'mv_usd', 'elo_rating', 'life_exp', 'mv_play_dom', 'num_play_dom', 'num_play_int', 'dom_perc', 'int_perc')",0.43233787
"('gdp_usd', 'mv_usd', 'bmi', 'qol', 'mv_play_dom', 'num_play_dom', 'mv_play_int', 'dom_int_mv_ratio')",0.43212393
"('gdp_usd', 'mv_usd', 'bmi', 'life_exp', 'mv_play_dom', 'num_play_dom', 'num_play_int')",0.432020694
"('power_rating', 'gdp_usd', 'bmi', 'qol', 'mv_play_dom', 'dom_perc')",0.432017318
"('power_rating', 'gdp_usd', 'bmi', 'qol', 'mv_play_dom', 'dom_perc', 'int_perc')",0.432017318
"('power_rating', 'gdp_usd', 'bmi', 'qol', 'mv_play_dom', 'int_perc')",0.432017318
"('power_rating', 'gdp_usd', 'mv_usd', 'bmi', 'life_exp', 'qol', 'mv_play_dom', 'num_play_int', 'dom_int_mv_ratio')",0.431935924
"('gdp_usd', 'mv_usd', 'elo_rating', 'mv_play_dom', 'num_play_dom', 'num_play_int', 'dom_perc')",0.431873165
"('gdp_usd', 'mv_usd', 'elo_rating', 'mv_play_dom', 'num_play_dom', 'num_play_int', 'int_perc')",0.431873165
"('gdp_usd', 'mv_usd', 'elo_rating', 'mv_play_dom', 'num_play_dom', 'num_play_int', 'dom_perc', 'int_perc')",0.431873165
"('power_rating', 'mv_usd', 'elo_rating', 'qol', 'num_play_int')",0.431808202
"('power_rating', 'mv_usd', 'bmi', 'life_exp', 'num_play_dom', 'num_play_int')",0.431740643
"('gdp_usd', 'elo_rating', 'qol', 'mv_play_dom', 'num_play_dom', 'mv_play_int', 'num_play_int', 'dom_int_mv_ratio')",0.431730883
"('gdp_usd', 'mv_usd', 'elo_rating', 'life_exp', 'mv_play_dom', 'num_play_dom', 'mv_play_int', 'num_play_int')",0.431727134
"('power_rating', 'gdp_usd', 'bmi', 'qol', 'num_play_dom', 'num_play_int', 'dom_perc')",0.431653789
"('power_rating', 'gdp_usd', 'bmi', 'qol', 'num_play_dom', 'num_play_int', 'int_perc')",0.431653789
"('power_rating', 'gdp_usd', 'bmi', 'qol', 'num_play_dom', 'num_play_int', 'dom_perc', 'int_perc')",0.431653789
"('gdp_usd', 'mv_usd', 'elo_rating', 'life_exp', 'mv_play_dom', 'num_play_dom', 'num_play_int')",0.43146805
"('gdp_usd', 'elo_rating', 'qol', 'num_play_dom', 'mv_play_int', 'num_play_int', 'dom_int_mv_ratio')",0.431435788
"('gdp_usd', 'mv_usd', 'bmi', 'mv_play_dom', 'num_play_dom', 'mv_play_int', 'num_play_int', 'dom_perc')",0.431293042
"('gdp_usd', 'mv_usd', 'bmi', 'mv_play_dom', 'num_play_dom', 'mv_play_int', 'num_play_int', 'int_perc')",0.431293042
"('gdp_usd', 'mv_usd', 'bmi', 'mv_play_dom', 'num_play_dom', 'mv_play_int', 'num_play_int', 'dom_perc', 'int_perc')",0.431293042
"('gdp_usd', 'mv_usd', 'bmi', 'life_exp', 'qol', 'mv_play_dom', 'num_play_dom', 'mv_play_int')",0.431273116
"('power_rating', 'gdp_usd', 'mv_usd', 'bmi', 'qol', 'mv_play_dom', 'num_play_int', 'dom_int_mv_ratio')",0.431178925
"('power_rating', 'gdp_usd', 'qol', 'mv_play_dom', 'num_play_dom', 'dom_perc')",0.431172662
"('power_rating', 'gdp_usd', 'qol', 'mv_play_dom', 'num_play_dom', 'int_perc')",0.431172662
"('power_rating', 'gdp_usd', 'qol', 'mv_play_dom', 'num_play_dom', 'dom_perc', 'int_perc')",0.431172662
"('gdp_usd', 'mv_usd', 'life_exp', 'qol', 'mv_play_dom', 'num_play_dom', 'mv_play_int')",0.431128174
"('gdp_usd', 'qol', 'mv_play_dom', 'num_play_dom', 'mv_play_int', 'num_play_int', 'dom_int_mv_ratio')",0.431117677
"('power_rating', 'gdp_usd', 'mv_usd', 'bmi', 'life_exp', 'qol', 'mv_play_dom', 'dom_int_mv_ratio')",0.431116847
"('power_rating', 'gdp_usd', 'life_exp', 'qol', 'mv_play_dom', 'dom_perc')",0.430981144
"('power_rating', 'gdp_usd', 'life_exp', 'qol', 'mv_play_dom', 'int_perc')",0.430981144
"('power_rating', 'gdp_usd', 'life_exp', 'qol', 'mv_play_dom', 'dom_perc', 'int_perc')",0.430981144
"('gdp_usd', 'mv_usd', 'bmi', 'mv_play_dom', 'num_play_dom', 'num_play_int', 'dom_perc')",0.430936058
"('gdp_usd', 'mv_usd', 'bmi', 'mv_play_dom', 'num_play_dom', 'num_play_int', 'int_perc')",0.430936058
"('gdp_usd', 'mv_usd', 'bmi', 'mv_play_dom', 'num_play_dom', 'num_play_int', 'dom_perc', 'int_perc')",0.430936058
"('gdp_usd', 'mv_usd', 'qol', 'mv_play_dom', 'num_play_dom', 'mv_play_int', 'dom_int_mv_ratio')",0.430883285
"('gdp_usd', 'mv_usd', 'elo_rating', 'bmi', 'life_exp', 'mv_play_dom', 'num_play_dom', 'mv_play_int', 'dom_perc')",0.430866285
"('gdp_usd', 'mv_usd', 'elo_rating', 'bmi', 'life_exp', 'mv_play_dom', 'num_play_dom', 'mv_play_int', 'int_perc')",0.430866285
"('gdp_usd', 'mv_usd', 'elo_rating', 'bmi', 'life_exp', 'mv_play_dom', 'num_play_dom', 'mv_play_int', 'dom_perc', 'int_perc')",0.430866285
"('gdp_usd', 'bmi', 'qol', 'num_play_dom', 'num_play_int', 'dom_perc')",0.430636553
"('gdp_usd', 'bmi', 'qol', 'num_play_dom', 'num_play_int', 'int_perc')",0.430636553
"('gdp_usd', 'bmi', 'qol', 'num_play_dom', 'num_play_int', 'dom_perc', 'int_perc')",0.430636553
"('gdp_usd', 'mv_usd', 'elo_rating', 'mv_play_dom', 'num_play_dom', 'mv_play_int', 'num_play_int')",0.430507034
"('power_rating', 'bmi', 'mv_play_dom', 'num_play_dom', 'dom_int_mv_ratio')",0.430476679
"('power_rating', 'gdp_usd', 'mv_usd', 'elo_rating', 'bmi', 'qol')",0.430395369
"('bmi', 'life_exp', 'mv_play_int', 'dom_int_mv_ratio', 'dom_perc')",0.430369429
"('bmi', 'life_exp', 'mv_play_int', 'dom_int_mv_ratio', 'int_perc')",0.430369429
"('bmi', 'life_exp', 'mv_play_int', 'dom_int_mv_ratio', 'dom_perc', 'int_perc')",0.430369429
"('bmi', 'life_exp', 'mv_play_int', 'dom_perc')",0.430353379
"('bmi', 'life_exp', 'mv_play_int', 'int_perc')",0.430353379
"('bmi', 'life_exp', 'mv_play_int', 'dom_perc', 'int_perc')",0.430353379
"('gdp_usd', 'mv_usd', 'elo_rating', 'mv_play_dom', 'num_play_dom', 'num_play_int')",0.430339623
"('power_rating', 'gdp_usd', 'elo_rating', 'bmi', 'qol')",0.429937105
"('gdp_usd', 'qol', 'num_play_dom', 'mv_play_int', 'dom_int_mv_ratio', 'dom_perc')",0.42992492
"('gdp_usd', 'qol', 'num_play_dom', 'mv_play_int', 'dom_int_mv_ratio', 'int_perc')",0.42992492
"('gdp_usd', 'qol', 'num_play_dom', 'mv_play_int', 'dom_int_mv_ratio', 'dom_perc', 'int_perc')",0.42992492
"('power_rating', 'gdp_usd', 'bmi', 'life_exp', 'num_play_dom', 'dom_int_mv_ratio', 'dom_perc')",0.429848155
"('power_rating', 'gdp_usd', 'bmi', 'life_exp', 'num_play_dom', 'dom_int_mv_ratio', 'int_perc')",0.429848155
"('power_rating', 'gdp_usd', 'bmi', 'life_exp', 'num_play_dom', 'dom_int_mv_ratio', 'dom_perc', 'int_perc')",0.429848155
"('power_rating', 'gdp_usd', 'qol', 'mv_play_dom', 'dom_perc')",0.429810315
"('power_rating', 'gdp_usd', 'qol', 'mv_play_dom', 'int_perc')",0.429810315
"('power_rating', 'gdp_usd', 'qol', 'mv_play_dom', 'dom_perc', 'int_perc')",0.429810315
"('gdp_usd', 'mv_usd', 'elo_rating', 'bmi', 'life_exp', 'mv_play_dom', 'num_play_dom', 'dom_perc')",0.429753705
"('gdp_usd', 'mv_usd', 'elo_rating', 'bmi', 'life_exp', 'mv_play_dom', 'num_play_dom', 'int_perc')",0.429753705
"('gdp_usd', 'mv_usd', 'elo_rating', 'bmi', 'life_exp', 'mv_play_dom', 'num_play_dom', 'dom_perc', 'int_perc')",0.429753705
"('gdp_usd', 'qol', 'num_play_dom', 'mv_play_int', 'dom_perc')",0.429741784
"('gdp_usd', 'qol', 'num_play_dom', 'mv_play_int', 'int_perc')",0.429741784
"('gdp_usd', 'qol', 'num_play_dom', 'mv_play_int', 'dom_perc', 'int_perc')",0.429741784
"('power_rating', 'gdp_usd', 'mv_usd', 'bmi', 'qol', 'mv_play_dom', 'dom_int_mv_ratio')",0.429548246
"('bmi', 'life_exp', 'qol', 'mv_play_dom', 'mv_play_int', 'num_play_int', 'dom_int_mv_ratio')",0.429521355
"('power_rating', 'elo_rating', 'life_exp', 'qol', 'num_play_int')",0.429465215
"('gdp_usd', 'qol', 'num_play_dom', 'mv_play_int', 'num_play_int', 'dom_int_mv_ratio')",0.429445219
"('gdp_usd', 'elo_rating', 'qol', 'mv_play_dom', 'num_play_dom', 'mv_play_int', 'num_play_int')",0.429419113
"('gdp_usd', 'elo_rating', 'qol', 'num_play_dom', 'mv_play_int', 'num_play_int')",0.429363381
"('power_rating', 'mv_usd', 'elo_rating', 'bmi', 'qol')",0.429104647
"('power_rating', 'bmi', 'num_play_dom', 'num_play_int', 'dom_int_mv_ratio')",0.429054718
"('power_rating', 'bmi', 'qol', 'num_play_dom', 'num_play_int', 'dom_perc')",0.428974977
"('power_rating', 'bmi', 'qol', 'num_play_dom', 'num_play_int', 'int_perc')",0.428974977
"('power_rating', 'bmi', 'qol', 'num_play_dom', 'num_play_int', 'dom_perc', 'int_perc')",0.428974977
"('gdp_usd', 'mv_usd', 'elo_rating', 'bmi', 'mv_play_dom', 'num_play_dom', 'mv_play_int', 'dom_perc')",0.428970101
"('gdp_usd', 'mv_usd', 'elo_rating', 'bmi', 'mv_play_dom', 'num_play_dom', 'mv_play_int', 'int_perc')",0.428970101
"('gdp_usd', 'mv_usd', 'elo_rating', 'bmi', 'mv_play_dom', 'num_play_dom', 'mv_play_int', 'dom_perc', 'int_perc')",0.428970101
"('bmi', 'life_exp', 'dom_int_mv_ratio', 'dom_perc')",0.428941574
"('bmi', 'life_exp', 'dom_int_mv_ratio', 'int_perc')",0.428941574
"('bmi', 'life_exp', 'dom_int_mv_ratio', 'dom_perc', 'int_perc')",0.428941574
"('power_rating', 'qol', 'mv_play_dom', 'num_play_dom', 'int_perc')",0.428932837
"('power_rating', 'qol', 'mv_play_dom', 'num_play_dom', 'dom_perc')",0.428932837
"('power_rating', 'qol', 'mv_play_dom', 'num_play_dom', 'dom_perc', 'int_perc')",0.428932837
"('power_rating', 'elo_rating', 'qol', 'num_play_int')",0.428878207
"('power_rating', 'gdp_usd', 'bmi', 'life_exp', 'num_play_dom', 'dom_int_mv_ratio')",0.428732838
"('gdp_usd', 'bmi', 'qol', 'num_play_dom', 'dom_int_mv_ratio', 'dom_perc')",0.428730048
"('gdp_usd', 'bmi', 'qol', 'num_play_dom', 'dom_int_mv_ratio', 'int_perc')",0.428730048
"('gdp_usd', 'bmi', 'qol', 'num_play_dom', 'dom_int_mv_ratio', 'dom_perc', 'int_perc')",0.428730048
"('power_rating', 'gdp_usd', 'mv_usd', 'life_exp', 'qol', 'mv_play_dom', 'num_play_int', 'dom_int_mv_ratio')",0.428594332
"('bmi', 'life_exp', 'dom_perc')",0.428385778
"('bmi', 'life_exp', 'int_perc')",0.428385778
"('bmi', 'life_exp', 'dom_perc', 'int_perc')",0.428385778
"('power_rating', 'gdp_usd', 'mv_usd', 'bmi', 'mv_play_dom', 'num_play_dom', 'num_play_int')",0.42832164
"('gdp_usd', 'mv_usd', 'bmi', 'life_exp', 'mv_play_dom', 'num_play_dom', 'mv_play_int', 'dom_perc')",0.428198402
"('gdp_usd', 'mv_usd', 'bmi', 'life_exp', 'mv_play_dom', 'num_play_dom', 'mv_play_int', 'int_perc')",0.428198402
"('gdp_usd', 'mv_usd', 'bmi', 'life_exp', 'mv_play_dom', 'num_play_dom', 'mv_play_int', 'dom_perc', 'int_perc')",0.428198402
"('gdp_usd', 'mv_usd', 'bmi', 'life_exp', 'mv_play_dom', 'num_play_dom', 'dom_perc')",0.428193476
"('gdp_usd', 'mv_usd', 'bmi', 'life_exp', 'mv_play_dom', 'num_play_dom', 'int_perc')",0.428193476
"('gdp_usd', 'mv_usd', 'bmi', 'life_exp', 'mv_play_dom', 'num_play_dom', 'dom_perc', 'int_perc')",0.428193476
"('gdp_usd', 'qol', 'mv_play_dom', 'num_play_dom', 'mv_play_int', 'num_play_int')",0.42812773
"('power_rating', 'gdp_usd', 'mv_usd', 'life_exp', 'num_play_dom', 'num_play_int')",0.428090317
"('power_rating', 'gdp_usd', 'mv_usd', 'bmi', 'life_exp', 'mv_play_dom', 'dom_int_mv_ratio', 'dom_perc')",0.428047834
"('power_rating', 'gdp_usd', 'mv_usd', 'bmi', 'life_exp', 'mv_play_dom', 'dom_int_mv_ratio', 'int_perc')",0.428047834
"('power_rating', 'gdp_usd', 'mv_usd', 'bmi', 'life_exp', 'mv_play_dom', 'dom_int_mv_ratio', 'dom_perc', 'int_perc')",0.428047834
"('gdp_usd', 'mv_usd', 'elo_rating', 'bmi', 'mv_play_dom', 'mv_play_int', 'num_play_int', 'dom_int_mv_ratio', 'dom_perc')",0.428035463
"('gdp_usd', 'mv_usd', 'elo_rating', 'bmi', 'mv_play_dom', 'mv_play_int', 'num_play_int', 'dom_int_mv_ratio', 'int_perc')",0.428035463
"('gdp_usd', 'mv_usd', 'elo_rating', 'bmi', 'mv_play_dom', 'mv_play_int', 'num_play_int', 'dom_int_mv_ratio', 'dom_perc', 'int_perc')",0.428035463
"('power_rating', 'gdp_usd', 'mv_usd', 'bmi', 'life_exp', 'mv_play_dom', 'num_play_dom')",0.428026719
"('power_rating', 'elo_rating', 'bmi', 'qol')",0.428010423
"('power_rating', 'gdp_usd', 'mv_usd', 'bmi', 'life_exp', 'dom_int_mv_ratio', 'dom_perc')",0.427951891
"('power_rating', 'gdp_usd', 'mv_usd', 'bmi', 'life_exp', 'dom_int_mv_ratio', 'int_perc')",0.427951891
"('power_rating', 'gdp_usd', 'mv_usd', 'bmi', 'life_exp', 'dom_int_mv_ratio', 'dom_perc', 'int_perc')",0.427951891
"('gdp_usd', 'qol', 'num_play_dom', 'mv_play_int', 'num_play_int')",0.427826497
"('gdp_usd', 'mv_usd', 'elo_rating', 'bmi', 'mv_play_dom', 'num_play_dom', 'dom_perc')",0.427812479
"('gdp_usd', 'mv_usd', 'elo_rating', 'bmi', 'mv_play_dom', 'num_play_dom', 'int_perc')",0.427812479
"('gdp_usd', 'mv_usd', 'elo_rating', 'bmi', 'mv_play_dom', 'num_play_dom', 'dom_perc', 'int_perc')",0.427812479
"('power_rating', 'elo_rating', 'mv_play_dom', 'num_play_dom')",0.427804354
"('power_rating', 'gdp_usd', 'mv_usd', 'life_exp', 'qol', 'mv_play_dom', 'dom_int_mv_ratio')",0.427797408
"('power_rating', 'mv_usd', 'bmi', 'life_exp', 'mv_play_dom', 'num_play_dom')",0.427682518
"('gdp_usd', 'mv_usd', 'bmi', 'life_exp', 'mv_play_dom', 'num_play_int', 'dom_int_mv_ratio', 'dom_perc')",0.427575321
"('gdp_usd', 'mv_usd', 'bmi', 'life_exp', 'mv_play_dom', 'num_play_int', 'dom_int_mv_ratio', 'int_perc')",0.427575321
"('gdp_usd', 'mv_usd', 'bmi', 'life_exp', 'mv_play_dom', 'num_play_int', 'dom_int_mv_ratio', 'dom_perc', 'int_perc')",0.427575321
"('elo_rating', 'bmi', 'life_exp', 'qol', 'num_play_dom', 'num_play_int', 'dom_perc')",0.427513202
"('elo_rating', 'bmi', 'life_exp', 'qol', 'num_play_dom', 'num_play_int', 'int_perc')",0.427513202
"('elo_rating', 'bmi', 'life_exp', 'qol', 'num_play_dom', 'num_play_int', 'dom_perc', 'int_perc')",0.427513202
"('elo_rating', 'bmi', 'life_exp', 'qol', 'num_play_dom', 'num_play_int')",0.427494528
"('power_rating', 'elo_rating', 'num_play_dom')",0.427456663
"('elo_rating', 'bmi', 'life_exp', 'qol', 'num_play_int', 'dom_perc')",0.427424534
"('elo_rating', 'bmi', 'life_exp', 'qol', 'num_play_int', 'int_perc')",0.427424534
"('elo_rating', 'bmi', 'life_exp', 'qol', 'num_play_int', 'dom_perc', 'int_perc')",0.427424534
"('gdp_usd', 'mv_usd', 'bmi', 'mv_play_dom', 'num_play_dom', 'mv_play_int', 'num_play_int')",0.427300782
"('mv_play_dom', 'num_play_int', 'dom_perc')",0.427203663
"('mv_play_dom', 'num_play_int', 'int_perc')",0.427203663
"('mv_play_dom', 'num_play_int', 'dom_perc', 'int_perc')",0.427203663
"('power_rating', 'gdp_usd', 'mv_usd', 'elo_rating', 'life_exp', 'qol')",0.426886767
"('gdp_usd', 'mv_usd', 'bmi', 'mv_play_dom', 'mv_play_int', 'num_play_int', 'dom_int_mv_ratio', 'dom_perc')",0.426757653
"('gdp_usd', 'mv_usd', 'bmi', 'mv_play_dom', 'mv_play_int', 'num_play_int', 'dom_int_mv_ratio', 'int_perc')",0.426757653
"('gdp_usd', 'mv_usd', 'bmi', 'mv_play_dom', 'mv_play_int', 'num_play_int', 'dom_int_mv_ratio', 'dom_perc', 'int_perc')",0.426757653
"('gdp_usd', 'qol', 'num_play_dom', 'num_play_int', 'dom_int_mv_ratio', 'dom_perc')",0.426179454
"('gdp_usd', 'qol', 'num_play_dom', 'num_play_int', 'dom_int_mv_ratio', 'int_perc')",0.426179454
"('gdp_usd', 'qol', 'num_play_dom', 'num_play_int', 'dom_int_mv_ratio', 'dom_perc', 'int_perc')",0.426179454
"('power_rating', 'gdp_usd', 'mv_usd', 'qol', 'mv_play_dom', 'num_play_int', 'dom_int_mv_ratio')",0.426002698
"('gdp_usd', 'mv_usd', 'bmi', 'mv_play_dom', 'num_play_dom', 'mv_play_int', 'dom_perc')",0.425968815
"('gdp_usd', 'mv_usd', 'bmi', 'mv_play_dom', 'num_play_dom', 'mv_play_int', 'int_perc')",0.425968815
"('gdp_usd', 'mv_usd', 'bmi', 'mv_play_dom', 'num_play_dom', 'mv_play_int', 'dom_perc', 'int_perc')",0.425968815
"('gdp_usd', 'mv_usd', 'bmi', 'mv_play_dom', 'num_play_dom', 'dom_perc')",0.425968444
"('gdp_usd', 'mv_usd', 'bmi', 'mv_play_dom', 'num_play_dom', 'int_perc')",0.425968444
"('gdp_usd', 'mv_usd', 'bmi', 'mv_play_dom', 'num_play_dom', 'dom_perc', 'int_perc')",0.425968444
"('gdp_usd', 'bmi', 'qol', 'num_play_dom', 'dom_perc')",0.425872318
"('gdp_usd', 'bmi', 'qol', 'num_play_dom', 'int_perc')",0.425872318
"('gdp_usd', 'bmi', 'qol', 'num_play_dom', 'dom_perc', 'int_perc')",0.425872318
"('gdp_usd', 'mv_usd', 'elo_rating', 'bmi', 'life_exp', 'qol', 'mv_play_dom', 'num_play_int', 'dom_int_mv_ratio')",0.425860513
"('gdp_usd', 'mv_usd', 'elo_rating', 'bmi', 'life_exp', 'qol', 'mv_play_dom', 'num_play_dom')",0.425709069
"('gdp_usd', 'mv_usd', 'elo_rating', 'life_exp', 'qol', 'mv_play_dom', 'num_play_dom')",0.425693734
"('power_rating', 'gdp_usd', 'elo_rating', 'bmi', 'life_exp', 'num_play_int', 'dom_int_mv_ratio')",0.425626986
"('power_rating', 'gdp_usd', 'mv_usd', 'bmi', 'life_exp', 'num_play_dom')",0.425512747
"('elo_rating', 'bmi', 'life_exp', 'qol', 'num_play_int')",0.425466976
"('power_rating', 'mv_usd', 'bmi', 'mv_play_dom', 'num_play_dom', 'num_play_int')",0.425360839
"('elo_rating', 'life_exp', 'qol', 'num_play_dom', 'num_play_int', 'dom_perc')",0.425288522
"('elo_rating', 'life_exp', 'qol', 'num_play_dom', 'num_play_int', 'int_perc')",0.425288522
"('elo_rating', 'life_exp', 'qol', 'num_play_dom', 'num_play_int', 'dom_perc', 'int_perc')",0.425288522
"('elo_rating', 'life_exp', 'qol', 'num_play_int', 'dom_perc')",0.42528282
"('elo_rating', 'life_exp', 'qol', 'num_play_int', 'int_perc')",0.42528282
"('elo_rating', 'life_exp', 'qol', 'num_play_int', 'dom_perc', 'int_perc')",0.42528282
"('elo_rating', 'life_exp', 'qol', 'num_play_dom', 'num_play_int')",0.425275743
"('power_rating', 'mv_usd', 'life_exp', 'mv_play_dom', 'num_play_dom', 'num_play_int')",0.42518762
"('gdp_usd', 'elo_rating', 'qol', 'mv_play_dom', 'num_play_dom', 'num_play_int', 'dom_int_mv_ratio')",0.425156853
"('gdp_usd', 'elo_rating', 'qol', 'num_play_dom', 'num_play_int', 'dom_int_mv_ratio')",0.425151773
"('gdp_usd', 'mv_usd', 'elo_rating', 'bmi', 'life_exp', 'qol', 'mv_play_dom', 'mv_play_int', 'num_play_int')",0.424958272
"('gdp_usd', 'elo_rating', 'qol', 'mv_play_dom', 'num_play_dom', 'num_play_int')",0.424923469
"('power_rating', 'gdp_usd', 'mv_usd', 'elo_rating', 'bmi', 'num_play_int', 'dom_int_mv_ratio')",0.4249122
"('power_rating', 'mv_usd', 'elo_rating', 'bmi', 'num_play_int', 'dom_int_mv_ratio')",0.42490867
"('power_rating', 'mv_usd', 'elo_rating', 'life_exp', 'qol')",0.424906625
"('power_rating', 'gdp_usd', 'mv_usd', 'elo_rating', 'num_play_int', 'dom_int_mv_ratio')",0.424886073
"('power_rating', 'mv_usd', 'elo_rating', 'num_play_int', 'dom_int_mv_ratio')",0.424885901
"('gdp_usd', 'elo_rating', 'qol', 'num_play_dom', 'num_play_int')",0.424821372
"('power_rating', 'mv_usd', 'mv_play_dom', 'num_play_int', 'dom_perc')",0.42479224
"('power_rating', 'mv_usd', 'mv_play_dom', 'num_play_int', 'int_perc')",0.42479224
"('power_rating', 'mv_usd', 'mv_play_dom', 'num_play_int', 'dom_perc', 'int_perc')",0.42479224
"('elo_rating', 'life_exp', 'qol', 'num_play_int')",0.424747745
"('power_rating', 'gdp_usd', 'elo_rating', 'life_exp', 'qol')",0.424734708
"('gdp_usd', 'mv_usd', 'bmi', 'life_exp', 'qol', 'mv_play_dom', 'mv_play_int', 'num_play_int')",0.424684798
"('gdp_usd', 'mv_usd', 'bmi', 'mv_play_dom', 'num_play_dom', 'num_play_int')",0.424523867
"('power_rating', 'gdp_usd', 'life_exp', 'num_play_dom', 'dom_int_mv_ratio', 'dom_perc')",0.42451972
"('power_rating', 'gdp_usd', 'life_exp', 'num_play_dom', 'dom_int_mv_ratio', 'int_perc')",0.42451972
"('power_rating', 'gdp_usd', 'life_exp', 'num_play_dom', 'dom_int_mv_ratio', 'dom_perc', 'int_perc')",0.42451972
"('power_rating', 'bmi', 'life_exp', 'num_play_dom', 'dom_int_mv_ratio', 'dom_perc')",0.424269989
"('power_rating', 'bmi', 'life_exp', 'num_play_dom', 'dom_int_mv_ratio', 'int_perc')",0.424269989
"('power_rating', 'bmi', 'life_exp', 'num_play_dom', 'dom_int_mv_ratio', 'dom_perc', 'int_perc')",0.424269989
"('power_rating', 'bmi', 'life_exp', 'num_play_dom', 'dom_int_mv_ratio')",0.424259483
"('power_rating', 'gdp_usd', 'mv_usd', 'mv_play_dom', 'num_play_dom', 'num_play_int', 'dom_int_mv_ratio')",0.424195488
"('gdp_usd', 'bmi', 'qol', 'mv_play_dom', 'num_play_dom', 'num_play_int', 'dom_int_mv_ratio')",0.424041862
"('gdp_usd', 'bmi', 'qol', 'mv_play_dom', 'num_play_dom', 'num_play_int')",0.424007103
"('power_rating', 'gdp_usd', 'mv_usd', 'elo_rating', 'qol')",0.423849814
"('mv_usd', 'life_exp', 'mv_play_int', 'num_play_int')",0.423834357
"('gdp_usd', 'qol', 'num_play_dom', 'num_play_int', 'int_perc')",0.423811569
"('gdp_usd', 'qol', 'num_play_dom', 'num_play_int', 'dom_perc', 'int_perc')",0.423811569
"('gdp_usd', 'qol', 'num_play_dom', 'num_play_int', 'dom_perc')",0.423811569
"('power_rating', 'elo_rating', 'bmi', 'life_exp', 'num_play_int', 'dom_int_mv_ratio')",0.423783258
"('power_rating', 'mv_usd', 'bmi', 'life_exp', 'num_play_dom')",0.42375707
"('power_rating', 'gdp_usd', 'mv_usd', 'num_play_dom', 'num_play_int', 'dom_int_mv_ratio')",0.423694634
"('elo_rating', 'bmi', 'qol', 'num_play_dom', 'num_play_int', 'dom_perc')",0.423519697
"('elo_rating', 'bmi', 'qol', 'num_play_dom', 'num_play_int', 'int_perc')",0.423519697
"('elo_rating', 'bmi', 'qol', 'num_play_dom', 'num_play_int', 'dom_perc', 'int_perc')",0.423519697
"('power_rating', 'gdp_usd', 'mv_usd', 'qol', 'mv_play_dom', 'dom_int_mv_ratio')",0.423509527
"('elo_rating', 'bmi', 'qol', 'num_play_dom', 'num_play_int')",0.423334436
"('power_rating', 'gdp_usd', 'bmi', 'life_exp', 'qol', 'mv_play_dom', 'num_play_dom', 'num_play_int')",0.423326176
"('gdp_usd', 'mv_usd', 'elo_rating', 'bmi', 'mv_play_dom', 'num_play_int', 'dom_int_mv_ratio', 'dom_perc')",0.423297515
"('gdp_usd', 'mv_usd', 'elo_rating', 'bmi', 'mv_play_dom', 'num_play_int', 'dom_int_mv_ratio', 'int_perc')",0.423297515
"('gdp_usd', 'mv_usd', 'elo_rating', 'bmi', 'mv_play_dom', 'num_play_int', 'dom_int_mv_ratio', 'dom_perc', 'int_perc')",0.423297515
"('power_rating', 'gdp_usd', 'life_exp', 'num_play_dom', 'dom_int_mv_ratio')",0.42329709
"('power_rating', 'bmi', 'life_exp', 'qol', 'mv_play_dom', 'dom_perc')",0.423295857
"('power_rating', 'bmi', 'life_exp', 'qol', 'mv_play_dom', 'int_perc')",0.423295857
"('power_rating', 'bmi', 'life_exp', 'qol', 'mv_play_dom', 'dom_perc', 'int_perc')",0.423295857
"('power_rating', 'life_exp', 'qol', 'mv_play_dom', 'dom_perc')",0.42307625
"('power_rating', 'life_exp', 'qol', 'mv_play_dom', 'int_perc')",0.42307625
"('power_rating', 'life_exp', 'qol', 'mv_play_dom', 'dom_perc', 'int_perc')",0.42307625
"('gdp_usd', 'mv_usd', 'life_exp', 'mv_play_dom', 'num_play_dom', 'mv_play_int', 'num_play_int', 'dom_perc')",0.422943431
"('gdp_usd', 'mv_usd', 'life_exp', 'mv_play_dom', 'num_play_dom', 'mv_play_int', 'num_play_int', 'int_perc')",0.422943431
"('gdp_usd', 'mv_usd', 'life_exp', 'mv_play_dom', 'num_play_dom', 'mv_play_int', 'num_play_int', 'dom_perc', 'int_perc')",0.422943431
"('gdp_usd', 'mv_usd', 'mv_play_dom', 'num_play_dom', 'mv_play_int', 'num_play_int', 'dom_perc')",0.422871404
"('gdp_usd', 'mv_usd', 'mv_play_dom', 'num_play_dom', 'mv_play_int', 'num_play_int', 'int_perc')",0.422871404
"('gdp_usd', 'mv_usd', 'mv_play_dom', 'num_play_dom', 'mv_play_int', 'num_play_int', 'dom_perc', 'int_perc')",0.422871404
"('elo_rating', 'bmi', 'qol', 'num_play_int', 'dom_perc')",0.422857216
"('elo_rating', 'bmi', 'qol', 'num_play_int', 'int_perc')",0.422857216
"('elo_rating', 'bmi', 'qol', 'num_play_int', 'dom_perc', 'int_perc')",0.422857216
"('power_rating', 'gdp_usd', 'elo_rating', 'qol')",0.422856395
"('power_rating', 'gdp_usd', 'life_exp', 'qol', 'num_play_int', 'dom_perc')",0.422661231
"('power_rating', 'gdp_usd', 'life_exp', 'qol', 'num_play_int', 'int_perc')",0.422661231
"('power_rating', 'gdp_usd', 'life_exp', 'qol', 'num_play_int', 'dom_perc', 'int_perc')",0.422661231
"('gdp_usd', 'qol', 'num_play_dom', 'dom_int_mv_ratio', 'dom_perc')",0.42264573
"('gdp_usd', 'qol', 'num_play_dom', 'dom_int_mv_ratio', 'int_perc')",0.42264573
"('gdp_usd', 'qol', 'num_play_dom', 'dom_int_mv_ratio', 'dom_perc', 'int_perc')",0.42264573
"('power_rating', 'bmi', 'qol', 'mv_play_dom', 'dom_perc')",0.422199476
"('power_rating', 'bmi', 'qol', 'mv_play_dom', 'int_perc')",0.422199476
"('power_rating', 'bmi', 'qol', 'mv_play_dom', 'dom_perc', 'int_perc')",0.422199476
"('power_rating', 'mv_usd', 'num_play_int', 'dom_perc')",0.421932506
"('power_rating', 'mv_usd', 'num_play_int', 'int_perc')",0.421932506
"('power_rating', 'mv_usd', 'num_play_int', 'dom_perc', 'int_perc')",0.421932506
"('elo_rating', 'bmi', 'life_exp', 'num_play_dom', 'num_play_int', 'dom_perc')",0.421816808
"('elo_rating', 'bmi', 'life_exp', 'num_play_dom', 'num_play_int', 'int_perc')",0.421816808
"('elo_rating', 'bmi', 'life_exp', 'num_play_dom', 'num_play_int', 'dom_perc', 'int_perc')",0.421816808
"('elo_rating', 'bmi', 'life_exp', 'num_play_dom', 'num_play_int')",0.421721034
"('elo_rating', 'bmi', 'life_exp', 'num_play_int', 'dom_perc')",0.421661575
"('elo_rating', 'bmi', 'life_exp', 'num_play_int', 'int_perc')",0.421661575
"('elo_rating', 'bmi', 'life_exp', 'num_play_int', 'dom_perc', 'int_perc')",0.421661575
"('elo_rating', 'bmi', 'qol', 'num_play_int')",0.421626431
"('power_rating', 'gdp_usd', 'mv_usd', 'life_exp', 'mv_play_dom', 'dom_int_mv_ratio', 'dom_perc')",0.421600344
"('power_rating', 'gdp_usd', 'mv_usd', 'life_exp', 'mv_play_dom', 'dom_int_mv_ratio', 'int_perc')",0.421600344
"('power_rating', 'gdp_usd', 'mv_usd', 'life_exp', 'mv_play_dom', 'dom_int_mv_ratio', 'dom_perc', 'int_perc')",0.421600344
"('power_rating', 'gdp_usd', 'mv_usd', 'life_exp', 'dom_int_mv_ratio', 'dom_perc')",0.421591001
"('power_rating', 'gdp_usd', 'mv_usd', 'life_exp', 'dom_int_mv_ratio', 'int_perc')",0.421591001
"('power_rating', 'gdp_usd', 'mv_usd', 'life_exp', 'dom_int_mv_ratio', 'dom_perc', 'int_perc')",0.421591001
"('gdp_usd', 'mv_usd', 'life_exp', 'mv_play_dom', 'num_play_dom', 'num_play_int', 'dom_perc')",0.42157071
"('gdp_usd', 'mv_usd', 'life_exp', 'mv_play_dom', 'num_play_dom', 'num_play_int', 'int_perc')",0.42157071
"('gdp_usd', 'mv_usd', 'life_exp', 'mv_play_dom', 'num_play_dom', 'num_play_int', 'dom_perc', 'int_perc')",0.42157071
"('gdp_usd', 'mv_usd', 'mv_play_dom', 'num_play_dom', 'num_play_int', 'dom_perc')",0.421557675
"('gdp_usd', 'mv_usd', 'mv_play_dom', 'num_play_dom', 'num_play_int', 'int_perc')",0.421557675
"('gdp_usd', 'mv_usd', 'mv_play_dom', 'num_play_dom', 'num_play_int', 'dom_perc', 'int_perc')",0.421557675
"('gdp_usd', 'mv_usd', 'life_exp', 'mv_play_dom', 'num_play_dom', 'mv_play_int', 'num_play_int')",0.421536652
"('power_rating', 'qol', 'mv_play_dom', 'dom_perc')",0.421485561
"('power_rating', 'qol', 'mv_play_dom', 'int_perc')",0.421485561
"('power_rating', 'qol', 'mv_play_dom', 'dom_perc', 'int_perc')",0.421485561
"('power_rating', 'gdp_usd', 'mv_play_dom', 'num_play_dom', 'num_play_int', 'dom_int_mv_ratio')",0.421349733
"('gdp_usd', 'mv_usd', 'elo_rating', 'life_exp', 'mv_play_dom', 'mv_play_int', 'num_play_int', 'dom_int_mv_ratio', 'dom_perc')",0.421242992
"('gdp_usd', 'mv_usd', 'elo_rating', 'life_exp', 'mv_play_dom', 'mv_play_int', 'num_play_int', 'dom_int_mv_ratio', 'int_perc')",0.421242992
"('gdp_usd', 'mv_usd', 'elo_rating', 'life_exp', 'mv_play_dom', 'mv_play_int', 'num_play_int', 'dom_int_mv_ratio', 'dom_perc', 'int_perc')",0.421242992
"('power_rating', 'gdp_usd', 'mv_usd', 'bmi', 'num_play_dom', 'num_play_int')",0.421182624
"('gdp_usd', 'mv_usd', 'mv_play_dom', 'num_play_dom', 'mv_play_int', 'num_play_int')",0.421040628
"('power_rating', 'mv_usd', 'elo_rating', 'qol')",0.421033558
"('mv_usd', 'bmi', 'qol', 'mv_play_int', 'num_play_int')",0.420731676
"('power_rating', 'gdp_usd', 'mv_usd', 'elo_rating', 'bmi', 'dom_int_mv_ratio')",0.420677645
"('power_rating', 'gdp_usd', 'mv_usd', 'elo_rating', 'dom_int_mv_ratio')",0.420669456
"('gdp_usd', 'bmi', 'qol', 'num_play_dom', 'num_play_int', 'dom_int_mv_ratio')",0.420600791
"('power_rating', 'elo_rating', 'life_exp', 'qol')",0.420581957
"('gdp_usd', 'qol', 'num_play_dom', 'dom_perc')",0.420547117
"('gdp_usd', 'qol', 'num_play_dom', 'int_perc')",0.420547117
"('gdp_usd', 'qol', 'num_play_dom', 'dom_perc', 'int_perc')",0.420547117
"('gdp_usd', 'mv_usd', 'elo_rating', 'bmi', 'qol', 'mv_play_int', 'num_play_int', 'dom_int_mv_ratio', 'dom_perc')",0.420509133
"('gdp_usd', 'mv_usd', 'elo_rating', 'bmi', 'qol', 'mv_play_int', 'num_play_int', 'dom_int_mv_ratio', 'int_perc')",0.420509133
"('gdp_usd', 'mv_usd', 'elo_rating', 'bmi', 'qol', 'mv_play_int', 'num_play_int', 'dom_int_mv_ratio', 'dom_perc', 'int_perc')",0.420509133
"('power_rating', 'gdp_usd', 'elo_rating', 'bmi', 'life_exp', 'dom_int_mv_ratio')",0.420336789
"('power_rating', 'elo_rating', 'bmi', 'life_exp', 'dom_int_mv_ratio')",0.420077207
"('bmi', 'qol', 'mv_play_dom', 'mv_play_int', 'dom_perc')",0.419976261
"('bmi', 'qol', 'mv_play_dom', 'mv_play_int', 'int_perc')",0.419976261
"('bmi', 'qol', 'mv_play_dom', 'mv_play_int', 'dom_perc', 'int_perc')",0.419976261
"('power_rating', 'mv_usd', 'elo_rating', 'bmi', 'dom_int_mv_ratio')",0.419965832
"('power_rating', 'mv_usd', 'elo_rating', 'dom_int_mv_ratio')",0.419834776
"('gdp_usd', 'mv_usd', 'elo_rating', 'qol', 'mv_play_int', 'num_play_int', 'dom_int_mv_ratio', 'dom_perc')",0.419812122
"('gdp_usd', 'mv_usd', 'elo_rating', 'qol', 'mv_play_int', 'num_play_int', 'dom_int_mv_ratio', 'int_perc')",0.419812122
"('gdp_usd', 'mv_usd', 'elo_rating', 'qol', 'mv_play_int', 'num_play_int', 'dom_int_mv_ratio', 'dom_perc', 'int_perc')",0.419812122
"('elo_rating', 'bmi', 'life_exp', 'qol', 'dom_int_mv_ratio', 'dom_perc')",0.419811735
"('elo_rating', 'bmi', 'life_exp', 'qol', 'dom_int_mv_ratio', 'int_perc')",0.419811735
"('elo_rating', 'bmi', 'life_exp', 'qol', 'dom_int_mv_ratio', 'dom_perc', 'int_perc')",0.419811735
"('elo_rating', 'qol', 'num_play_dom', 'num_play_int', 'dom_perc')",0.419631265
"('elo_rating', 'qol', 'num_play_dom', 'num_play_int', 'int_perc')",0.419631265
"('elo_rating', 'qol', 'num_play_dom', 'num_play_int', 'dom_perc', 'int_perc')",0.419631265
"('power_rating', 'gdp_usd', 'mv_usd', 'bmi', 'mv_play_dom', 'num_play_dom', 'dom_perc')",0.419617327
"('power_rating', 'gdp_usd', 'mv_usd', 'bmi', 'mv_play_dom', 'num_play_dom', 'int_perc')",0.419617327
"('power_rating', 'gdp_usd', 'mv_usd', 'bmi', 'mv_play_dom', 'num_play_dom', 'dom_perc', 'int_perc')",0.419617327
"('gdp_usd', 'mv_usd', 'elo_rating', 'bmi', 'life_exp', 'mv_play_dom', 'mv_play_int', 'num_play_int', 'dom_perc')",0.419524093
"('gdp_usd', 'mv_usd', 'elo_rating', 'bmi', 'life_exp', 'mv_play_dom', 'mv_play_int', 'num_play_int', 'int_perc')",0.419524093
"('gdp_usd', 'mv_usd', 'elo_rating', 'bmi', 'life_exp', 'mv_play_dom', 'mv_play_int', 'num_play_int', 'dom_perc', 'int_perc')",0.419524093
"('power_rating', 'gdp_usd', 'bmi', 'life_exp', 'mv_play_dom', 'num_play_dom', 'num_play_int')",0.419486785
"('gdp_usd', 'mv_usd', 'elo_rating', 'bmi', 'life_exp', 'mv_play_dom', 'num_play_int', 'dom_perc')",0.41935209
"('gdp_usd', 'mv_usd', 'elo_rating', 'bmi', 'life_exp', 'mv_play_dom', 'num_play_int', 'int_perc')",0.41935209
"('gdp_usd', 'mv_usd', 'elo_rating', 'bmi', 'life_exp', 'mv_play_dom', 'num_play_int', 'dom_perc', 'int_perc')",0.41935209
"('power_rating', 'gdp_usd', 'life_exp', 'num_play_int', 'dom_perc')",0.419342128
"('power_rating', 'gdp_usd', 'life_exp', 'num_play_int', 'int_perc')",0.419342128
"('power_rating', 'gdp_usd', 'life_exp', 'num_play_int', 'dom_perc', 'int_perc')",0.419342128
"('power_rating', 'mv_usd', 'bmi', 'life_exp', 'mv_play_dom', 'dom_int_mv_ratio', 'int_perc')",0.419328484
"('power_rating', 'mv_usd', 'bmi', 'life_exp', 'mv_play_dom', 'dom_int_mv_ratio', 'dom_perc', 'int_perc')",0.419328484
"('power_rating', 'mv_usd', 'bmi', 'life_exp', 'mv_play_dom', 'dom_int_mv_ratio', 'dom_perc')",0.419328484
"('elo_rating', 'qol', 'num_play_dom', 'num_play_int')",0.419281814
"('elo_rating', 'qol', 'num_play_int', 'dom_perc')",0.419251184
"('elo_rating', 'qol', 'num_play_int', 'int_perc')",0.419251184
"('elo_rating', 'qol', 'num_play_int', 'dom_perc', 'int_perc')",0.419251184
"('elo_rating', 'qol', 'num_play_int')",0.419250775
"('power_rating', 'mv_usd', 'bmi', 'mv_play_dom', 'num_play_dom', 'dom_perc')",0.419205824
"('power_rating', 'mv_usd', 'bmi', 'mv_play_dom', 'num_play_dom', 'int_perc')",0.419205824
"('power_rating', 'mv_usd', 'bmi', 'mv_play_dom', 'num_play_dom', 'dom_perc', 'int_perc')",0.419205824
"('power_rating', 'mv_usd', 'bmi', 'life_exp', 'dom_int_mv_ratio', 'dom_perc')",0.419094357
"('power_rating', 'mv_usd', 'bmi', 'life_exp', 'dom_int_mv_ratio', 'int_perc')",0.419094357
"('power_rating', 'mv_usd', 'bmi', 'life_exp', 'dom_int_mv_ratio', 'dom_perc', 'int_perc')",0.419094357
"('gdp_usd', 'mv_usd', 'elo_rating', 'mv_play_dom', 'mv_play_int', 'num_play_int', 'dom_int_mv_ratio', 'dom_perc')",0.41900395
"('gdp_usd', 'mv_usd', 'elo_rating', 'mv_play_dom', 'mv_play_int', 'num_play_int', 'dom_int_mv_ratio', 'int_perc')",0.41900395
"('gdp_usd', 'mv_usd', 'elo_rating', 'mv_play_dom', 'mv_play_int', 'num_play_int', 'dom_int_mv_ratio', 'dom_perc', 'int_perc')",0.41900395
"('gdp_usd', 'mv_usd', 'elo_rating', 'life_exp', 'mv_play_dom', 'num_play_dom', 'mv_play_int', 'dom_perc')",0.418981309
"('gdp_usd', 'mv_usd', 'elo_rating', 'life_exp', 'mv_play_dom', 'num_play_dom', 'mv_play_int', 'int_perc')",0.418981309
"('gdp_usd', 'mv_usd', 'elo_rating', 'life_exp', 'mv_play_dom', 'num_play_dom', 'mv_play_int', 'dom_perc', 'int_perc')",0.418981309
"('power_rating', 'gdp_usd', 'qol', 'num_play_dom', 'num_play_int', 'dom_perc')",0.418829896
"('power_rating', 'gdp_usd', 'qol', 'num_play_dom', 'num_play_int', 'int_perc')",0.418829896
"('power_rating', 'gdp_usd', 'qol', 'num_play_dom', 'num_play_int', 'dom_perc', 'int_perc')",0.418829896
"('gdp_usd', 'mv_usd', 'bmi', 'life_exp', 'qol', 'mv_play_dom', 'num_play_dom')",0.418826012
"('gdp_usd', 'mv_usd', 'life_exp', 'qol', 'mv_play_dom', 'num_play_dom')",0.418795285
"('power_rating', 'gdp_usd', 'elo_rating', 'life_exp', 'num_play_int', 'dom_int_mv_ratio')",0.418708798
"('mv_usd', 'bmi', 'mv_play_int', 'num_play_int')",0.418611436
"('gdp_usd', 'mv_usd', 'elo_rating', 'bmi', 'life_exp', 'qol', 'mv_play_int', 'num_play_int', 'dom_int_mv_ratio')",0.418601484
"('gdp_usd', 'mv_usd', 'elo_rating', 'mv_play_dom', 'num_play_dom', 'mv_play_int', 'dom_perc')",0.418464742
"('gdp_usd', 'mv_usd', 'elo_rating', 'mv_play_dom', 'num_play_dom', 'mv_play_int', 'int_perc')",0.418464742
"('gdp_usd', 'mv_usd', 'elo_rating', 'mv_play_dom', 'num_play_dom', 'mv_play_int', 'dom_perc', 'int_perc')",0.418464742
"('power_rating', 'elo_rating', 'qol')",0.418418146
"('gdp_usd', 'mv_usd', 'elo_rating', 'life_exp', 'mv_play_dom', 'num_play_dom', 'dom_perc')",0.418004817
"('gdp_usd', 'mv_usd', 'elo_rating', 'life_exp', 'mv_play_dom', 'num_play_dom', 'int_perc')",0.418004817
"('gdp_usd', 'mv_usd', 'elo_rating', 'life_exp', 'mv_play_dom', 'num_play_dom', 'dom_perc', 'int_perc')",0.418004817
"('bmi', 'life_exp', 'qol', 'mv_play_dom', 'mv_play_int', 'num_play_int')",0.417997642
"('gdp_usd', 'mv_usd', 'life_exp', 'mv_play_dom', 'num_play_dom', 'num_play_int')",0.417986266
"('power_rating', 'gdp_usd', 'mv_usd', 'bmi', 'num_play_dom', 'dom_perc')",0.417978867
"('power_rating', 'gdp_usd', 'mv_usd', 'bmi', 'num_play_dom', 'int_perc')",0.417978867
"('power_rating', 'gdp_usd', 'mv_usd', 'bmi', 'num_play_dom', 'dom_perc', 'int_perc')",0.417978867
"('power_rating', 'mv_usd', 'bmi', 'num_play_dom', 'dom_perc')",0.417863939
"('power_rating', 'mv_usd', 'bmi', 'num_play_dom', 'int_perc')",0.417863939
"('power_rating', 'mv_usd', 'bmi', 'num_play_dom', 'dom_perc', 'int_perc')",0.417863939
"('gdp_usd', 'mv_usd', 'elo_rating', 'life_exp', 'mv_play_dom', 'num_play_int', 'dom_int_mv_ratio', 'dom_perc', 'int_perc')",0.417854836
"('gdp_usd', 'mv_usd', 'elo_rating', 'life_exp', 'mv_play_dom', 'num_play_int', 'dom_int_mv_ratio', 'dom_perc')",0.417854836
"('gdp_usd', 'mv_usd', 'elo_rating', 'life_exp', 'mv_play_dom', 'num_play_int', 'dom_int_mv_ratio', 'int_perc')",0.417854836
"('bmi', 'life_exp', 'qol', 'mv_play_int', 'num_play_int', 'dom_int_mv_ratio')",0.417812759
"('power_rating', 'mv_usd', 'bmi', 'life_exp', 'qol', 'mv_play_dom', 'num_play_int', 'dom_int_mv_ratio')",0.417703767
"('gdp_usd', 'bmi', 'qol', 'num_play_dom', 'num_play_int')",0.417702101
"('gdp_usd', 'mv_usd', 'bmi', 'qol', 'mv_play_int', 'num_play_int', 'dom_int_mv_ratio', 'dom_perc')",0.417618075
"('gdp_usd', 'mv_usd', 'bmi', 'qol', 'mv_play_int', 'num_play_int', 'dom_int_mv_ratio', 'int_perc')",0.417618075
"('gdp_usd', 'mv_usd', 'bmi', 'qol', 'mv_play_int', 'num_play_int', 'dom_int_mv_ratio', 'dom_perc', 'int_perc')",0.417618075
"('power_rating', 'gdp_usd', 'bmi', 'life_exp', 'mv_play_dom', 'dom_int_mv_ratio', 'dom_perc')",0.417572453
"('power_rating', 'gdp_usd', 'bmi', 'life_exp', 'mv_play_dom', 'dom_int_mv_ratio', 'int_perc')",0.417572453
"('power_rating', 'gdp_usd', 'bmi', 'life_exp', 'mv_play_dom', 'dom_int_mv_ratio', 'dom_perc', 'int_perc')",0.417572453
"('power_rating', 'mv_usd', 'bmi', 'qol', 'mv_play_dom', 'num_play_int', 'dom_int_mv_ratio')",0.417567177
"('gdp_usd', 'mv_usd', 'elo_rating', 'mv_play_dom', 'num_play_dom', 'dom_perc')",0.417532293
"('gdp_usd', 'mv_usd', 'elo_rating', 'mv_play_dom', 'num_play_dom', 'int_perc')",0.417532293
"('gdp_usd', 'mv_usd', 'elo_rating', 'mv_play_dom', 'num_play_dom', 'dom_perc', 'int_perc')",0.417532293
"('gdp_usd', 'mv_usd', 'mv_play_dom', 'num_play_dom', 'num_play_int')",0.417445104
"('power_rating', 'gdp_usd', 'life_exp', 'qol', 'mv_play_dom', 'num_play_dom', 'num_play_int')",0.417438718
"('power_rating', 'gdp_usd', 'mv_usd', 'life_exp', 'mv_play_dom', 'num_play_dom', 'dom_perc')",0.417379878
"('power_rating', 'gdp_usd', 'mv_usd', 'life_exp', 'mv_play_dom', 'num_play_dom', 'int_perc')",0.417379878
"('power_rating', 'gdp_usd', 'mv_usd', 'life_exp', 'mv_play_dom', 'num_play_dom', 'dom_perc', 'int_perc')",0.417379878
"('power_rating', 'life_exp', 'num_play_dom', 'dom_int_mv_ratio', 'dom_perc')",0.417349915
"('power_rating', 'life_exp', 'num_play_dom', 'dom_int_mv_ratio', 'int_perc')",0.417349915
"('power_rating', 'life_exp', 'num_play_dom', 'dom_int_mv_ratio', 'dom_perc', 'int_perc')",0.417349915
"('power_rating', 'life_exp', 'num_play_dom', 'dom_int_mv_ratio')",0.417349722
"('power_rating', 'mv_usd', 'life_exp', 'mv_play_dom', 'num_play_dom', 'dom_perc')",0.417326951
"('power_rating', 'mv_usd', 'life_exp', 'mv_play_dom', 'num_play_dom', 'int_perc')",0.417326951
"('power_rating', 'mv_usd', 'life_exp', 'mv_play_dom', 'num_play_dom', 'dom_perc', 'int_perc')",0.417326951
"('power_rating', 'qol', 'num_play_dom', 'num_play_int', 'dom_perc')",0.417256337
"('power_rating', 'qol', 'num_play_dom', 'num_play_int', 'int_perc')",0.417256337
"('power_rating', 'qol', 'num_play_dom', 'num_play_int', 'dom_perc', 'int_perc')",0.417256337
"('power_rating', 'gdp_usd', 'mv_usd', 'life_exp', 'num_play_dom', 'dom_perc')",0.416790064
"('power_rating', 'gdp_usd', 'mv_usd', 'life_exp', 'num_play_dom', 'int_perc')",0.416790064
"('power_rating', 'gdp_usd', 'mv_usd', 'life_exp', 'num_play_dom', 'dom_perc', 'int_perc')",0.416790064
"('gdp_usd', 'mv_usd', 'life_exp', 'mv_play_dom', 'mv_play_int', 'num_play_int', 'dom_int_mv_ratio', 'dom_perc')",0.416753578
"('gdp_usd', 'mv_usd', 'life_exp', 'mv_play_dom', 'mv_play_int', 'num_play_int', 'dom_int_mv_ratio', 'int_perc')",0.416753578
"('gdp_usd', 'mv_usd', 'life_exp', 'mv_play_dom', 'mv_play_int', 'num_play_int', 'dom_int_mv_ratio', 'dom_perc', 'int_perc')",0.416753578
"('power_rating', 'mv_usd', 'life_exp', 'num_play_dom', 'dom_perc')",0.416600768
"('power_rating', 'mv_usd', 'life_exp', 'num_play_dom', 'int_perc')",0.416600768
"('power_rating', 'mv_usd', 'life_exp', 'num_play_dom', 'dom_perc', 'int_perc')",0.416600768
"('power_rating', 'gdp_usd', 'num_play_dom', 'num_play_int', 'dom_int_mv_ratio')",0.416540156
"('power_rating', 'mv_usd', 'life_exp', 'mv_play_dom', 'dom_int_mv_ratio', 'dom_perc')",0.416423346
"('power_rating', 'mv_usd', 'life_exp', 'mv_play_dom', 'dom_int_mv_ratio', 'int_perc')",0.416423346
"('power_rating', 'mv_usd', 'life_exp', 'mv_play_dom', 'dom_int_mv_ratio', 'dom_perc', 'int_perc')",0.416423346
"('gdp_usd', 'mv_usd', 'qol', 'mv_play_int', 'num_play_int', 'dom_int_mv_ratio', 'dom_perc')",0.416296851
"('gdp_usd', 'mv_usd', 'qol', 'mv_play_int', 'num_play_int', 'dom_int_mv_ratio', 'int_perc')",0.416296851
"('gdp_usd', 'mv_usd', 'qol', 'mv_play_int', 'num_play_int', 'dom_int_mv_ratio', 'dom_perc', 'int_perc')",0.416296851
"('power_rating', 'mv_usd', 'life_exp', 'dom_int_mv_ratio', 'dom_perc')",0.416185316
"('power_rating', 'mv_usd', 'life_exp', 'dom_int_mv_ratio', 'int_perc')",0.416185316
"('power_rating', 'mv_usd', 'life_exp', 'dom_int_mv_ratio', 'dom_perc', 'int_perc')",0.416185316
"('gdp_usd', 'qol', 'mv_play_dom', 'num_play_dom', 'num_play_int', 'dom_int_mv_ratio')",0.416042209
"('gdp_usd', 'qol', 'mv_play_dom', 'num_play_dom', 'num_play_int')",0.415960164
"('gdp_usd', 'mv_usd', 'elo_rating', 'bmi', 'life_exp', 'qol', 'num_play_int', 'dom_int_mv_ratio')",0.415653753
"('elo_rating', 'bmi', 'life_exp', 'num_play_int')",0.415644447
"('gdp_usd', 'mv_usd', 'bmi', 'life_exp', 'qol', 'mv_play_int', 'num_play_int', 'dom_int_mv_ratio')",0.415571257
"('gdp_usd', 'mv_usd', 'mv_play_dom', 'mv_play_int', 'num_play_int', 'dom_int_mv_ratio', 'dom_perc')",0.415440119
"('gdp_usd', 'mv_usd', 'mv_play_dom', 'mv_play_int', 'num_play_int', 'dom_int_mv_ratio', 'int_perc')",0.415440119
"('gdp_usd', 'mv_usd', 'mv_play_dom', 'mv_play_int', 'num_play_int', 'dom_int_mv_ratio', 'dom_perc', 'int_perc')",0.415440119
"('power_rating', 'mv_usd', 'life_exp', 'num_play_dom', 'num_play_int')",0.415263161
"('power_rating', 'gdp_usd', 'mv_usd', 'bmi', 'life_exp', 'qol', 'mv_play_dom', 'num_play_int')",0.415130162
"('elo_rating', 'life_exp', 'num_play_dom', 'num_play_int', 'dom_perc')",0.415119258
"('elo_rating', 'life_exp', 'num_play_dom', 'num_play_int', 'int_perc')",0.415119258
"('elo_rating', 'life_exp', 'num_play_dom', 'num_play_int', 'dom_perc', 'int_perc')",0.415119258
"('elo_rating', 'life_exp', 'num_play_int', 'dom_perc')",0.415118928
"('elo_rating', 'life_exp', 'num_play_int', 'int_perc')",0.415118928
"('elo_rating', 'life_exp', 'num_play_int', 'dom_perc', 'int_perc')",0.415118928
"('elo_rating', 'life_exp', 'num_play_dom', 'num_play_int')",0.415002557
"('gdp_usd', 'mv_usd', 'elo_rating', 'mv_play_dom', 'num_play_int', 'dom_int_mv_ratio', 'dom_perc', 'int_perc')",0.41494707
"('gdp_usd', 'mv_usd', 'elo_rating', 'mv_play_dom', 'num_play_int', 'dom_int_mv_ratio', 'dom_perc')",0.41494707
"('gdp_usd', 'mv_usd', 'elo_rating', 'mv_play_dom', 'num_play_int', 'dom_int_mv_ratio', 'int_perc')",0.41494707
"('power_rating', 'gdp_usd', 'bmi', 'life_exp', 'qol', 'mv_play_dom', 'num_play_dom')",0.41490786
"('power_rating', 'gdp_usd', 'mv_usd', 'bmi', 'life_exp', 'qol', 'mv_play_dom')",0.414841708
"('power_rating', 'gdp_usd', 'bmi', 'qol', 'mv_play_dom', 'num_play_dom', 'num_play_int')",0.414544074
"('gdp_usd', 'mv_usd', 'life_exp', 'mv_play_dom', 'num_play_dom', 'mv_play_int', 'dom_perc')",0.414504724
"('gdp_usd', 'mv_usd', 'life_exp', 'mv_play_dom', 'num_play_dom', 'mv_play_int', 'int_perc')",0.414504724
"('gdp_usd', 'mv_usd', 'life_exp', 'mv_play_dom', 'num_play_dom', 'mv_play_int', 'dom_perc', 'int_perc')",0.414504724
"('power_rating', 'mv_usd', 'bmi', 'num_play_dom', 'num_play_int')",0.414470229
"('gdp_usd', 'mv_usd', 'life_exp', 'mv_play_dom', 'num_play_dom', 'dom_perc')",0.414334268
"('gdp_usd', 'mv_usd', 'life_exp', 'mv_play_dom', 'num_play_dom', 'int_perc')",0.414334268
"('gdp_usd', 'mv_usd', 'life_exp', 'mv_play_dom', 'num_play_dom', 'dom_perc', 'int_perc')",0.414334268
"('power_rating', 'bmi', 'life_exp', 'qol', 'mv_play_dom', 'num_play_dom', 'num_play_int')",0.414298142
"('power_rating', 'gdp_usd', 'mv_usd', 'bmi', 'qol', 'mv_play_dom', 'num_play_int')",0.414210502
"('gdp_usd', 'mv_usd', 'bmi', 'life_exp', 'mv_play_dom', 'mv_play_int', 'num_play_int', 'dom_perc')",0.41417456
"('gdp_usd', 'mv_usd', 'bmi', 'life_exp', 'mv_play_dom', 'mv_play_int', 'num_play_int', 'int_perc')",0.41417456
"('gdp_usd', 'mv_usd', 'bmi', 'life_exp', 'mv_play_dom', 'mv_play_int', 'num_play_int', 'dom_perc', 'int_perc')",0.41417456
"('gdp_usd', 'mv_usd', 'bmi', 'mv_play_dom', 'num_play_int', 'dom_int_mv_ratio', 'dom_perc')",0.414159931
"('gdp_usd', 'mv_usd', 'bmi', 'mv_play_dom', 'num_play_int', 'dom_int_mv_ratio', 'int_perc')",0.414159931
"('gdp_usd', 'mv_usd', 'bmi', 'mv_play_dom', 'num_play_int', 'dom_int_mv_ratio', 'dom_perc', 'int_perc')",0.414159931
"('bmi', 'qol', 'mv_play_dom', 'dom_perc')",0.414062821
"('bmi', 'qol', 'mv_play_dom', 'int_perc')",0.414062821
"('bmi', 'qol', 'mv_play_dom', 'dom_perc', 'int_perc')",0.414062821
"('power_rating', 'gdp_usd', 'mv_usd', 'life_exp', 'qol', 'mv_play_dom', 'num_play_int')",0.414013629
"('gdp_usd', 'mv_usd', 'mv_play_dom', 'num_play_dom', 'mv_play_int', 'dom_perc')",0.413958794
"('gdp_usd', 'mv_usd', 'mv_play_dom', 'num_play_dom', 'mv_play_int', 'int_perc')",0.413958794
"('gdp_usd', 'mv_usd', 'mv_play_dom', 'num_play_dom', 'mv_play_int', 'dom_perc', 'int_perc')",0.413958794
"('gdp_usd', 'mv_usd', 'bmi', 'life_exp', 'qol', 'mv_play_dom', 'num_play_int', 'dom_int_mv_ratio')",0.413934661
"('power_rating', 'gdp_usd', 'mv_usd', 'bmi', 'mv_play_dom', 'num_play_dom')",0.413930233
"('power_rating', 'mv_usd', 'bmi', 'mv_play_dom', 'num_play_dom')",0.413842007
"('gdp_usd', 'mv_usd', 'mv_play_dom', 'num_play_dom', 'dom_perc', 'int_perc')",0.413757075
"('gdp_usd', 'mv_usd', 'mv_play_dom', 'num_play_dom', 'dom_perc')",0.413757075
"('gdp_usd', 'mv_usd', 'mv_play_dom', 'num_play_dom', 'int_perc')",0.413757075
"('power_rating', 'gdp_usd', 'mv_usd', 'life_exp', 'qol', 'mv_play_dom')",0.413712608
"('power_rating', 'elo_rating', 'life_exp', 'num_play_int', 'dom_int_mv_ratio')",0.413516213
"('power_rating', 'gdp_usd', 'life_exp', 'mv_play_dom', 'dom_int_mv_ratio', 'dom_perc')",0.413497221
"('power_rating', 'gdp_usd', 'life_exp', 'mv_play_dom', 'dom_int_mv_ratio', 'int_perc')",0.413497221
"('power_rating', 'gdp_usd', 'life_exp', 'mv_play_dom', 'dom_int_mv_ratio', 'dom_perc', 'int_perc')",0.413497221
"('power_rating', 'gdp_usd', 'mv_usd', 'bmi', 'qol', 'mv_play_dom')",0.41336924
"('power_rating', 'bmi', 'life_exp', 'mv_play_dom', 'dom_int_mv_ratio', 'dom_perc')",0.413350035
"('power_rating', 'bmi', 'life_exp', 'mv_play_dom', 'dom_int_mv_ratio', 'int_perc')",0.413350035
"('power_rating', 'bmi', 'life_exp', 'mv_play_dom', 'dom_int_mv_ratio', 'dom_perc', 'int_perc')",0.413350035
"('elo_rating', 'life_exp', 'num_play_int')",0.41304134
"('power_rating', 'gdp_usd', 'bmi', 'num_play_dom', 'dom_int_mv_ratio', 'dom_perc')",0.412642367
"('power_rating', 'gdp_usd', 'bmi', 'num_play_dom', 'dom_int_mv_ratio', 'int_perc')",0.412642367
"('power_rating', 'gdp_usd', 'bmi', 'num_play_dom', 'dom_int_mv_ratio', 'dom_perc', 'int_perc')",0.412642367
"('power_rating', 'gdp_usd', 'mv_usd', 'life_exp', 'mv_play_dom', 'num_play_dom')",0.412556071
"('power_rating', 'gdp_usd', 'elo_rating', 'life_exp', 'dom_int_mv_ratio')",0.412302203
"('power_rating', 'gdp_usd', 'mv_usd', 'elo_rating', 'bmi', 'life_exp', 'num_play_int')",0.412065245
"('power_rating', 'mv_usd', 'elo_rating', 'bmi', 'life_exp', 'num_play_int')",0.412035554
"('power_rating', 'gdp_usd', 'mv_usd', 'qol', 'mv_play_dom', 'num_play_int')",0.411992851
"('power_rating', 'bmi', 'life_exp', 'qol', 'mv_play_dom', 'num_play_dom')",0.411975306
"('gdp_usd', 'mv_usd', 'elo_rating', 'bmi', 'life_exp', 'qol', 'num_play_dom', 'mv_play_int', 'dom_int_mv_ratio')",0.411955632
"('power_rating', 'gdp_usd', 'mv_play_dom', 'num_play_int', 'dom_perc')",0.411531844
"('power_rating', 'gdp_usd', 'mv_play_dom', 'num_play_int', 'int_perc')",0.411531844
"('power_rating', 'gdp_usd', 'mv_play_dom', 'num_play_int', 'dom_perc', 'int_perc')",0.411531844
"('elo_rating', 'bmi', 'qol', 'dom_int_mv_ratio', 'dom_perc')",0.411369737
"('elo_rating', 'bmi', 'qol', 'dom_int_mv_ratio', 'int_perc')",0.411369737
"('elo_rating', 'bmi', 'qol', 'dom_int_mv_ratio', 'dom_perc', 'int_perc')",0.411369737
"('power_rating', 'gdp_usd', 'mv_usd', 'bmi', 'life_exp', 'mv_play_dom', 'dom_perc')",0.411292634
"('power_rating', 'gdp_usd', 'mv_usd', 'bmi', 'life_exp', 'mv_play_dom', 'int_perc')",0.411292634
"('power_rating', 'gdp_usd', 'mv_usd', 'bmi', 'life_exp', 'mv_play_dom', 'dom_perc', 'int_perc')",0.411292634
"('power_rating', 'mv_usd', 'life_exp', 'mv_play_dom', 'num_play_dom')",0.411255722
"('gdp_usd', 'qol', 'num_play_dom', 'num_play_int', 'dom_int_mv_ratio')",0.411081003
"('power_rating', 'life_exp', 'mv_play_dom', 'dom_int_mv_ratio', 'dom_perc')",0.411070659
"('power_rating', 'life_exp', 'mv_play_dom', 'dom_int_mv_ratio', 'int_perc')",0.411070659
"('power_rating', 'life_exp', 'mv_play_dom', 'dom_int_mv_ratio', 'dom_perc', 'int_perc')",0.411070659
"('power_rating', 'gdp_usd', 'bmi', 'num_play_dom', 'dom_int_mv_ratio')",0.410740881
"('power_rating', 'gdp_usd', 'mv_usd', 'qol', 'mv_play_dom')",0.410669478
"('power_rating', 'gdp_usd', 'bmi', 'qol', 'mv_play_dom', 'num_play_dom')",0.410629522
"('gdp_usd', 'mv_usd', 'elo_rating', 'bmi', 'life_exp', 'num_play_dom', 'mv_play_int', 'num_play_int', 'dom_int_mv_ratio', 'dom_perc')",0.410611371
"('gdp_usd', 'mv_usd', 'elo_rating', 'bmi', 'life_exp', 'num_play_dom', 'mv_play_int', 'num_play_int', 'dom_int_mv_ratio', 'dom_perc', 'int_perc')",0.410611371
"('gdp_usd', 'mv_usd', 'elo_rating', 'bmi', 'life_exp', 'num_play_dom', 'mv_play_int', 'num_play_int', 'dom_int_mv_ratio', 'int_perc')",0.410611371
"('power_rating', 'gdp_usd', 'mv_usd', 'bmi', 'mv_play_dom', 'dom_int_mv_ratio', 'dom_perc')",0.410543367
"('power_rating', 'gdp_usd', 'mv_usd', 'bmi', 'mv_play_dom', 'dom_int_mv_ratio', 'int_perc')",0.410543367
"('power_rating', 'gdp_usd', 'mv_usd', 'bmi', 'mv_play_dom', 'dom_int_mv_ratio', 'dom_perc', 'int_perc')",0.410543367
"('power_rating', 'gdp_usd', 'mv_usd', 'life_exp', 'num_play_dom')",0.410525188
"('power_rating', 'mv_usd', 'mv_play_dom', 'num_play_dom', 'num_play_int', 'dom_int_mv_ratio')",0.410444635
"('gdp_usd', 'mv_usd', 'elo_rating', 'bmi', 'qol', 'num_play_int', 'dom_int_mv_ratio', 'dom_perc')",0.410396647
"('gdp_usd', 'mv_usd', 'elo_rating', 'bmi', 'qol', 'num_play_int', 'dom_int_mv_ratio', 'int_perc')",0.410396647
"('gdp_usd', 'mv_usd', 'elo_rating', 'bmi', 'qol', 'num_play_int', 'dom_int_mv_ratio', 'dom_perc', 'int_perc')",0.410396647
"('gdp_usd', 'mv_usd', 'bmi', 'qol', 'num_play_int', 'dom_int_mv_ratio', 'dom_perc')",0.410380971
"('gdp_usd', 'mv_usd', 'bmi', 'qol', 'num_play_int', 'dom_int_mv_ratio', 'int_perc')",0.410380971
"('gdp_usd', 'mv_usd', 'bmi', 'qol', 'num_play_int', 'dom_int_mv_ratio', 'dom_perc', 'int_perc')",0.410380971
"('power_rating', 'gdp_usd', 'life_exp', 'qol', 'mv_play_dom', 'num_play_dom')",0.410325747
"('power_rating', 'elo_rating', 'life_exp', 'dom_int_mv_ratio')",0.410273851
"('power_rating', 'gdp_usd', 'mv_usd', 'bmi', 'dom_int_mv_ratio', 'dom_perc')",0.409942147
"('power_rating', 'gdp_usd', 'mv_usd', 'bmi', 'dom_int_mv_ratio', 'int_perc')",0.409942147
"('power_rating', 'gdp_usd', 'mv_usd', 'bmi', 'dom_int_mv_ratio', 'dom_perc', 'int_perc')",0.409942147
"('power_rating', 'gdp_usd', 'mv_usd', 'bmi', 'num_play_dom')",0.409923024
"('elo_rating', 'bmi', 'life_exp', 'num_play_dom', 'mv_play_int', 'dom_int_mv_ratio')",0.409854019
"('power_rating', 'bmi', 'qol', 'mv_play_dom', 'num_play_dom', 'num_play_int')",0.409772827
"('elo_rating', 'bmi', 'life_exp', 'mv_play_int', 'dom_int_mv_ratio')",0.40974779
"('power_rating', 'gdp_usd', 'bmi', 'life_exp', 'mv_play_dom', 'num_play_dom', 'dom_perc')",0.409680594
"('power_rating', 'gdp_usd', 'bmi', 'life_exp', 'mv_play_dom', 'num_play_dom', 'int_perc')",0.409680594
"('power_rating', 'gdp_usd', 'bmi', 'life_exp', 'mv_play_dom', 'num_play_dom', 'dom_perc', 'int_perc')",0.409680594
"('gdp_usd', 'mv_usd', 'elo_rating', 'bmi', 'num_play_dom', 'mv_play_int', 'num_play_int', 'dom_int_mv_ratio', 'dom_perc')",0.409666054
"('gdp_usd', 'mv_usd', 'elo_rating', 'bmi', 'num_play_dom', 'mv_play_int', 'num_play_int', 'dom_int_mv_ratio', 'int_perc')",0.409666054
"('gdp_usd', 'mv_usd', 'elo_rating', 'bmi', 'num_play_dom', 'mv_play_int', 'num_play_int', 'dom_int_mv_ratio', 'dom_perc', 'int_perc')",0.409666054
"('gdp_usd', 'mv_usd', 'bmi', 'life_exp', 'mv_play_dom', 'num_play_int', 'dom_perc')",0.409636396
"('gdp_usd', 'mv_usd', 'bmi', 'life_exp', 'mv_play_dom', 'num_play_int', 'int_perc')",0.409636396
"('gdp_usd', 'mv_usd', 'bmi', 'life_exp', 'mv_play_dom', 'num_play_int', 'dom_perc', 'int_perc')",0.409636396
"('power_rating', 'gdp_usd', 'mv_usd', 'bmi', 'life_exp', 'dom_perc')",0.40944691
"('power_rating', 'gdp_usd', 'mv_usd', 'bmi', 'life_exp', 'int_perc')",0.40944691
"('power_rating', 'gdp_usd', 'mv_usd', 'bmi', 'life_exp', 'dom_perc', 'int_perc')",0.40944691
"('gdp_usd', 'mv_usd', 'elo_rating', 'bmi', 'life_exp', 'qol', 'mv_play_int', 'num_play_int')",0.409372088
"('gdp_usd', 'qol', 'num_play_dom', 'num_play_int')",0.409224946
"('elo_rating', 'life_exp', 'num_play_dom', 'mv_play_int', 'dom_int_mv_ratio')",0.409222504
"('gdp_usd', 'mv_usd', 'elo_rating', 'life_exp', 'qol', 'num_play_dom', 'mv_play_int', 'dom_int_mv_ratio')",0.409204812
"('gdp_usd', 'mv_usd', 'bmi', 'life_exp', 'num_play_dom', 'mv_play_int', 'num_play_int', 'dom_int_mv_ratio', 'dom_perc')",0.409204302
"('gdp_usd', 'mv_usd', 'bmi', 'life_exp', 'num_play_dom', 'mv_play_int', 'num_play_int', 'dom_int_mv_ratio', 'int_perc')",0.409204302
"('gdp_usd', 'mv_usd', 'bmi', 'life_exp', 'num_play_dom', 'mv_play_int', 'num_play_int', 'dom_int_mv_ratio', 'dom_perc', 'int_perc')",0.409204302
"('gdp_usd', 'mv_usd', 'elo_rating', 'qol', 'num_play_int', 'dom_int_mv_ratio', 'dom_perc')",0.409190798
"('gdp_usd', 'mv_usd', 'elo_rating', 'qol', 'num_play_int', 'dom_int_mv_ratio', 'int_perc')",0.409190798
"('gdp_usd', 'mv_usd', 'elo_rating', 'qol', 'num_play_int', 'dom_int_mv_ratio', 'dom_perc', 'int_perc')",0.409190798
"('gdp_usd', 'mv_usd', 'qol', 'num_play_int', 'dom_int_mv_ratio', 'dom_perc', 'int_perc')",0.409188584
"('gdp_usd', 'mv_usd', 'qol', 'num_play_int', 'dom_int_mv_ratio', 'dom_perc')",0.409188584
"('gdp_usd', 'mv_usd', 'qol', 'num_play_int', 'dom_int_mv_ratio', 'int_perc')",0.409188584
"('power_rating', 'life_exp', 'qol', 'mv_play_dom', 'num_play_dom', 'num_play_int')",0.409000791
"('elo_rating', 'bmi', 'num_play_dom', 'mv_play_int', 'dom_int_mv_ratio')",0.408955516
"('elo_rating', 'bmi', 'mv_play_int', 'dom_int_mv_ratio')",0.408937169
"('gdp_usd', 'mv_usd', 'elo_rating', 'bmi', 'life_exp', 'num_play_dom', 'mv_play_int', 'dom_int_mv_ratio', 'dom_perc')",0.408795316
"('gdp_usd', 'mv_usd', 'elo_rating', 'bmi', 'life_exp', 'num_play_dom', 'mv_play_int', 'dom_int_mv_ratio', 'int_perc')",0.408795316
"('gdp_usd', 'mv_usd', 'elo_rating', 'bmi', 'life_exp', 'num_play_dom', 'mv_play_int', 'dom_int_mv_ratio', 'dom_perc', 'int_perc')",0.408795316
"('power_rating', 'bmi', 'qol', 'mv_play_dom', 'num_play_dom')",0.408651398
"('elo_rating', 'life_exp', 'mv_play_int', 'dom_int_mv_ratio')",0.408644959
"('power_rating', 'mv_usd', 'bmi', 'num_play_dom')",0.408539758
"('gdp_usd', 'mv_usd', 'bmi', 'life_exp', 'qol', 'mv_play_int', 'num_play_int')",0.408440713
"('power_rating', 'mv_usd', 'life_exp', 'qol', 'mv_play_dom', 'num_play_int', 'dom_int_mv_ratio')",0.408407518
"('gdp_usd', 'mv_usd', 'elo_rating', 'bmi', 'num_play_dom', 'mv_play_int', 'dom_int_mv_ratio', 'dom_perc')",0.408362421
"('gdp_usd', 'mv_usd', 'elo_rating', 'bmi', 'num_play_dom', 'mv_play_int', 'dom_int_mv_ratio', 'int_perc')",0.408362421
"('gdp_usd', 'mv_usd', 'elo_rating', 'bmi', 'num_play_dom', 'mv_play_int', 'dom_int_mv_ratio', 'dom_perc', 'int_perc')",0.408362421
"('power_rating', 'gdp_usd', 'mv_usd', 'elo_rating', 'bmi', 'life_exp')",0.408294959
"('gdp_usd', 'mv_usd', 'bmi', 'num_play_dom', 'mv_play_int', 'num_play_int', 'dom_int_mv_ratio', 'dom_perc')",0.408269862
"('gdp_usd', 'mv_usd', 'bmi', 'num_play_dom', 'mv_play_int', 'num_play_int', 'dom_int_mv_ratio', 'int_perc')",0.408269862
"('gdp_usd', 'mv_usd', 'bmi', 'num_play_dom', 'mv_play_int', 'num_play_int', 'dom_int_mv_ratio', 'dom_perc', 'int_perc')",0.408269862
"('power_rating', 'gdp_usd', 'life_exp', 'mv_play_dom', 'num_play_dom', 'num_play_int')",0.408248174
"('power_rating', 'mv_usd', 'qol', 'mv_play_dom', 'num_play_int', 'dom_int_mv_ratio')",0.408145268
"('power_rating', 'bmi', 'life_exp', 'mv_play_dom', 'num_play_dom', 'dom_perc')",0.407909221
"('power_rating', 'bmi', 'life_exp', 'mv_play_dom', 'num_play_dom', 'int_perc')",0.407909221
"('power_rating', 'bmi', 'life_exp', 'mv_play_dom', 'num_play_dom', 'dom_perc', 'int_perc')",0.407909221
"('power_rating', 'mv_usd', 'elo_rating', 'bmi', 'life_exp')",0.407835961
"('power_rating', 'life_exp', 'qol', 'mv_play_dom', 'num_play_dom')",0.407278837
"('power_rating', 'mv_usd', 'life_exp', 'num_play_dom')",0.407083978
"('power_rating', 'bmi', 'num_play_dom', 'dom_int_mv_ratio', 'dom_perc')",0.406830309
"('power_rating', 'bmi', 'num_play_dom', 'dom_int_mv_ratio', 'int_perc')",0.406830309
"('power_rating', 'bmi', 'num_play_dom', 'dom_int_mv_ratio', 'dom_perc', 'int_perc')",0.406830309
"('gdp_usd', 'mv_usd', 'elo_rating', 'bmi', 'qol', 'mv_play_dom', 'num_play_dom', 'mv_play_int')",0.406778669
"('power_rating', 'bmi', 'num_play_dom', 'dom_int_mv_ratio')",0.406642493
"('power_rating', 'gdp_usd', 'mv_usd', 'elo_rating', 'life_exp', 'num_play_int')",0.406635473
"('gdp_usd', 'mv_usd', 'elo_rating', 'bmi', 'life_exp', 'num_play_dom', 'num_play_int', 'dom_int_mv_ratio', 'dom_perc')",0.406607049
"('gdp_usd', 'mv_usd', 'elo_rating', 'bmi', 'life_exp', 'num_play_dom', 'num_play_int', 'dom_int_mv_ratio', 'int_perc')",0.406607049
"('gdp_usd', 'mv_usd', 'elo_rating', 'bmi', 'life_exp', 'num_play_dom', 'num_play_int', 'dom_int_mv_ratio', 'dom_perc', 'int_perc')",0.406607049
"('gdp_usd', 'mv_usd', 'bmi', 'life_exp', 'num_play_dom', 'num_play_int', 'dom_int_mv_ratio', 'dom_perc')",0.406604354
"('gdp_usd', 'mv_usd', 'bmi', 'life_exp', 'num_play_dom', 'num_play_int', 'dom_int_mv_ratio', 'int_perc')",0.406604354
"('gdp_usd', 'mv_usd', 'bmi', 'life_exp', 'num_play_dom', 'num_play_int', 'dom_int_mv_ratio', 'dom_perc', 'int_perc')",0.406604354
"('power_rating', 'gdp_usd', 'mv_usd', 'mv_play_dom', 'num_play_dom', 'dom_int_mv_ratio', 'dom_perc')",0.40651961
"('power_rating', 'gdp_usd', 'mv_usd', 'mv_play_dom', 'num_play_dom', 'dom_int_mv_ratio', 'int_perc')",0.40651961
"('power_rating', 'gdp_usd', 'mv_usd', 'mv_play_dom', 'num_play_dom', 'dom_int_mv_ratio', 'dom_perc', 'int_perc')",0.40651961
"('elo_rating', 'num_play_dom', 'mv_play_int', 'dom_int_mv_ratio')",0.406492094
"('power_rating', 'gdp_usd', 'mv_usd', 'num_play_dom', 'dom_int_mv_ratio', 'dom_perc')",0.406479771
"('power_rating', 'gdp_usd', 'mv_usd', 'num_play_dom', 'dom_int_mv_ratio', 'int_perc')",0.406479771
"('power_rating', 'gdp_usd', 'mv_usd', 'num_play_dom', 'dom_int_mv_ratio', 'dom_perc', 'int_perc')",0.406479771
"('power_rating', 'mv_usd', 'num_play_dom', 'num_play_int', 'dom_int_mv_ratio')",0.406403073
"('power_rating', 'mv_usd', 'bmi', 'life_exp', 'qol', 'mv_play_dom', 'dom_int_mv_ratio')",0.40639996
"('power_rating', 'gdp_usd', 'elo_rating', 'bmi', 'life_exp', 'num_play_int')",0.406319286
"('power_rating', 'mv_usd', 'bmi', 'qol', 'mv_play_dom', 'dom_int_mv_ratio')",0.406275476
"('gdp_usd', 'mv_usd', 'bmi', 'life_exp', 'num_play_dom', 'mv_play_int', 'dom_int_mv_ratio', 'dom_perc')",0.406102429
"('gdp_usd', 'mv_usd', 'bmi', 'life_exp', 'num_play_dom', 'mv_play_int', 'dom_int_mv_ratio', 'int_perc')",0.406102429
"('gdp_usd', 'mv_usd', 'bmi', 'life_exp', 'num_play_dom', 'mv_play_int', 'dom_int_mv_ratio', 'dom_perc', 'int_perc')",0.406102429
"('gdp_usd', 'mv_usd', 'elo_rating', 'life_exp', 'mv_play_dom', 'mv_play_int', 'num_play_int', 'dom_perc')",0.405855786
"('gdp_usd', 'mv_usd', 'elo_rating', 'life_exp', 'mv_play_dom', 'mv_play_int', 'num_play_int', 'int_perc')",0.405855786
"('gdp_usd', 'mv_usd', 'elo_rating', 'life_exp', 'mv_play_dom', 'mv_play_int', 'num_play_int', 'dom_perc', 'int_perc')",0.405855786
"('gdp_usd', 'mv_usd', 'bmi', 'num_play_dom', 'mv_play_int', 'dom_int_mv_ratio', 'dom_perc')",0.405826362
"('gdp_usd', 'mv_usd', 'bmi', 'num_play_dom', 'mv_play_int', 'dom_int_mv_ratio', 'int_perc')",0.405826362
"('gdp_usd', 'mv_usd', 'bmi', 'num_play_dom', 'mv_play_int', 'dom_int_mv_ratio', 'dom_perc', 'int_perc')",0.405826362
"('elo_rating', 'mv_play_int', 'dom_int_mv_ratio')",0.405770223
"('power_rating', 'mv_usd', 'elo_rating', 'life_exp', 'num_play_int')",0.405752153
"('gdp_usd', 'mv_usd', 'elo_rating', 'bmi', 'num_play_dom', 'num_play_int', 'dom_int_mv_ratio', 'dom_perc')",0.405719989
"('gdp_usd', 'mv_usd', 'elo_rating', 'bmi', 'num_play_dom', 'num_play_int', 'dom_int_mv_ratio', 'int_perc')",0.405719989
"('gdp_usd', 'mv_usd', 'elo_rating', 'bmi', 'num_play_dom', 'num_play_int', 'dom_int_mv_ratio', 'dom_perc', 'int_perc')",0.405719989
"('gdp_usd', 'mv_usd', 'bmi', 'num_play_dom', 'num_play_int', 'dom_int_mv_ratio', 'dom_perc')",0.405716799
"('gdp_usd', 'mv_usd', 'bmi', 'num_play_dom', 'num_play_int', 'dom_int_mv_ratio', 'int_perc')",0.405716799
"('gdp_usd', 'mv_usd', 'bmi', 'num_play_dom', 'num_play_int', 'dom_int_mv_ratio', 'dom_perc', 'int_perc')",0.405716799
"('gdp_usd', 'mv_usd', 'elo_rating', 'bmi', 'qol', 'mv_play_int', 'num_play_int', 'dom_perc')",0.405701097
"('gdp_usd', 'mv_usd', 'elo_rating', 'bmi', 'qol', 'mv_play_int', 'num_play_int', 'int_perc')",0.405701097
"('gdp_usd', 'mv_usd', 'elo_rating', 'bmi', 'qol', 'mv_play_int', 'num_play_int', 'dom_perc', 'int_perc')",0.405701097
"('power_rating', 'gdp_usd', 'mv_usd', 'mv_play_dom', 'num_play_dom', 'dom_int_mv_ratio')",0.405611183
"('power_rating', 'gdp_usd', 'mv_usd', 'num_play_dom', 'dom_int_mv_ratio')",0.405610771
"('gdp_usd', 'mv_usd', 'elo_rating', 'life_exp', 'mv_play_dom', 'num_play_int', 'dom_perc')",0.405483816
"('gdp_usd', 'mv_usd', 'elo_rating', 'life_exp', 'mv_play_dom', 'num_play_int', 'int_perc')",0.405483816
"('gdp_usd', 'mv_usd', 'elo_rating', 'life_exp', 'mv_play_dom', 'num_play_int', 'dom_perc', 'int_perc')",0.405483816
"('power_rating', 'elo_rating', 'bmi', 'life_exp', 'num_play_int')",0.405321087
"('elo_rating', 'bmi', 'num_play_dom', 'num_play_int', 'dom_perc')",0.405271633
"('elo_rating', 'bmi', 'num_play_dom', 'num_play_int', 'int_perc')",0.405271633
"('elo_rating', 'bmi', 'num_play_dom', 'num_play_int', 'dom_perc', 'int_perc')",0.405271633
"('gdp_usd', 'mv_usd', 'bmi', 'qol', 'mv_play_int', 'num_play_int', 'dom_perc')",0.405201131
"('gdp_usd', 'mv_usd', 'bmi', 'qol', 'mv_play_int', 'num_play_int', 'int_perc')",0.405201131
"('gdp_usd', 'mv_usd', 'bmi', 'qol', 'mv_play_int', 'num_play_int', 'dom_perc', 'int_perc')",0.405201131
"('gdp_usd', 'mv_usd', 'elo_rating', 'bmi', 'life_exp', 'num_play_dom', 'dom_int_mv_ratio', 'dom_perc')",0.404936666
"('gdp_usd', 'mv_usd', 'elo_rating', 'bmi', 'life_exp', 'num_play_dom', 'dom_int_mv_ratio', 'int_perc')",0.404936666
"('gdp_usd', 'mv_usd', 'elo_rating', 'bmi', 'life_exp', 'num_play_dom', 'dom_int_mv_ratio', 'dom_perc', 'int_perc')",0.404936666
"('bmi', 'qol', 'mv_play_int', 'dom_int_mv_ratio', 'dom_perc')",0.404895692
"('bmi', 'qol', 'mv_play_int', 'dom_int_mv_ratio', 'int_perc')",0.404895692
"('bmi', 'qol', 'mv_play_int', 'dom_int_mv_ratio', 'dom_perc', 'int_perc')",0.404895692
"('power_rating', 'gdp_usd', 'qol', 'mv_play_dom', 'num_play_dom', 'num_play_int')",0.404768041
"('gdp_usd', 'mv_usd', 'bmi', 'life_exp', 'num_play_dom', 'dom_int_mv_ratio', 'dom_perc')",0.404613687
"('gdp_usd', 'mv_usd', 'bmi', 'life_exp', 'num_play_dom', 'dom_int_mv_ratio', 'dom_perc', 'int_perc')",0.404613687
"('gdp_usd', 'mv_usd', 'bmi', 'life_exp', 'num_play_dom', 'dom_int_mv_ratio', 'int_perc')",0.404613687
"('gdp_usd', 'mv_usd', 'elo_rating', 'bmi', 'num_play_dom', 'dom_int_mv_ratio', 'dom_perc')",0.404525741
"('gdp_usd', 'mv_usd', 'elo_rating', 'bmi', 'num_play_dom', 'dom_int_mv_ratio', 'dom_perc', 'int_perc')",0.404525741
"('gdp_usd', 'mv_usd', 'elo_rating', 'bmi', 'num_play_dom', 'dom_int_mv_ratio', 'int_perc')",0.404525741
"('elo_rating', 'bmi', 'num_play_dom', 'num_play_int')",0.404481806
"('gdp_usd', 'mv_usd', 'elo_rating', 'bmi', 'mv_play_dom', 'mv_play_int', 'num_play_int', 'dom_perc')",0.404389077
"('gdp_usd', 'mv_usd', 'elo_rating', 'bmi', 'mv_play_dom', 'mv_play_int', 'num_play_int', 'int_perc')",0.404389077
"('gdp_usd', 'mv_usd', 'elo_rating', 'bmi', 'mv_play_dom', 'mv_play_int', 'num_play_int', 'dom_perc', 'int_perc')",0.404389077
"('gdp_usd', 'mv_usd', 'bmi', 'num_play_dom', 'dom_int_mv_ratio', 'dom_perc')",0.404266674
"('gdp_usd', 'mv_usd', 'bmi', 'num_play_dom', 'dom_int_mv_ratio', 'int_perc')",0.404266674
"('gdp_usd', 'mv_usd', 'bmi', 'num_play_dom', 'dom_int_mv_ratio', 'dom_perc', 'int_perc')",0.404266674
"('power_rating', 'bmi', 'life_exp', 'qol', 'num_play_int', 'dom_perc')",0.404137418
"('power_rating', 'bmi', 'life_exp', 'qol', 'num_play_int', 'int_perc')",0.404137418
"('power_rating', 'bmi', 'life_exp', 'qol', 'num_play_int', 'dom_perc', 'int_perc')",0.404137418
"('bmi', 'qol', 'dom_int_mv_ratio', 'dom_perc')",0.404088211
"('bmi', 'qol', 'dom_int_mv_ratio', 'int_perc')",0.404088211
"('bmi', 'qol', 'dom_int_mv_ratio', 'dom_perc', 'int_perc')",0.404088211
"('bmi', 'qol', 'mv_play_dom', 'mv_play_int', 'num_play_int', 'dom_int_mv_ratio')",0.403971811
"('gdp_usd', 'mv_usd', 'elo_rating', 'bmi', 'mv_play_dom', 'num_play_int', 'dom_perc')",0.403912838
"('gdp_usd', 'mv_usd', 'elo_rating', 'bmi', 'mv_play_dom', 'num_play_int', 'int_perc')",0.403912838
"('gdp_usd', 'mv_usd', 'elo_rating', 'bmi', 'mv_play_dom', 'num_play_int', 'dom_perc', 'int_perc')",0.403912838
"('power_rating', 'mv_usd', 'mv_play_dom', 'num_play_dom', 'dom_int_mv_ratio', 'dom_perc')",0.403709348
"('power_rating', 'mv_usd', 'mv_play_dom', 'num_play_dom', 'dom_int_mv_ratio', 'int_perc')",0.403709348
"('power_rating', 'mv_usd', 'mv_play_dom', 'num_play_dom', 'dom_int_mv_ratio', 'dom_perc', 'int_perc')",0.403709348
"('gdp_usd', 'mv_usd', 'elo_rating', 'qol', 'mv_play_dom', 'num_play_dom', 'mv_play_int')",0.403674469
"('power_rating', 'mv_usd', 'num_play_dom', 'dom_int_mv_ratio', 'dom_perc')",0.403619386
"('power_rating', 'mv_usd', 'num_play_dom', 'dom_int_mv_ratio', 'int_perc')",0.403619386
"('power_rating', 'mv_usd', 'num_play_dom', 'dom_int_mv_ratio', 'dom_perc', 'int_perc')",0.403619386
"('gdp_usd', 'mv_usd', 'elo_rating', 'bmi', 'qol', 'mv_play_dom', 'num_play_dom', 'dom_int_mv_ratio')",0.403609839
"('gdp_usd', 'mv_usd', 'elo_rating', 'bmi', 'life_exp', 'mv_play_dom', 'num_play_dom', 'mv_play_int', 'dom_int_mv_ratio')",0.403551831
"('power_rating', 'gdp_usd', 'mv_play_dom', 'num_play_dom', 'dom_int_mv_ratio', 'dom_perc')",0.403398542
"('power_rating', 'gdp_usd', 'mv_play_dom', 'num_play_dom', 'dom_int_mv_ratio', 'int_perc')",0.403398542
"('power_rating', 'gdp_usd', 'mv_play_dom', 'num_play_dom', 'dom_int_mv_ratio', 'dom_perc', 'int_perc')",0.403398542
"('power_rating', 'gdp_usd', 'qol', 'mv_play_dom', 'num_play_dom')",0.402816407
"('gdp_usd', 'mv_usd', 'elo_rating', 'qol', 'mv_play_int', 'num_play_int', 'dom_perc')",0.402796078
"('gdp_usd', 'mv_usd', 'elo_rating', 'qol', 'mv_play_int', 'num_play_int', 'int_perc')",0.402796078
"('gdp_usd', 'mv_usd', 'elo_rating', 'qol', 'mv_play_int', 'num_play_int', 'dom_perc', 'int_perc')",0.402796078
"('gdp_usd', 'mv_usd', 'elo_rating', 'qol', 'mv_play_dom', 'num_play_dom', 'dom_int_mv_ratio')",0.402610853
"('gdp_usd', 'mv_usd', 'elo_rating', 'bmi', 'life_exp', 'qol', 'mv_play_dom', 'num_play_int')",0.402465266
"('power_rating', 'gdp_usd', 'mv_play_dom', 'num_play_dom', 'dom_int_mv_ratio')",0.402462136
"('bmi', 'qol', 'mv_play_int', 'dom_perc')",0.402345649
"('bmi', 'qol', 'mv_play_int', 'int_perc')",0.402345649
"('bmi', 'qol', 'mv_play_int', 'dom_perc', 'int_perc')",0.402345649
"('bmi', 'qol', 'dom_perc')",0.402343347
"('bmi', 'qol', 'int_perc')",0.402343347
"('bmi', 'qol', 'dom_perc', 'int_perc')",0.402343347
"('gdp_usd', 'mv_usd', 'bmi', 'life_exp', 'qol', 'num_play_int', 'dom_int_mv_ratio')",0.402070818
"('power_rating', 'gdp_usd', 'mv_usd', 'elo_rating', 'life_exp')",0.401990702
"('power_rating', 'mv_usd', 'elo_rating', 'life_exp')",0.401984016
"('elo_rating', 'bmi', 'num_play_int', 'dom_perc')",0.401956804
"('elo_rating', 'bmi', 'num_play_int', 'int_perc')",0.401956804
"('elo_rating', 'bmi', 'num_play_int', 'dom_perc', 'int_perc')",0.401956804
"('gdp_usd', 'mv_usd', 'qol', 'mv_play_int', 'num_play_int', 'dom_perc')",0.401936478
"('gdp_usd', 'mv_usd', 'qol', 'mv_play_int', 'num_play_int', 'int_perc')",0.401936478
"('gdp_usd', 'mv_usd', 'qol', 'mv_play_int', 'num_play_int', 'dom_perc', 'int_perc')",0.401936478
"('gdp_usd', 'mv_usd', 'elo_rating', 'bmi', 'qol', 'num_play_int', 'dom_perc')",0.401867566
"('gdp_usd', 'mv_usd', 'elo_rating', 'bmi', 'qol', 'num_play_int', 'int_perc')",0.401867566
"('gdp_usd', 'mv_usd', 'elo_rating', 'bmi', 'qol', 'num_play_int', 'dom_perc', 'int_perc')",0.401867566
"('gdp_usd', 'mv_usd', 'bmi', 'qol', 'num_play_int', 'dom_perc')",0.401724926
"('gdp_usd', 'mv_usd', 'bmi', 'qol', 'num_play_int', 'int_perc')",0.401724926
"('gdp_usd', 'mv_usd', 'bmi', 'qol', 'num_play_int', 'dom_perc', 'int_perc')",0.401724926
"('gdp_usd', 'mv_usd', 'elo_rating', 'bmi', 'mv_play_dom', 'num_play_dom', 'mv_play_int', 'dom_int_mv_ratio')",0.401459567
"('power_rating', 'qol', 'mv_play_dom', 'num_play_dom', 'num_play_int')",0.401419284
"('power_rating', 'gdp_usd', 'bmi', 'life_exp', 'mv_play_dom', 'num_play_dom')",0.401344878
"('gdp_usd', 'mv_usd', 'life_exp', 'mv_play_dom', 'num_play_int', 'dom_int_mv_ratio', 'dom_perc')",0.401282873
"('gdp_usd', 'mv_usd', 'life_exp', 'mv_play_dom', 'num_play_int', 'dom_int_mv_ratio', 'int_perc')",0.401282873
"('gdp_usd', 'mv_usd', 'life_exp', 'mv_play_dom', 'num_play_int', 'dom_int_mv_ratio', 'dom_perc', 'int_perc')",0.401282873
"('power_rating', 'gdp_usd', 'elo_rating', 'life_exp', 'num_play_int')",0.401204339
"('elo_rating', 'life_exp', 'qol', 'dom_int_mv_ratio', 'dom_perc')",0.401096892
"('elo_rating', 'life_exp', 'qol', 'dom_int_mv_ratio', 'int_perc')",0.401096892
"('elo_rating', 'life_exp', 'qol', 'dom_int_mv_ratio', 'dom_perc', 'int_perc')",0.401096892
"('power_rating', 'gdp_usd', 'elo_rating', 'bmi', 'life_exp')",0.401060261
"('power_rating', 'qol', 'mv_play_dom', 'num_play_dom')",0.401049216
"('power_rating', 'elo_rating', 'bmi', 'life_exp')",0.401045727
"('gdp_usd', 'mv_usd', 'bmi', 'qol', 'mv_play_dom', 'num_play_dom', 'dom_int_mv_ratio')",0.400837888
"('power_rating', 'mv_usd', 'mv_play_dom', 'num_play_dom', 'dom_int_mv_ratio')",0.40071044
"('gdp_usd', 'mv_usd', 'elo_rating', 'mv_play_dom', 'mv_play_int', 'num_play_int', 'dom_perc')",0.400632439
"('gdp_usd', 'mv_usd', 'elo_rating', 'mv_play_dom', 'mv_play_int', 'num_play_int', 'int_perc')",0.400632439
"('gdp_usd', 'mv_usd', 'elo_rating', 'mv_play_dom', 'mv_play_int', 'num_play_int', 'dom_perc', 'int_perc')",0.400632439
"('power_rating', 'bmi', 'life_exp', 'mv_play_dom', 'num_play_dom', 'num_play_int')",0.400236708
"('gdp_usd', 'mv_usd', 'elo_rating', 'mv_play_dom', 'num_play_int', 'dom_perc')",0.400105866
"('gdp_usd', 'mv_usd', 'elo_rating', 'mv_play_dom', 'num_play_int', 'int_perc')",0.400105866
"('gdp_usd', 'mv_usd', 'elo_rating', 'mv_play_dom', 'num_play_int', 'dom_perc', 'int_perc')",0.400105866
"('gdp_usd', 'mv_usd', 'elo_rating', 'bmi', 'life_exp', 'num_play_dom', 'mv_play_int', 'num_play_int', 'dom_int_mv_ratio')",0.399974538
"('gdp_usd', 'mv_usd', 'mv_play_dom', 'num_play_int', 'dom_int_mv_ratio', 'dom_perc')",0.399937441
"('gdp_usd', 'mv_usd', 'mv_play_dom', 'num_play_int', 'dom_int_mv_ratio', 'int_perc')",0.399937441
"('gdp_usd', 'mv_usd', 'mv_play_dom', 'num_play_int', 'dom_int_mv_ratio', 'dom_perc', 'int_perc')",0.399937441
"('gdp_usd', 'mv_usd', 'bmi', 'mv_play_dom', 'mv_play_int', 'num_play_int', 'dom_perc')",0.399811025
"('gdp_usd', 'mv_usd', 'bmi', 'mv_play_dom', 'mv_play_int', 'num_play_int', 'int_perc')",0.399811025
"('gdp_usd', 'mv_usd', 'bmi', 'mv_play_dom', 'mv_play_int', 'num_play_int', 'dom_perc', 'int_perc')",0.399811025
"('power_rating', 'mv_usd', 'num_play_dom', 'dom_int_mv_ratio')",0.399603284
"('gdp_usd', 'mv_usd', 'qol', 'mv_play_dom', 'num_play_dom', 'dom_int_mv_ratio')",0.39954876
"('power_rating', 'gdp_usd', 'mv_usd', 'life_exp', 'mv_play_dom', 'dom_perc')",0.399501609
"('power_rating', 'gdp_usd', 'mv_usd', 'life_exp', 'mv_play_dom', 'int_perc')",0.399501609
"('power_rating', 'gdp_usd', 'mv_usd', 'life_exp', 'mv_play_dom', 'dom_perc', 'int_perc')",0.399501609
"('gdp_usd', 'mv_usd', 'elo_rating', 'qol', 'num_play_int', 'dom_perc')",0.398916647
"('gdp_usd', 'mv_usd', 'elo_rating', 'qol', 'num_play_int', 'int_perc')",0.398916647
"('gdp_usd', 'mv_usd', 'elo_rating', 'qol', 'num_play_int', 'dom_perc', 'int_perc')",0.398916647
"('gdp_usd', 'mv_usd', 'qol', 'num_play_int', 'dom_perc')",0.39889863
"('gdp_usd', 'mv_usd', 'qol', 'num_play_int', 'int_perc')",0.39889863
"('gdp_usd', 'mv_usd', 'qol', 'num_play_int', 'dom_perc', 'int_perc')",0.39889863
"('gdp_usd', 'mv_usd', 'elo_rating', 'bmi', 'life_exp', 'qol', 'num_play_int')",0.39874247
"('power_rating', 'mv_play_dom', 'num_play_dom', 'num_play_int', 'dom_int_mv_ratio')",0.398711746
"('gdp_usd', 'elo_rating', 'bmi', 'qol', 'mv_play_dom', 'mv_play_int', 'num_play_int', 'dom_int_mv_ratio', 'dom_perc')",0.398524423
"('gdp_usd', 'elo_rating', 'bmi', 'qol', 'mv_play_dom', 'mv_play_int', 'num_play_int', 'dom_int_mv_ratio', 'int_perc')",0.398524423
"('gdp_usd', 'elo_rating', 'bmi', 'qol', 'mv_play_dom', 'mv_play_int', 'num_play_int', 'dom_int_mv_ratio', 'dom_perc', 'int_perc')",0.398524423
"('gdp_usd', 'elo_rating', 'bmi', 'qol', 'mv_play_int', 'num_play_int', 'dom_int_mv_ratio', 'dom_perc')",0.398507366
"('gdp_usd', 'elo_rating', 'bmi', 'qol', 'mv_play_int', 'num_play_int', 'dom_int_mv_ratio', 'int_perc')",0.398507366
"('gdp_usd', 'elo_rating', 'bmi', 'qol', 'mv_play_int', 'num_play_int', 'dom_int_mv_ratio', 'dom_perc', 'int_perc')",0.398507366
"('gdp_usd', 'mv_usd', 'elo_rating', 'life_exp', 'qol', 'mv_play_dom', 'mv_play_int', 'num_play_int', 'dom_int_mv_ratio')",0.398472633
"('gdp_usd', 'mv_usd', 'life_exp', 'qol', 'mv_play_dom', 'mv_play_int', 'num_play_int', 'dom_int_mv_ratio')",0.398333447
"('power_rating', 'gdp_usd', 'mv_usd', 'life_exp', 'dom_perc')",0.397977434
"('power_rating', 'gdp_usd', 'mv_usd', 'life_exp', 'int_perc')",0.397977434
"('power_rating', 'gdp_usd', 'mv_usd', 'life_exp', 'dom_perc', 'int_perc')",0.397977434
"('power_rating', 'elo_rating', 'life_exp', 'num_play_int')",0.397927162
"('gdp_usd', 'bmi', 'qol', 'mv_play_dom', 'mv_play_int', 'num_play_int', 'dom_int_mv_ratio', 'dom_perc')",0.397919434
"('gdp_usd', 'bmi', 'qol', 'mv_play_dom', 'mv_play_int', 'num_play_int', 'dom_int_mv_ratio', 'int_perc')",0.397919434
"('gdp_usd', 'bmi', 'qol', 'mv_play_dom', 'mv_play_int', 'num_play_int', 'dom_int_mv_ratio', 'dom_perc', 'int_perc')",0.397919434
"('power_rating', 'mv_usd', 'bmi', 'mv_play_dom', 'dom_int_mv_ratio', 'dom_perc')",0.397890355
"('power_rating', 'mv_usd', 'bmi', 'mv_play_dom', 'dom_int_mv_ratio', 'int_perc')",0.397890355
"('power_rating', 'mv_usd', 'bmi', 'mv_play_dom', 'dom_int_mv_ratio', 'dom_perc', 'int_perc')",0.397890355
"('power_rating', 'mv_usd', 'bmi', 'dom_int_mv_ratio', 'dom_perc')",0.397874873
"('power_rating', 'mv_usd', 'bmi', 'dom_int_mv_ratio', 'int_perc')",0.397874873
"('power_rating', 'mv_usd', 'bmi', 'dom_int_mv_ratio', 'dom_perc', 'int_perc')",0.397874873
"('gdp_usd', 'mv_usd', 'bmi', 'life_exp', 'num_play_dom', 'mv_play_int', 'num_play_int', 'dom_int_mv_ratio')",0.397838539
"('gdp_usd', 'bmi', 'qol', 'mv_play_int', 'num_play_int', 'dom_int_mv_ratio', 'dom_perc')",0.397728595
"('gdp_usd', 'bmi', 'qol', 'mv_play_int', 'num_play_int', 'dom_int_mv_ratio', 'int_perc')",0.397728595
"('gdp_usd', 'bmi', 'qol', 'mv_play_int', 'num_play_int', 'dom_int_mv_ratio', 'dom_perc', 'int_perc')",0.397728595
"('gdp_usd', 'mv_usd', 'life_exp', 'mv_play_dom', 'mv_play_int', 'num_play_int', 'dom_perc')",0.397581653
"('gdp_usd', 'mv_usd', 'life_exp', 'mv_play_dom', 'mv_play_int', 'num_play_int', 'int_perc')",0.397581653
"('gdp_usd', 'mv_usd', 'life_exp', 'mv_play_dom', 'mv_play_int', 'num_play_int', 'dom_perc', 'int_perc')",0.397581653
"('power_rating', 'mv_usd', 'bmi', 'life_exp', 'mv_play_dom', 'dom_perc')",0.397561124
"('power_rating', 'mv_usd', 'bmi', 'life_exp', 'mv_play_dom', 'int_perc')",0.397561124
"('power_rating', 'mv_usd', 'bmi', 'life_exp', 'mv_play_dom', 'dom_perc', 'int_perc')",0.397561124
"('gdp_usd', 'elo_rating', 'bmi', 'qol', 'mv_play_dom', 'mv_play_int', 'num_play_int', 'dom_perc')",0.397421772
"('gdp_usd', 'elo_rating', 'bmi', 'qol', 'mv_play_dom', 'mv_play_int', 'num_play_int', 'int_perc')",0.397421772
"('gdp_usd', 'elo_rating', 'bmi', 'qol', 'mv_play_dom', 'mv_play_int', 'num_play_int', 'dom_perc', 'int_perc')",0.397421772
"('power_rating', 'mv_usd', 'bmi', 'life_exp', 'dom_perc')",0.397295885
"('power_rating', 'mv_usd', 'bmi', 'life_exp', 'int_perc')",0.397295885
"('power_rating', 'mv_usd', 'bmi', 'life_exp', 'dom_perc', 'int_perc')",0.397295885
"('power_rating', 'mv_play_dom', 'num_play_dom', 'dom_int_mv_ratio', 'dom_perc')",0.396903417
"('power_rating', 'mv_play_dom', 'num_play_dom', 'dom_int_mv_ratio', 'int_perc')",0.396903417
"('power_rating', 'mv_play_dom', 'num_play_dom', 'dom_int_mv_ratio', 'dom_perc', 'int_perc')",0.396903417
"('gdp_usd', 'elo_rating', 'bmi', 'qol', 'mv_play_int', 'num_play_int', 'dom_perc')",0.39686074
"('gdp_usd', 'elo_rating', 'bmi', 'qol', 'mv_play_int', 'num_play_int', 'int_perc')",0.39686074
"('gdp_usd', 'elo_rating', 'bmi', 'qol', 'mv_play_int', 'num_play_int', 'dom_perc', 'int_perc')",0.39686074
"('gdp_usd', 'mv_usd', 'elo_rating', 'bmi', 'num_play_dom', 'mv_play_int', 'num_play_int', 'dom_int_mv_ratio')",0.396806308
"('mv_play_dom', 'dom_perc')",0.396654683
"('mv_play_dom', 'int_perc')",0.396654683
"('mv_play_dom', 'dom_perc', 'int_perc')",0.396654683
"('gdp_usd', 'bmi', 'qol', 'mv_play_dom', 'mv_play_int', 'num_play_int', 'dom_perc')",0.396259599
"('gdp_usd', 'bmi', 'qol', 'mv_play_dom', 'mv_play_int', 'num_play_int', 'int_perc')",0.396259599
"('gdp_usd', 'bmi', 'qol', 'mv_play_dom', 'mv_play_int', 'num_play_int', 'dom_perc', 'int_perc')",0.396259599
"('gdp_usd', 'bmi', 'qol', 'mv_play_int', 'num_play_int', 'dom_perc')",0.39623627
"('gdp_usd', 'bmi', 'qol', 'mv_play_int', 'num_play_int', 'int_perc')",0.39623627
"('gdp_usd', 'bmi', 'qol', 'mv_play_int', 'num_play_int', 'dom_perc', 'int_perc')",0.39623627
"('bmi', 'life_exp', 'qol', 'mv_play_dom', 'mv_play_int', 'dom_int_mv_ratio')",0.396158979
"('power_rating', 'gdp_usd', 'elo_rating', 'bmi', 'mv_play_dom', 'num_play_int')",0.395409398
"('power_rating', 'elo_rating', 'bmi', 'mv_play_dom', 'num_play_int')",0.395313899
"('power_rating', 'gdp_usd', 'bmi', 'qol', 'num_play_int', 'dom_perc', 'int_perc')",0.395147361
"('power_rating', 'gdp_usd', 'bmi', 'qol', 'num_play_int', 'dom_perc')",0.395147361
"('power_rating', 'gdp_usd', 'bmi', 'qol', 'num_play_int', 'int_perc')",0.395147361
"('power_rating', 'gdp_usd', 'elo_rating', 'life_exp')",0.394983356
"('gdp_usd', 'elo_rating', 'qol', 'mv_play_dom', 'mv_play_int', 'num_play_int', 'dom_int_mv_ratio', 'dom_perc')",0.394943921
"('gdp_usd', 'elo_rating', 'qol', 'mv_play_dom', 'mv_play_int', 'num_play_int', 'dom_int_mv_ratio', 'int_perc')",0.394943921
"('gdp_usd', 'elo_rating', 'qol', 'mv_play_dom', 'mv_play_int', 'num_play_int', 'dom_int_mv_ratio', 'dom_perc', 'int_perc')",0.394943921
"('gdp_usd', 'qol', 'mv_play_dom', 'mv_play_int', 'num_play_int', 'dom_int_mv_ratio', 'dom_perc')",0.394800997
"('gdp_usd', 'qol', 'mv_play_dom', 'mv_play_int', 'num_play_int', 'dom_int_mv_ratio', 'int_perc')",0.394800997
"('gdp_usd', 'qol', 'mv_play_dom', 'mv_play_int', 'num_play_int', 'dom_int_mv_ratio', 'dom_perc', 'int_perc')",0.394800997
"('gdp_usd', 'elo_rating', 'qol', 'mv_play_int', 'num_play_int', 'dom_int_mv_ratio', 'dom_perc')",0.39479524
"('gdp_usd', 'elo_rating', 'qol', 'mv_play_int', 'num_play_int', 'dom_int_mv_ratio', 'int_perc')",0.39479524
"('gdp_usd', 'elo_rating', 'qol', 'mv_play_int', 'num_play_int', 'dom_int_mv_ratio', 'dom_perc', 'int_perc')",0.39479524
"('gdp_usd', 'mv_usd', 'elo_rating', 'bmi', 'life_exp', 'num_play_dom', 'mv_play_int', 'num_play_int', 'dom_perc')",0.394784965
"('gdp_usd', 'mv_usd', 'elo_rating', 'bmi', 'life_exp', 'num_play_dom', 'mv_play_int', 'num_play_int', 'int_perc')",0.394784965
"('gdp_usd', 'mv_usd', 'elo_rating', 'bmi', 'life_exp', 'num_play_dom', 'mv_play_int', 'num_play_int', 'dom_perc', 'int_perc')",0.394784965
"('gdp_usd', 'mv_usd', 'bmi', 'life_exp', 'num_play_dom', 'mv_play_int', 'num_play_int', 'int_perc')",0.394759404
"('gdp_usd', 'mv_usd', 'bmi', 'life_exp', 'num_play_dom', 'mv_play_int', 'num_play_int', 'dom_perc')",0.394759404
"('gdp_usd', 'mv_usd', 'bmi', 'life_exp', 'num_play_dom', 'mv_play_int', 'num_play_int', 'dom_perc', 'int_perc')",0.394759404
"('power_rating', 'gdp_usd', 'bmi', 'mv_play_dom', 'dom_int_mv_ratio', 'dom_perc')",0.39472499
"('power_rating', 'gdp_usd', 'bmi', 'mv_play_dom', 'dom_int_mv_ratio', 'int_perc')",0.39472499
"('power_rating', 'gdp_usd', 'bmi', 'mv_play_dom', 'dom_int_mv_ratio', 'dom_perc', 'int_perc')",0.39472499
"('power_rating', 'gdp_usd', 'life_exp', 'mv_play_dom', 'num_play_dom', 'dom_perc')",0.39465217
"('power_rating', 'gdp_usd', 'life_exp', 'mv_play_dom', 'num_play_dom', 'int_perc')",0.39465217
"('power_rating', 'gdp_usd', 'life_exp', 'mv_play_dom', 'num_play_dom', 'dom_perc', 'int_perc')",0.39465217
"('bmi', 'life_exp', 'qol', 'mv_play_int', 'dom_int_mv_ratio')",0.394591066
"('gdp_usd', 'mv_usd', 'bmi', 'num_play_dom', 'mv_play_int', 'num_play_int', 'dom_int_mv_ratio')",0.394591029
"('gdp_usd', 'mv_usd', 'bmi', 'mv_play_dom', 'num_play_int', 'dom_perc')",0.394336802
"('gdp_usd', 'mv_usd', 'bmi', 'mv_play_dom', 'num_play_int', 'int_perc')",0.394336802
"('gdp_usd', 'mv_usd', 'bmi', 'mv_play_dom', 'num_play_int', 'dom_perc', 'int_perc')",0.394336802
"('gdp_usd', 'mv_usd', 'elo_rating', 'bmi', 'life_exp', 'num_play_dom', 'num_play_int', 'dom_perc')",0.394235862
"('gdp_usd', 'mv_usd', 'elo_rating', 'bmi', 'life_exp', 'num_play_dom', 'num_play_int', 'int_perc')",0.394235862
"('gdp_usd', 'mv_usd', 'elo_rating', 'bmi', 'life_exp', 'num_play_dom', 'num_play_int', 'dom_perc', 'int_perc')",0.394235862
"('gdp_usd', 'qol', 'mv_play_int', 'num_play_int', 'dom_int_mv_ratio', 'dom_perc')",0.394233991
"('gdp_usd', 'qol', 'mv_play_int', 'num_play_int', 'dom_int_mv_ratio', 'int_perc')",0.394233991
"('gdp_usd', 'qol', 'mv_play_int', 'num_play_int', 'dom_int_mv_ratio', 'dom_perc', 'int_perc')",0.394233991
"('gdp_usd', 'mv_usd', 'bmi', 'life_exp', 'num_play_dom', 'num_play_int', 'dom_perc')",0.394158522
"('gdp_usd', 'mv_usd', 'bmi', 'life_exp', 'num_play_dom', 'num_play_int', 'int_perc')",0.394158522
"('gdp_usd', 'mv_usd', 'bmi', 'life_exp', 'num_play_dom', 'num_play_int', 'dom_perc', 'int_perc')",0.394158522
"('power_rating', 'elo_rating', 'life_exp')",0.394119323
"('gdp_usd', 'mv_usd', 'mv_play_dom', 'mv_play_int', 'num_play_int', 'dom_perc')",0.394006027
"('gdp_usd', 'mv_usd', 'mv_play_dom', 'mv_play_int', 'num_play_int', 'int_perc')",0.394006027
"('gdp_usd', 'mv_usd', 'mv_play_dom', 'mv_play_int', 'num_play_int', 'dom_perc', 'int_perc')",0.394006027
"('power_rating', 'life_exp', 'qol', 'num_play_int', 'dom_perc')",0.394001508
"('power_rating', 'life_exp', 'qol', 'num_play_int', 'int_perc')",0.394001508
"('power_rating', 'life_exp', 'qol', 'num_play_int', 'dom_perc', 'int_perc')",0.394001508
"('gdp_usd', 'mv_usd', 'elo_rating', 'life_exp', 'qol', 'mv_play_dom', 'mv_play_int', 'num_play_int')",0.393470758
"('elo_rating', 'bmi', 'num_play_int')",0.393355232
"('power_rating', 'mv_usd', 'bmi', 'life_exp', 'qol', 'mv_play_dom', 'num_play_int')",0.393262028
"('power_rating', 'bmi', 'life_exp', 'num_play_int', 'dom_perc')",0.393133564
"('power_rating', 'bmi', 'life_exp', 'num_play_int', 'int_perc')",0.393133564
"('power_rating', 'bmi', 'life_exp', 'num_play_int', 'dom_perc', 'int_perc')",0.393133564
"('power_rating', 'bmi', 'life_exp', 'mv_play_dom', 'num_play_dom')",0.393084003
"('power_rating', 'mv_usd', 'bmi', 'qol', 'mv_play_dom', 'num_play_int')",0.392906907
"('gdp_usd', 'mv_usd', 'elo_rating', 'bmi', 'num_play_dom', 'mv_play_int', 'num_play_int', 'dom_perc')",0.392842804
"('gdp_usd', 'mv_usd', 'elo_rating', 'bmi', 'num_play_dom', 'mv_play_int', 'num_play_int', 'int_perc')",0.392842804
"('gdp_usd', 'mv_usd', 'elo_rating', 'bmi', 'num_play_dom', 'mv_play_int', 'num_play_int', 'dom_perc', 'int_perc')",0.392842804
"('gdp_usd', 'mv_usd', 'bmi', 'num_play_dom', 'mv_play_int', 'num_play_int', 'dom_perc')",0.392829824
"('gdp_usd', 'mv_usd', 'bmi', 'num_play_dom', 'mv_play_int', 'num_play_int', 'int_perc')",0.392829824
"('gdp_usd', 'mv_usd', 'bmi', 'num_play_dom', 'mv_play_int', 'num_play_int', 'dom_perc', 'int_perc')",0.392829824
"('gdp_usd', 'mv_usd', 'life_exp', 'qol', 'mv_play_dom', 'mv_play_int', 'num_play_int')",0.39275957
"('power_rating', 'mv_usd', 'life_exp', 'qol', 'mv_play_dom', 'dom_int_mv_ratio')",0.392720689
"('gdp_usd', 'elo_rating', 'qol', 'mv_play_dom', 'mv_play_int', 'num_play_int', 'dom_perc')",0.392689009
"('gdp_usd', 'elo_rating', 'qol', 'mv_play_dom', 'mv_play_int', 'num_play_int', 'int_perc')",0.392689009
"('gdp_usd', 'elo_rating', 'qol', 'mv_play_dom', 'mv_play_int', 'num_play_int', 'dom_perc', 'int_perc')",0.392689009
"('power_rating', 'gdp_usd', 'mv_usd', 'bmi', 'mv_play_dom', 'int_perc')",0.392606865
"('power_rating', 'gdp_usd', 'mv_usd', 'bmi', 'mv_play_dom', 'dom_perc')",0.392606865
"('power_rating', 'gdp_usd', 'mv_usd', 'bmi', 'mv_play_dom', 'dom_perc', 'int_perc')",0.392606865
"('gdp_usd', 'mv_usd', 'bmi', 'qol', 'mv_play_dom', 'num_play_dom', 'mv_play_int')",0.392571879
"('gdp_usd', 'elo_rating', 'qol', 'mv_play_int', 'num_play_int', 'dom_perc')",0.392564752
"('gdp_usd', 'elo_rating', 'qol', 'mv_play_int', 'num_play_int', 'int_perc')",0.392564752
"('gdp_usd', 'elo_rating', 'qol', 'mv_play_int', 'num_play_int', 'dom_perc', 'int_perc')",0.392564752
"('gdp_usd', 'mv_usd', 'elo_rating', 'bmi', 'num_play_dom', 'num_play_int', 'dom_perc')",0.392395409
"('gdp_usd', 'mv_usd', 'elo_rating', 'bmi', 'num_play_dom', 'num_play_int', 'int_perc')",0.392395409
"('gdp_usd', 'mv_usd', 'elo_rating', 'bmi', 'num_play_dom', 'num_play_int', 'dom_perc', 'int_perc')",0.392395409
"('power_rating', 'gdp_usd', 'bmi', 'mv_play_dom', 'num_play_dom', 'num_play_int')",0.392341133
"('gdp_usd', 'mv_usd', 'bmi', 'num_play_dom', 'num_play_int', 'dom_perc')",0.392313478
"('gdp_usd', 'mv_usd', 'bmi', 'num_play_dom', 'num_play_int', 'int_perc')",0.392313478
"('gdp_usd', 'mv_usd', 'bmi', 'num_play_dom', 'num_play_int', 'dom_perc', 'int_perc')",0.392313478
"('gdp_usd', 'mv_usd', 'elo_rating', 'life_exp', 'num_play_dom', 'mv_play_int', 'num_play_int', 'dom_int_mv_ratio', 'dom_perc')",0.392189324
"('gdp_usd', 'mv_usd', 'elo_rating', 'life_exp', 'num_play_dom', 'mv_play_int', 'num_play_int', 'dom_int_mv_ratio', 'int_perc')",0.392189324
"('gdp_usd', 'mv_usd', 'elo_rating', 'life_exp', 'num_play_dom', 'mv_play_int', 'num_play_int', 'dom_int_mv_ratio', 'dom_perc', 'int_perc')",0.392189324
"('gdp_usd', 'qol', 'mv_play_dom', 'mv_play_int', 'num_play_int', 'dom_perc')",0.392172819
"('gdp_usd', 'qol', 'mv_play_dom', 'mv_play_int', 'num_play_int', 'int_perc')",0.392172819
"('gdp_usd', 'qol', 'mv_play_dom', 'mv_play_int', 'num_play_int', 'dom_perc', 'int_perc')",0.392172819
"('gdp_usd', 'qol', 'mv_play_int', 'num_play_int', 'dom_perc')",0.392168541
"('gdp_usd', 'qol', 'mv_play_int', 'num_play_int', 'int_perc')",0.392168541
"('gdp_usd', 'qol', 'mv_play_int', 'num_play_int', 'dom_perc', 'int_perc')",0.392168541
"('gdp_usd', 'mv_usd', 'life_exp', 'num_play_dom', 'mv_play_int', 'num_play_int', 'dom_int_mv_ratio', 'dom_perc')",0.391963065
"('gdp_usd', 'mv_usd', 'life_exp', 'num_play_dom', 'mv_play_int', 'num_play_int', 'dom_int_mv_ratio', 'int_perc')",0.391963065
"('gdp_usd', 'mv_usd', 'life_exp', 'num_play_dom', 'mv_play_int', 'num_play_int', 'dom_int_mv_ratio', 'dom_perc', 'int_perc')",0.391963065
"('power_rating', 'gdp_usd', 'elo_rating', 'bmi', 'num_play_int', 'dom_int_mv_ratio')",0.391902196
"('power_rating', 'mv_play_dom', 'num_play_dom', 'dom_int_mv_ratio')",0.391857074
"('power_rating', 'gdp_usd', 'elo_rating', 'num_play_int', 'dom_int_mv_ratio')",0.391666097
"('power_rating', 'mv_usd', 'life_exp', 'mv_play_dom', 'dom_perc')",0.391438996
"('power_rating', 'mv_usd', 'life_exp', 'mv_play_dom', 'int_perc')",0.391438996
"('power_rating', 'mv_usd', 'life_exp', 'mv_play_dom', 'dom_perc', 'int_perc')",0.391438996
"('power_rating', 'gdp_usd', 'elo_rating', 'bmi', 'mv_play_dom')",0.391229795
"('power_rating', 'num_play_dom', 'num_play_int', 'dom_int_mv_ratio')",0.391087566
"('power_rating', 'mv_usd', 'life_exp', 'dom_perc')",0.391084762
"('power_rating', 'mv_usd', 'life_exp', 'int_perc')",0.391084762
"('power_rating', 'mv_usd', 'life_exp', 'dom_perc', 'int_perc')",0.391084762
"('power_rating', 'life_exp', 'mv_play_dom', 'num_play_dom', 'dom_perc')",0.390953769
"('power_rating', 'life_exp', 'mv_play_dom', 'num_play_dom', 'int_perc')",0.390953769
"('power_rating', 'life_exp', 'mv_play_dom', 'num_play_dom', 'dom_perc', 'int_perc')",0.390953769
"('power_rating', 'elo_rating', 'bmi', 'mv_play_dom')",0.390909844
"('gdp_usd', 'mv_usd', 'elo_rating', 'bmi', 'life_exp', 'num_play_dom', 'mv_play_int', 'dom_perc')",0.390851786
"('gdp_usd', 'mv_usd', 'elo_rating', 'bmi', 'life_exp', 'num_play_dom', 'mv_play_int', 'int_perc')",0.390851786
"('gdp_usd', 'mv_usd', 'elo_rating', 'bmi', 'life_exp', 'num_play_dom', 'mv_play_int', 'dom_perc', 'int_perc')",0.390851786
"('gdp_usd', 'mv_usd', 'elo_rating', 'bmi', 'life_exp', 'num_play_dom', 'dom_perc')",0.39051873
"('gdp_usd', 'mv_usd', 'elo_rating', 'bmi', 'life_exp', 'num_play_dom', 'int_perc')",0.39051873
"('gdp_usd', 'mv_usd', 'elo_rating', 'bmi', 'life_exp', 'num_play_dom', 'dom_perc', 'int_perc')",0.39051873
"('gdp_usd', 'mv_usd', 'bmi', 'life_exp', 'num_play_dom', 'mv_play_int', 'dom_perc')",0.39036749
"('gdp_usd', 'mv_usd', 'bmi', 'life_exp', 'num_play_dom', 'mv_play_int', 'dom_perc', 'int_perc')",0.39036749
"('gdp_usd', 'mv_usd', 'bmi', 'life_exp', 'num_play_dom', 'mv_play_int', 'int_perc')",0.39036749
"('gdp_usd', 'mv_usd', 'bmi', 'life_exp', 'num_play_dom', 'dom_perc')",0.390321106
"('gdp_usd', 'mv_usd', 'bmi', 'life_exp', 'num_play_dom', 'int_perc')",0.390321106
"('gdp_usd', 'mv_usd', 'bmi', 'life_exp', 'num_play_dom', 'dom_perc', 'int_perc')",0.390321106
"('gdp_usd', 'elo_rating', 'bmi', 'qol', 'mv_play_dom', 'num_play_int', 'dom_int_mv_ratio', 'dom_perc')",0.390088742
"('gdp_usd', 'elo_rating', 'bmi', 'qol', 'mv_play_dom', 'num_play_int', 'dom_int_mv_ratio', 'int_perc')",0.390088742
"('gdp_usd', 'elo_rating', 'bmi', 'qol', 'mv_play_dom', 'num_play_int', 'dom_int_mv_ratio', 'dom_perc', 'int_perc')",0.390088742
"('gdp_usd', 'elo_rating', 'bmi', 'qol', 'mv_play_dom', 'num_play_int', 'int_perc')",0.390049
"('gdp_usd', 'elo_rating', 'bmi', 'qol', 'mv_play_dom', 'num_play_int', 'dom_perc')",0.390049
"('gdp_usd', 'elo_rating', 'bmi', 'qol', 'mv_play_dom', 'num_play_int', 'dom_perc', 'int_perc')",0.390049
"('gdp_usd', 'mv_usd', 'bmi', 'life_exp', 'qol', 'mv_play_dom', 'num_play_int')",0.390045715
"('gdp_usd', 'mv_usd', 'elo_rating', 'num_play_dom', 'mv_play_int', 'num_play_int', 'dom_int_mv_ratio', 'dom_perc')",0.390027578
"('gdp_usd', 'mv_usd', 'elo_rating', 'num_play_dom', 'mv_play_int', 'num_play_int', 'dom_int_mv_ratio', 'int_perc')",0.390027578
"('gdp_usd', 'mv_usd', 'elo_rating', 'num_play_dom', 'mv_play_int', 'num_play_int', 'dom_int_mv_ratio', 'dom_perc', 'int_perc')",0.390027578
"('gdp_usd', 'mv_usd', 'elo_rating', 'bmi', 'num_play_dom', 'mv_play_int', 'dom_perc')",0.389946822
"('gdp_usd', 'mv_usd', 'elo_rating', 'bmi', 'num_play_dom', 'mv_play_int', 'int_perc')",0.389946822
"('gdp_usd', 'mv_usd', 'elo_rating', 'bmi', 'num_play_dom', 'mv_play_int', 'dom_perc', 'int_perc')",0.389946822
"('gdp_usd', 'mv_usd', 'num_play_dom', 'mv_play_int', 'num_play_int', 'dom_int_mv_ratio', 'dom_perc')",0.38991595
"('gdp_usd', 'mv_usd', 'num_play_dom', 'mv_play_int', 'num_play_int', 'dom_int_mv_ratio', 'dom_perc', 'int_perc')",0.38991595
"('gdp_usd', 'mv_usd', 'num_play_dom', 'mv_play_int', 'num_play_int', 'dom_int_mv_ratio', 'int_perc')",0.38991595
"('power_rating', 'mv_usd', 'qol', 'mv_play_dom', 'dom_int_mv_ratio')",0.389906271
"('gdp_usd', 'elo_rating', 'bmi', 'qol', 'num_play_int', 'dom_int_mv_ratio', 'dom_perc')",0.389733105
"('gdp_usd', 'elo_rating', 'bmi', 'qol', 'num_play_int', 'dom_int_mv_ratio', 'int_perc')",0.389733105
"('gdp_usd', 'elo_rating', 'bmi', 'qol', 'num_play_int', 'dom_int_mv_ratio', 'dom_perc', 'int_perc')",0.389733105
"('gdp_usd', 'elo_rating', 'bmi', 'qol', 'num_play_int', 'dom_perc')",0.389723441
"('gdp_usd', 'elo_rating', 'bmi', 'qol', 'num_play_int', 'int_perc')",0.389723441
"('gdp_usd', 'elo_rating', 'bmi', 'qol', 'num_play_int', 'dom_perc', 'int_perc')",0.389723441
"('gdp_usd', 'mv_usd', 'elo_rating', 'bmi', 'num_play_dom', 'dom_perc')",0.3896494
"('gdp_usd', 'mv_usd', 'elo_rating', 'bmi', 'num_play_dom', 'int_perc')",0.3896494
"('gdp_usd', 'mv_usd', 'elo_rating', 'bmi', 'num_play_dom', 'dom_perc', 'int_perc')",0.3896494
"('gdp_usd', 'mv_usd', 'bmi', 'num_play_dom', 'mv_play_int', 'dom_perc')",0.389582582
"('gdp_usd', 'mv_usd', 'bmi', 'num_play_dom', 'mv_play_int', 'int_perc')",0.389582582
"('gdp_usd', 'mv_usd', 'bmi', 'num_play_dom', 'mv_play_int', 'dom_perc', 'int_perc')",0.389582582
"('gdp_usd', 'mv_usd', 'bmi', 'num_play_dom', 'dom_perc')",0.389524131
"('gdp_usd', 'mv_usd', 'bmi', 'num_play_dom', 'int_perc')",0.389524131
"('gdp_usd', 'mv_usd', 'bmi', 'num_play_dom', 'dom_perc', 'int_perc')",0.389524131
"('gdp_usd', 'mv_usd', 'life_exp', 'mv_play_dom', 'num_play_int', 'dom_perc')",0.389448977
"('gdp_usd', 'mv_usd', 'life_exp', 'mv_play_dom', 'num_play_int', 'int_perc')",0.389448977
"('gdp_usd', 'mv_usd', 'life_exp', 'mv_play_dom', 'num_play_int', 'dom_perc', 'int_perc')",0.389448977
"('gdp_usd', 'mv_usd', 'elo_rating', 'life_exp', 'num_play_dom', 'mv_play_int', 'dom_int_mv_ratio', 'dom_perc')",0.389273278
"('gdp_usd', 'mv_usd', 'elo_rating', 'life_exp', 'num_play_dom', 'mv_play_int', 'dom_int_mv_ratio', 'int_perc')",0.389273278
"('gdp_usd', 'mv_usd', 'elo_rating', 'life_exp', 'num_play_dom', 'mv_play_int', 'dom_int_mv_ratio', 'dom_perc', 'int_perc')",0.389273278
"('power_rating', 'gdp_usd', 'mv_usd', 'bmi', 'dom_perc')",0.388993021
"('power_rating', 'gdp_usd', 'mv_usd', 'bmi', 'int_perc')",0.388993021
"('power_rating', 'gdp_usd', 'mv_usd', 'bmi', 'dom_perc', 'int_perc')",0.388993021
"('power_rating', 'bmi', 'mv_play_dom', 'dom_int_mv_ratio', 'dom_perc')",0.38846165
"('power_rating', 'bmi', 'mv_play_dom', 'dom_int_mv_ratio', 'int_perc')",0.38846165
"('power_rating', 'bmi', 'mv_play_dom', 'dom_int_mv_ratio', 'dom_perc', 'int_perc')",0.38846165
"('gdp_usd', 'mv_usd', 'elo_rating', 'life_exp', 'num_play_dom', 'num_play_int', 'dom_int_mv_ratio', 'dom_perc')",0.388417501
"('gdp_usd', 'mv_usd', 'elo_rating', 'life_exp', 'num_play_dom', 'num_play_int', 'dom_int_mv_ratio', 'int_perc')",0.388417501
"('gdp_usd', 'mv_usd', 'elo_rating', 'life_exp', 'num_play_dom', 'num_play_int', 'dom_int_mv_ratio', 'dom_perc', 'int_perc')",0.388417501
"('gdp_usd', 'mv_usd', 'qol', 'mv_play_dom', 'num_play_dom', 'mv_play_int')",0.388369932
"('gdp_usd', 'mv_usd', 'life_exp', 'num_play_dom', 'mv_play_int', 'dom_int_mv_ratio', 'dom_perc')",0.388296423
"('gdp_usd', 'mv_usd', 'life_exp', 'num_play_dom', 'mv_play_int', 'dom_int_mv_ratio', 'int_perc')",0.388296423
"('gdp_usd', 'mv_usd', 'life_exp', 'num_play_dom', 'mv_play_int', 'dom_int_mv_ratio', 'dom_perc', 'int_perc')",0.388296423
"('power_rating', 'gdp_usd', 'elo_rating', 'mv_play_dom', 'num_play_int')",0.388282653
"('gdp_usd', 'mv_usd', 'bmi', 'life_exp', 'mv_play_dom', 'num_play_dom', 'mv_play_int', 'dom_int_mv_ratio')",0.388251631
"('power_rating', 'elo_rating', 'mv_play_dom', 'num_play_int')",0.38812651
"('bmi', 'qol', 'mv_play_int', 'num_play_int', 'dom_int_mv_ratio')",0.388038872
"('power_rating', 'gdp_usd', 'life_exp', 'mv_play_dom', 'num_play_dom')",0.387847289
"('gdp_usd', 'mv_usd', 'life_exp', 'num_play_dom', 'num_play_int', 'dom_int_mv_ratio', 'dom_perc')",0.387792209
"('gdp_usd', 'mv_usd', 'life_exp', 'num_play_dom', 'num_play_int', 'dom_int_mv_ratio', 'int_perc')",0.387792209
"('gdp_usd', 'mv_usd', 'life_exp', 'num_play_dom', 'num_play_int', 'dom_int_mv_ratio', 'dom_perc', 'int_perc')",0.387792209
"('bmi', 'life_exp', 'qol', 'mv_play_dom', 'mv_play_int')",0.387779932
"('power_rating', 'mv_usd', 'life_exp', 'qol', 'mv_play_dom', 'num_play_int')",0.387699943
"('power_rating', 'mv_usd', 'qol', 'mv_play_dom', 'num_play_int')",0.387690384
"('power_rating', 'elo_rating', 'bmi', 'num_play_int', 'dom_int_mv_ratio')",0.387536697
"('power_rating', 'elo_rating', 'num_play_int', 'dom_int_mv_ratio')",0.387522057
"('gdp_usd', 'mv_usd', 'elo_rating', 'life_exp', 'qol', 'mv_play_int', 'num_play_int', 'dom_int_mv_ratio')",0.38702746
"('gdp_usd', 'mv_usd', 'elo_rating', 'bmi', 'life_exp', 'num_play_dom', 'num_play_int', 'dom_int_mv_ratio')",0.386970582
"('bmi', 'life_exp', 'qol', 'mv_play_dom', 'num_play_int', 'dom_int_mv_ratio')",0.386779633
"('power_rating', 'gdp_usd', 'bmi', 'mv_play_dom', 'num_play_dom', 'dom_perc')",0.386739691
"('power_rating', 'gdp_usd', 'bmi', 'mv_play_dom', 'num_play_dom', 'int_perc')",0.386739691
"('power_rating', 'gdp_usd', 'bmi', 'mv_play_dom', 'num_play_dom', 'dom_perc', 'int_perc')",0.386739691
"('gdp_usd', 'mv_usd', 'bmi', 'mv_play_dom', 'num_play_dom', 'mv_play_int', 'dom_int_mv_ratio')",0.386537833
"('gdp_usd', 'mv_usd', 'mv_play_dom', 'num_play_int', 'dom_perc')",0.386318764
"('gdp_usd', 'mv_usd', 'mv_play_dom', 'num_play_int', 'int_perc')",0.386318764
"('gdp_usd', 'mv_usd', 'mv_play_dom', 'num_play_int', 'dom_perc', 'int_perc')",0.386318764
"('bmi', 'life_exp', 'qol', 'mv_play_dom', 'num_play_int')",0.386318295
"('gdp_usd', 'mv_usd', 'bmi', 'life_exp', 'num_play_dom', 'num_play_int', 'dom_int_mv_ratio')",0.386295247
"('gdp_usd', 'mv_usd', 'life_exp', 'qol', 'mv_play_int', 'num_play_int', 'dom_int_mv_ratio')",0.386288354
"('gdp_usd', 'mv_usd', 'elo_rating', 'num_play_dom', 'num_play_int', 'dom_int_mv_ratio', 'dom_perc')",0.386201024
"('gdp_usd', 'mv_usd', 'elo_rating', 'num_play_dom', 'num_play_int', 'dom_int_mv_ratio', 'int_perc')",0.386201024
"('gdp_usd', 'mv_usd', 'elo_rating', 'num_play_dom', 'num_play_int', 'dom_int_mv_ratio', 'dom_perc', 'int_perc')",0.386201024
"('gdp_usd', 'mv_usd', 'elo_rating', 'life_exp', 'num_play_dom', 'dom_int_mv_ratio', 'dom_perc')",0.385688739
"('gdp_usd', 'mv_usd', 'elo_rating', 'life_exp', 'num_play_dom', 'dom_int_mv_ratio', 'int_perc')",0.385688739
"('gdp_usd', 'mv_usd', 'elo_rating', 'life_exp', 'num_play_dom', 'dom_int_mv_ratio', 'dom_perc', 'int_perc')",0.385688739
"('gdp_usd', 'mv_usd', 'life_exp', 'num_play_dom', 'dom_int_mv_ratio', 'dom_perc')",0.385644978
"('gdp_usd', 'mv_usd', 'life_exp', 'num_play_dom', 'dom_int_mv_ratio', 'int_perc')",0.385644978
"('gdp_usd', 'mv_usd', 'life_exp', 'num_play_dom', 'dom_int_mv_ratio', 'dom_perc', 'int_perc')",0.385644978
"('gdp_usd', 'mv_usd', 'elo_rating', 'bmi', 'life_exp', 'num_play_dom', 'mv_play_int', 'num_play_int')",0.385360994
"('gdp_usd', 'mv_usd', 'bmi', 'life_exp', 'qol', 'num_play_int')",0.385310924
"('gdp_usd', 'mv_usd', 'num_play_dom', 'num_play_int', 'dom_int_mv_ratio', 'dom_perc')",0.385228566
"('gdp_usd', 'mv_usd', 'num_play_dom', 'num_play_int', 'dom_int_mv_ratio', 'int_perc')",0.385228566
"('gdp_usd', 'mv_usd', 'num_play_dom', 'num_play_int', 'dom_int_mv_ratio', 'dom_perc', 'int_perc')",0.385228566
"('gdp_usd', 'mv_usd', 'bmi', 'life_exp', 'num_play_dom', 'mv_play_int', 'num_play_int')",0.385143441
"('gdp_usd', 'elo_rating', 'qol', 'mv_play_dom', 'num_play_int', 'dom_int_mv_ratio', 'dom_perc')",0.385116916
"('gdp_usd', 'elo_rating', 'qol', 'mv_play_dom', 'num_play_int', 'dom_int_mv_ratio', 'int_perc')",0.385116916
"('gdp_usd', 'elo_rating', 'qol', 'mv_play_dom', 'num_play_int', 'dom_int_mv_ratio', 'dom_perc', 'int_perc')",0.385116916
"('gdp_usd', 'elo_rating', 'qol', 'num_play_int', 'dom_int_mv_ratio', 'dom_perc')",0.385115748
"('gdp_usd', 'elo_rating', 'qol', 'num_play_int', 'dom_int_mv_ratio', 'int_perc')",0.385115748
"('gdp_usd', 'elo_rating', 'qol', 'num_play_int', 'dom_int_mv_ratio', 'dom_perc', 'int_perc')",0.385115748
"('gdp_usd', 'elo_rating', 'qol', 'mv_play_dom', 'num_play_int', 'int_perc')",0.385063448
"('gdp_usd', 'elo_rating', 'qol', 'mv_play_dom', 'num_play_int', 'dom_perc', 'int_perc')",0.385063448
"('gdp_usd', 'elo_rating', 'qol', 'mv_play_dom', 'num_play_int', 'dom_perc')",0.385063448
"('gdp_usd', 'elo_rating', 'qol', 'num_play_int', 'dom_perc')",0.385039111
"('gdp_usd', 'elo_rating', 'qol', 'num_play_int', 'int_perc')",0.385039111
"('gdp_usd', 'elo_rating', 'qol', 'num_play_int', 'dom_perc', 'int_perc')",0.385039111
"('power_rating', 'bmi', 'mv_play_dom', 'num_play_dom', 'dom_perc')",0.384989614
"('power_rating', 'bmi', 'mv_play_dom', 'num_play_dom', 'int_perc')",0.384989614
"('power_rating', 'bmi', 'mv_play_dom', 'num_play_dom', 'dom_perc', 'int_perc')",0.384989614
"('gdp_usd', 'mv_usd', 'elo_rating', 'bmi', 'qol', 'num_play_dom', 'mv_play_int', 'dom_int_mv_ratio')",0.384653336
"('gdp_usd', 'mv_usd', 'elo_rating', 'qol', 'num_play_dom', 'mv_play_int', 'dom_int_mv_ratio')",0.384576628
"('gdp_usd', 'mv_usd', 'elo_rating', 'num_play_dom', 'mv_play_int', 'dom_int_mv_ratio', 'dom_perc')",0.384492124
"('gdp_usd', 'mv_usd', 'elo_rating', 'num_play_dom', 'mv_play_int', 'dom_int_mv_ratio', 'int_perc')",0.384492124
"('gdp_usd', 'mv_usd', 'elo_rating', 'num_play_dom', 'mv_play_int', 'dom_int_mv_ratio', 'dom_perc', 'int_perc')",0.384492124
"('gdp_usd', 'mv_usd', 'elo_rating', 'life_exp', 'mv_play_dom', 'num_play_dom', 'mv_play_int', 'dom_int_mv_ratio')",0.384269109
"('gdp_usd', 'mv_usd', 'elo_rating', 'bmi', 'life_exp', 'qol', 'num_play_dom', 'mv_play_int')",0.384181544
"('mv_play_dom', 'num_play_dom', 'num_play_int')",0.384113227
"('power_rating', 'gdp_usd', 'elo_rating', 'mv_play_dom')",0.384025507
"('elo_rating', 'bmi', 'life_exp', 'qol', 'num_play_dom', 'dom_perc')",0.383963982
"('elo_rating', 'bmi', 'life_exp', 'qol', 'num_play_dom', 'int_perc')",0.383963982
"('elo_rating', 'bmi', 'life_exp', 'qol', 'num_play_dom', 'dom_perc', 'int_perc')",0.383963982
"('elo_rating', 'bmi', 'qol', 'num_play_dom', 'dom_perc')",0.383950559
"('elo_rating', 'bmi', 'qol', 'num_play_dom', 'int_perc')",0.383950559
"('elo_rating', 'bmi', 'qol', 'num_play_dom', 'dom_perc', 'int_perc')",0.383950559
"('power_rating', 'life_exp', 'mv_play_dom', 'num_play_dom', 'num_play_int')",0.383909504
"('gdp_usd', 'mv_usd', 'num_play_dom', 'mv_play_int', 'dom_int_mv_ratio', 'dom_perc')",0.383526749
"('gdp_usd', 'mv_usd', 'num_play_dom', 'mv_play_int', 'dom_int_mv_ratio', 'int_perc')",0.383526749
"('gdp_usd', 'mv_usd', 'num_play_dom', 'mv_play_int', 'dom_int_mv_ratio', 'dom_perc', 'int_perc')",0.383526749
"('gdp_usd', 'mv_usd', 'elo_rating', 'life_exp', 'qol', 'num_play_dom', 'mv_play_int')",0.38335506
"('power_rating', 'gdp_usd', 'num_play_dom', 'dom_int_mv_ratio', 'dom_perc')",0.383312059
"('power_rating', 'gdp_usd', 'num_play_dom', 'dom_int_mv_ratio', 'int_perc')",0.383312059
"('power_rating', 'gdp_usd', 'num_play_dom', 'dom_int_mv_ratio', 'dom_perc', 'int_perc')",0.383312059
"('gdp_usd', 'mv_usd', 'elo_rating', 'life_exp', 'qol', 'mv_play_int', 'num_play_int')",0.38305173
"('power_rating', 'mv_play_dom', 'num_play_int', 'dom_perc')",0.382919524
"('power_rating', 'mv_play_dom', 'num_play_int', 'int_perc')",0.382919524
"('power_rating', 'mv_play_dom', 'num_play_int', 'dom_perc', 'int_perc')",0.382919524
"('elo_rating', 'life_exp', 'qol', 'num_play_dom', 'dom_perc')",0.38291554
"('elo_rating', 'life_exp', 'qol', 'num_play_dom', 'int_perc')",0.38291554
"('elo_rating', 'life_exp', 'qol', 'num_play_dom', 'dom_perc', 'int_perc')",0.38291554
"('gdp_usd', 'mv_usd', 'life_exp', 'qol', 'mv_play_int', 'num_play_int')",0.382903474
"('elo_rating', 'qol', 'num_play_dom', 'dom_perc')",0.382893452
"('elo_rating', 'qol', 'num_play_dom', 'int_perc')",0.382893452
"('elo_rating', 'qol', 'num_play_dom', 'dom_perc', 'int_perc')",0.382893452
"('gdp_usd', 'mv_usd', 'elo_rating', 'mv_play_dom', 'num_play_dom', 'mv_play_int', 'dom_int_mv_ratio')",0.382854346
"('gdp_usd', 'mv_usd', 'elo_rating', 'life_exp', 'num_play_dom', 'mv_play_int', 'num_play_int', 'dom_int_mv_ratio')",0.38284221
"('power_rating', 'gdp_usd', 'elo_rating', 'bmi', 'dom_int_mv_ratio')",0.38282196
"('power_rating', 'gdp_usd', 'elo_rating', 'dom_int_mv_ratio')",0.382655719
"('power_rating', 'gdp_usd', 'bmi', 'life_exp', 'qol', 'mv_play_dom', 'num_play_int', 'dom_int_mv_ratio')",0.382611525
"('gdp_usd', 'mv_usd', 'elo_rating', 'bmi', 'num_play_dom', 'num_play_int', 'dom_int_mv_ratio')",0.382549682
"('bmi', 'qol', 'mv_play_dom', 'mv_play_int', 'num_play_int')",0.382535636
"('gdp_usd', 'mv_usd', 'elo_rating', 'num_play_dom', 'mv_play_int', 'num_play_int', 'dom_int_mv_ratio')",0.382513027
"('power_rating', 'gdp_usd', 'mv_usd', 'bmi', 'life_exp', 'qol', 'num_play_int', 'dom_int_mv_ratio')",0.382486956
"('power_rating', 'gdp_usd', 'mv_usd', 'bmi', 'qol', 'num_play_int', 'dom_int_mv_ratio')",0.382483091
"('power_rating', 'gdp_usd', 'mv_usd', 'bmi', 'life_exp', 'qol', 'dom_int_mv_ratio')",0.382476966
"('power_rating', 'gdp_usd', 'mv_usd', 'bmi', 'qol', 'dom_int_mv_ratio')",0.382476191
"('power_rating', 'gdp_usd', 'bmi', 'qol', 'mv_play_dom', 'num_play_int', 'dom_int_mv_ratio')",0.382349143
"('gdp_usd', 'mv_usd', 'life_exp', 'num_play_dom', 'mv_play_int', 'num_play_int', 'dom_int_mv_ratio')",0.382262627
"('power_rating', 'elo_rating', 'mv_play_dom')",0.382089476
"('gdp_usd', 'mv_usd', 'num_play_dom', 'mv_play_int', 'num_play_int', 'dom_int_mv_ratio')",0.382034656
"('power_rating', 'bmi', 'qol', 'num_play_int', 'dom_perc')",0.381978627
"('power_rating', 'bmi', 'qol', 'num_play_int', 'int_perc')",0.381978627
"('power_rating', 'bmi', 'qol', 'num_play_int', 'dom_perc', 'int_perc')",0.381978627
"('power_rating', 'elo_rating', 'bmi', 'dom_int_mv_ratio')",0.381761725
"('power_rating', 'elo_rating', 'dom_int_mv_ratio')",0.381751094
"('gdp_usd', 'mv_usd', 'bmi', 'num_play_dom', 'num_play_int', 'dom_int_mv_ratio')",0.381707187
"('elo_rating', 'qol', 'dom_int_mv_ratio', 'dom_perc')",0.381504774
"('elo_rating', 'qol', 'dom_int_mv_ratio', 'int_perc')",0.381504774
"('elo_rating', 'qol', 'dom_int_mv_ratio', 'dom_perc', 'int_perc')",0.381504774
"('power_rating', 'mv_usd', 'bmi', 'life_exp', 'qol', 'mv_play_dom')",0.381441597
"('power_rating', 'mv_usd', 'bmi', 'qol', 'mv_play_dom')",0.381423071
"('elo_rating', 'bmi', 'life_exp', 'qol', 'num_play_dom', 'dom_int_mv_ratio')",0.381132548
"('gdp_usd', 'mv_usd', 'elo_rating', 'life_exp', 'num_play_dom', 'mv_play_int', 'num_play_int', 'dom_perc')",0.381029035
"('gdp_usd', 'mv_usd', 'elo_rating', 'life_exp', 'num_play_dom', 'mv_play_int', 'num_play_int', 'int_perc')",0.381029035
"('gdp_usd', 'mv_usd', 'elo_rating', 'life_exp', 'num_play_dom', 'mv_play_int', 'num_play_int', 'dom_perc', 'int_perc')",0.381029035
"('gdp_usd', 'mv_usd', 'life_exp', 'num_play_dom', 'mv_play_int', 'num_play_int', 'dom_perc')",0.380917995
"('gdp_usd', 'mv_usd', 'life_exp', 'num_play_dom', 'mv_play_int', 'num_play_int', 'int_perc')",0.380917995
"('gdp_usd', 'mv_usd', 'life_exp', 'num_play_dom', 'mv_play_int', 'num_play_int', 'dom_perc', 'int_perc')",0.380917995
"('gdp_usd', 'mv_usd', 'elo_rating', 'num_play_dom', 'dom_int_mv_ratio', 'dom_perc')",0.380911597
"('gdp_usd', 'mv_usd', 'elo_rating', 'num_play_dom', 'dom_int_mv_ratio', 'int_perc')",0.380911597
"('gdp_usd', 'mv_usd', 'elo_rating', 'num_play_dom', 'dom_int_mv_ratio', 'dom_perc', 'int_perc')",0.380911597
"('gdp_usd', 'mv_usd', 'num_play_dom', 'dom_int_mv_ratio', 'dom_perc')",0.38086506
"('gdp_usd', 'mv_usd', 'num_play_dom', 'dom_int_mv_ratio', 'int_perc')",0.38086506
"('gdp_usd', 'mv_usd', 'num_play_dom', 'dom_int_mv_ratio', 'dom_perc', 'int_perc')",0.38086506
"('gdp_usd', 'mv_usd', 'elo_rating', 'bmi', 'num_play_dom', 'mv_play_int', 'num_play_int')",0.380720671
"('gdp_usd', 'mv_usd', 'bmi', 'num_play_dom', 'mv_play_int', 'num_play_int')",0.380523967
"('power_rating', 'gdp_usd', 'bmi', 'life_exp', 'qol', 'mv_play_dom', 'dom_int_mv_ratio')",0.380508935
"('power_rating', 'gdp_usd', 'bmi', 'qol', 'mv_play_dom', 'dom_int_mv_ratio')",0.380507905
"('gdp_usd', 'mv_usd', 'elo_rating', 'num_play_dom', 'mv_play_int', 'num_play_int', 'dom_perc')",0.380464316
"('gdp_usd', 'mv_usd', 'elo_rating', 'num_play_dom', 'mv_play_int', 'num_play_int', 'int_perc')",0.380464316
"('gdp_usd', 'mv_usd', 'elo_rating', 'num_play_dom', 'mv_play_int', 'num_play_int', 'dom_perc', 'int_perc')",0.380464316
"('gdp_usd', 'bmi', 'qol', 'mv_play_dom', 'num_play_int', 'dom_int_mv_ratio', 'dom_perc')",0.380404492
"('gdp_usd', 'bmi', 'qol', 'mv_play_dom', 'num_play_int', 'dom_int_mv_ratio', 'int_perc')",0.380404492
"('gdp_usd', 'bmi', 'qol', 'mv_play_dom', 'num_play_int', 'dom_int_mv_ratio', 'dom_perc', 'int_perc')",0.380404492
"('elo_rating', 'bmi', 'life_exp', 'qol', 'dom_int_mv_ratio')",0.380370101
"('gdp_usd', 'bmi', 'qol', 'mv_play_dom', 'num_play_int', 'dom_perc')",0.380366264
"('gdp_usd', 'bmi', 'qol', 'mv_play_dom', 'num_play_int', 'int_perc')",0.380366264
"('gdp_usd', 'bmi', 'qol', 'mv_play_dom', 'num_play_int', 'dom_perc', 'int_perc')",0.380366264
"('gdp_usd', 'mv_usd', 'num_play_dom', 'mv_play_int', 'num_play_int', 'dom_perc')",0.380328161
"('gdp_usd', 'mv_usd', 'num_play_dom', 'mv_play_int', 'num_play_int', 'int_perc')",0.380328161
"('gdp_usd', 'mv_usd', 'num_play_dom', 'mv_play_int', 'num_play_int', 'dom_perc', 'int_perc')",0.380328161
"('gdp_usd', 'mv_usd', 'elo_rating', 'life_exp', 'num_play_dom', 'num_play_int', 'dom_perc')",0.380231949
"('gdp_usd', 'mv_usd', 'elo_rating', 'life_exp', 'num_play_dom', 'num_play_int', 'int_perc')",0.380231949
"('gdp_usd', 'mv_usd', 'elo_rating', 'life_exp', 'num_play_dom', 'num_play_int', 'dom_perc', 'int_perc')",0.380231949
"('power_rating', 'gdp_usd', 'num_play_dom', 'dom_int_mv_ratio')",0.380104495
"('power_rating', 'gdp_usd', 'bmi', 'life_exp', 'qol', 'num_play_int', 'dom_int_mv_ratio')",0.380066726
"('power_rating', 'gdp_usd', 'bmi', 'qol', 'num_play_int', 'dom_int_mv_ratio')",0.379988347
"('gdp_usd', 'mv_usd', 'elo_rating', 'bmi', 'life_exp', 'num_play_dom', 'num_play_int')",0.379920952
"('gdp_usd', 'mv_usd', 'elo_rating', 'num_play_dom', 'num_play_int', 'dom_perc')",0.379535758
"('gdp_usd', 'mv_usd', 'elo_rating', 'num_play_dom', 'num_play_int', 'int_perc')",0.379535758
"('gdp_usd', 'mv_usd', 'elo_rating', 'num_play_dom', 'num_play_int', 'dom_perc', 'int_perc')",0.379535758
"('power_rating', 'gdp_usd', 'bmi', 'life_exp', 'qol', 'dom_int_mv_ratio')",0.379497151
"('power_rating', 'gdp_usd', 'bmi', 'qol', 'dom_int_mv_ratio')",0.379494161
"('bmi', 'life_exp', 'qol', 'mv_play_int', 'num_play_int')",0.379460272
"('gdp_usd', 'mv_usd', 'elo_rating', 'bmi', 'life_exp', 'mv_play_int', 'num_play_int', 'dom_int_mv_ratio', 'dom_perc')",0.379454675
"('gdp_usd', 'mv_usd', 'elo_rating', 'bmi', 'life_exp', 'mv_play_int', 'num_play_int', 'dom_int_mv_ratio', 'int_perc')",0.379454675
"('gdp_usd', 'mv_usd', 'elo_rating', 'bmi', 'life_exp', 'mv_play_int', 'num_play_int', 'dom_int_mv_ratio', 'dom_perc', 'int_perc')",0.379454675
"('elo_rating', 'life_exp', 'qol', 'num_play_dom', 'dom_int_mv_ratio')",0.379420281
"('power_rating', 'bmi', 'life_exp', 'qol', 'mv_play_dom', 'num_play_int', 'dom_int_mv_ratio')",0.379342441
"('gdp_usd', 'mv_usd', 'life_exp', 'num_play_dom', 'num_play_int', 'dom_perc')",0.379280014
"('gdp_usd', 'mv_usd', 'life_exp', 'num_play_dom', 'num_play_int', 'int_perc')",0.379280014
"('gdp_usd', 'mv_usd', 'life_exp', 'num_play_dom', 'num_play_int', 'dom_perc', 'int_perc')",0.379280014
"('gdp_usd', 'mv_usd', 'bmi', 'life_exp', 'num_play_dom', 'num_play_int')",0.37897875
"('power_rating', 'gdp_usd', 'bmi', 'mv_play_dom', 'num_play_dom')",0.378670156
"('gdp_usd', 'mv_usd', 'num_play_dom', 'num_play_int', 'dom_perc', 'int_perc')",0.378373471
"('gdp_usd', 'mv_usd', 'num_play_dom', 'num_play_int', 'dom_perc')",0.378373471
"('gdp_usd', 'mv_usd', 'num_play_dom', 'num_play_int', 'int_perc')",0.378373471
"('power_rating', 'bmi', 'qol', 'mv_play_dom', 'num_play_int', 'dom_int_mv_ratio')",0.378197968
"('gdp_usd', 'mv_usd', 'elo_rating', 'bmi', 'qol', 'mv_play_dom', 'num_play_dom')",0.377620335
"('gdp_usd', 'qol', 'mv_play_dom', 'num_play_int', 'dom_int_mv_ratio', 'dom_perc')",0.377594253
"('gdp_usd', 'qol', 'mv_play_dom', 'num_play_int', 'dom_int_mv_ratio', 'int_perc')",0.377594253
"('gdp_usd', 'qol', 'mv_play_dom', 'num_play_int', 'dom_int_mv_ratio', 'dom_perc', 'int_perc')",0.377594253
"('gdp_usd', 'qol', 'mv_play_dom', 'num_play_int', 'dom_perc')",0.377576586
"('gdp_usd', 'qol', 'mv_play_dom', 'num_play_int', 'int_perc')",0.377576586
"('gdp_usd', 'qol', 'mv_play_dom', 'num_play_int', 'dom_perc', 'int_perc')",0.377576586
"('power_rating', 'gdp_usd', 'mv_usd', 'mv_play_dom', 'dom_int_mv_ratio', 'dom_perc')",0.377418285
"('power_rating', 'gdp_usd', 'mv_usd', 'mv_play_dom', 'dom_int_mv_ratio', 'int_perc')",0.377418285
"('power_rating', 'gdp_usd', 'mv_usd', 'mv_play_dom', 'dom_int_mv_ratio', 'dom_perc', 'int_perc')",0.377418285
"('power_rating', 'gdp_usd', 'mv_usd', 'dom_int_mv_ratio', 'dom_perc')",0.377045834
"('power_rating', 'gdp_usd', 'mv_usd', 'dom_int_mv_ratio', 'int_perc')",0.377045834
"('power_rating', 'gdp_usd', 'mv_usd', 'dom_int_mv_ratio', 'dom_perc', 'int_perc')",0.377045834
"('gdp_usd', 'bmi', 'qol', 'num_play_int', 'dom_int_mv_ratio', 'dom_perc')",0.376821788
"('gdp_usd', 'bmi', 'qol', 'num_play_int', 'dom_int_mv_ratio', 'int_perc')",0.376821788
"('gdp_usd', 'bmi', 'qol', 'num_play_int', 'dom_int_mv_ratio', 'dom_perc', 'int_perc')",0.376821788
"('power_rating', 'life_exp', 'mv_play_dom', 'num_play_dom')",0.376464911
"('gdp_usd', 'mv_usd', 'bmi', 'life_exp', 'mv_play_int', 'num_play_int', 'dom_int_mv_ratio', 'dom_perc')",0.376343305
"('gdp_usd', 'mv_usd', 'bmi', 'life_exp', 'mv_play_int', 'num_play_int', 'dom_int_mv_ratio', 'int_perc')",0.376343305
"('gdp_usd', 'mv_usd', 'bmi', 'life_exp', 'mv_play_int', 'num_play_int', 'dom_int_mv_ratio', 'dom_perc', 'int_perc')",0.376343305
"('gdp_usd', 'mv_usd', 'elo_rating', 'life_exp', 'num_play_dom', 'mv_play_int', 'dom_perc')",0.3761526
"('gdp_usd', 'mv_usd', 'elo_rating', 'life_exp', 'num_play_dom', 'mv_play_int', 'int_perc')",0.3761526
"('gdp_usd', 'mv_usd', 'elo_rating', 'life_exp', 'num_play_dom', 'mv_play_int', 'dom_perc', 'int_perc')",0.3761526
"('gdp_usd', 'mv_usd', 'life_exp', 'num_play_dom', 'mv_play_int', 'dom_perc')",0.376098117
"('gdp_usd', 'mv_usd', 'life_exp', 'num_play_dom', 'mv_play_int', 'int_perc')",0.376098117
"('gdp_usd', 'mv_usd', 'life_exp', 'num_play_dom', 'mv_play_int', 'dom_perc', 'int_perc')",0.376098117
"('elo_rating', 'life_exp', 'qol', 'dom_int_mv_ratio')",0.375993381
"('gdp_usd', 'mv_usd', 'elo_rating', 'life_exp', 'qol', 'mv_play_dom', 'num_play_int', 'dom_int_mv_ratio')",0.375889901
"('mv_usd', 'bmi', 'life_exp', 'qol', 'num_play_dom', 'mv_play_int')",0.375830862
"('power_rating', 'gdp_usd', 'qol', 'num_play_int', 'dom_perc')",0.375796606
"('power_rating', 'gdp_usd', 'qol', 'num_play_int', 'dom_perc', 'int_perc')",0.375796606
"('power_rating', 'gdp_usd', 'qol', 'num_play_int', 'int_perc')",0.375796606
"('gdp_usd', 'mv_usd', 'elo_rating', 'life_exp', 'num_play_dom', 'dom_perc')",0.375640933
"('gdp_usd', 'mv_usd', 'elo_rating', 'life_exp', 'num_play_dom', 'int_perc')",0.375640933
"('gdp_usd', 'mv_usd', 'elo_rating', 'life_exp', 'num_play_dom', 'dom_perc', 'int_perc')",0.375640933
"('gdp_usd', 'mv_usd', 'life_exp', 'num_play_dom', 'dom_perc')",0.375588673
"('gdp_usd', 'mv_usd', 'life_exp', 'num_play_dom', 'dom_perc', 'int_perc')",0.375588673
"('gdp_usd', 'mv_usd', 'life_exp', 'num_play_dom', 'int_perc')",0.375588673
"('bmi', 'life_exp', 'qol', 'num_play_int', 'dom_int_mv_ratio')",0.375508264
"('power_rating', 'bmi', 'mv_play_dom', 'num_play_dom', 'num_play_int')",0.375379537
"('gdp_usd', 'mv_usd', 'bmi', 'qol', 'mv_play_dom', 'num_play_dom')",0.3747383
"('gdp_usd', 'mv_usd', 'elo_rating', 'bmi', 'num_play_dom', 'num_play_int')",0.374689764
"('power_rating', 'mv_usd', 'bmi', 'life_exp', 'qol', 'num_play_int', 'dom_int_mv_ratio')",0.374590613
"('gdp_usd', 'mv_usd', 'elo_rating', 'qol', 'mv_play_dom', 'num_play_dom')",0.374480434
"('power_rating', 'bmi', 'life_exp', 'qol', 'num_play_int', 'dom_int_mv_ratio')",0.374332083
"('gdp_usd', 'mv_usd', 'elo_rating', 'life_exp', 'qol', 'num_play_int', 'dom_int_mv_ratio')",0.37405868
"('power_rating', 'mv_usd', 'bmi', 'qol', 'num_play_int', 'dom_int_mv_ratio')",0.373853852
"('power_rating', 'gdp_usd', 'bmi', 'num_play_dom', 'num_play_int', 'dom_perc')",0.373826701
"('power_rating', 'gdp_usd', 'bmi', 'num_play_dom', 'num_play_int', 'int_perc')",0.373826701
"('power_rating', 'gdp_usd', 'bmi', 'num_play_dom', 'num_play_int', 'dom_perc', 'int_perc')",0.373826701
"('gdp_usd', 'mv_usd', 'life_exp', 'mv_play_dom', 'num_play_dom', 'mv_play_int', 'dom_int_mv_ratio')",0.373773214
"('gdp_usd', 'mv_usd', 'elo_rating', 'num_play_dom', 'mv_play_int', 'dom_perc')",0.373768273
"('gdp_usd', 'mv_usd', 'elo_rating', 'num_play_dom', 'mv_play_int', 'int_perc')",0.373768273
"('gdp_usd', 'mv_usd', 'elo_rating', 'num_play_dom', 'mv_play_int', 'dom_perc', 'int_perc')",0.373768273
"('power_rating', 'gdp_usd', 'mv_usd', 'mv_play_dom', 'num_play_dom', 'num_play_int')",0.373753837
"('gdp_usd', 'mv_usd', 'num_play_dom', 'mv_play_int', 'dom_perc')",0.373683229
"('gdp_usd', 'mv_usd', 'num_play_dom', 'mv_play_int', 'int_perc')",0.373683229
"('gdp_usd', 'mv_usd', 'num_play_dom', 'mv_play_int', 'dom_perc', 'int_perc')",0.373683229
"('gdp_usd', 'bmi', 'qol', 'num_play_int', 'dom_perc')",0.373611146
"('gdp_usd', 'bmi', 'qol', 'num_play_int', 'int_perc')",0.373611146
"('gdp_usd', 'bmi', 'qol', 'num_play_int', 'dom_perc', 'int_perc')",0.373611146
"('gdp_usd', 'mv_usd', 'bmi', 'num_play_dom', 'num_play_int')",0.373513644
"('power_rating', 'bmi', 'qol', 'num_play_int', 'dom_int_mv_ratio')",0.373487828
"('power_rating', 'mv_usd', 'bmi', 'mv_play_dom', 'dom_perc')",0.373462394
"('power_rating', 'mv_usd', 'bmi', 'mv_play_dom', 'int_perc')",0.373462394
"('power_rating', 'mv_usd', 'bmi', 'mv_play_dom', 'dom_perc', 'int_perc')",0.373462394
"('power_rating', 'mv_usd', 'mv_play_dom', 'dom_int_mv_ratio', 'dom_perc')",0.373427873
"('power_rating', 'mv_usd', 'mv_play_dom', 'dom_int_mv_ratio', 'int_perc')",0.373427873
"('power_rating', 'mv_usd', 'mv_play_dom', 'dom_int_mv_ratio', 'dom_perc', 'int_perc')",0.373427873
"('power_rating', 'mv_usd', 'dom_int_mv_ratio', 'dom_perc')",0.37341669
"('power_rating', 'mv_usd', 'dom_int_mv_ratio', 'int_perc')",0.37341669
"('power_rating', 'mv_usd', 'dom_int_mv_ratio', 'dom_perc', 'int_perc')",0.37341669
"('power_rating', 'gdp_usd', 'bmi', 'life_exp', 'mv_play_dom', 'dom_perc')",0.373375205
"('power_rating', 'gdp_usd', 'bmi', 'life_exp', 'mv_play_dom', 'int_perc')",0.373375205
"('power_rating', 'gdp_usd', 'bmi', 'life_exp', 'mv_play_dom', 'dom_perc', 'int_perc')",0.373375205
"('gdp_usd', 'mv_usd', 'elo_rating', 'num_play_dom', 'dom_perc')",0.373095701
"('gdp_usd', 'mv_usd', 'elo_rating', 'num_play_dom', 'int_perc')",0.373095701
"('gdp_usd', 'mv_usd', 'elo_rating', 'num_play_dom', 'dom_perc', 'int_perc')",0.373095701
"('gdp_usd', 'mv_usd', 'num_play_dom', 'dom_perc')",0.373042101
"('gdp_usd', 'mv_usd', 'num_play_dom', 'int_perc')",0.373042101
"('gdp_usd', 'mv_usd', 'num_play_dom', 'dom_perc', 'int_perc')",0.373042101
"('gdp_usd', 'mv_usd', 'mv_play_dom', 'num_play_dom', 'mv_play_int', 'dom_int_mv_ratio')",0.372823542
"('gdp_usd', 'qol', 'num_play_int', 'dom_int_mv_ratio', 'dom_perc')",0.37266268
"('gdp_usd', 'qol', 'num_play_int', 'dom_int_mv_ratio', 'int_perc')",0.37266268
"('gdp_usd', 'qol', 'num_play_int', 'dom_int_mv_ratio', 'dom_perc', 'int_perc')",0.37266268
"('power_rating', 'gdp_usd', 'bmi', 'life_exp', 'dom_int_mv_ratio', 'int_perc')",0.372641294
"('power_rating', 'gdp_usd', 'bmi', 'life_exp', 'dom_int_mv_ratio', 'dom_perc', 'int_perc')",0.372641294
"('power_rating', 'gdp_usd', 'bmi', 'life_exp', 'dom_int_mv_ratio', 'dom_perc')",0.372641294
"('gdp_usd', 'elo_rating', 'bmi', 'life_exp', 'qol', 'mv_play_dom', 'num_play_dom', 'mv_play_int', 'dom_int_mv_ratio')",0.372540859
"('power_rating', 'mv_usd', 'bmi', 'dom_perc')",0.372517797
"('power_rating', 'mv_usd', 'bmi', 'int_perc')",0.372517797
"('power_rating', 'mv_usd', 'bmi', 'dom_perc', 'int_perc')",0.372517797
"('bmi', 'life_exp', 'qol', 'mv_play_int')",0.372513264
"('gdp_usd', 'mv_usd', 'elo_rating', 'life_exp', 'num_play_dom', 'mv_play_int', 'num_play_int')",0.372505124
"('gdp_usd', 'mv_usd', 'life_exp', 'num_play_dom', 'mv_play_int', 'num_play_int')",0.372504491
"('gdp_usd', 'mv_usd', 'elo_rating', 'num_play_dom', 'mv_play_int', 'num_play_int')",0.37248779
"('gdp_usd', 'mv_usd', 'num_play_dom', 'mv_play_int', 'num_play_int')",0.372487586
"('power_rating', 'mv_usd', 'life_exp', 'qol', 'mv_play_dom')",0.372386134
"('power_rating', 'num_play_dom', 'dom_int_mv_ratio', 'dom_perc')",0.372325726
"('power_rating', 'num_play_dom', 'dom_int_mv_ratio', 'int_perc')",0.372325726
"('power_rating', 'num_play_dom', 'dom_int_mv_ratio', 'dom_perc', 'int_perc')",0.372325726
"('gdp_usd', 'elo_rating', 'life_exp', 'qol', 'mv_play_dom', 'num_play_dom', 'mv_play_int', 'dom_int_mv_ratio')",0.372096743
"('power_rating', 'num_play_dom', 'dom_int_mv_ratio')",0.372075435
"('power_rating', 'gdp_usd', 'life_exp', 'dom_int_mv_ratio', 'dom_perc')",0.371999729
"('power_rating', 'gdp_usd', 'life_exp', 'dom_int_mv_ratio', 'int_perc')",0.371999729
"('power_rating', 'gdp_usd', 'life_exp', 'dom_int_mv_ratio', 'dom_perc', 'int_perc')",0.371999729
"('gdp_usd', 'mv_usd', 'elo_rating', 'bmi', 'mv_play_int', 'num_play_int', 'dom_int_mv_ratio', 'dom_perc')",0.37177285
"('gdp_usd', 'mv_usd', 'elo_rating', 'bmi', 'mv_play_int', 'num_play_int', 'dom_int_mv_ratio', 'int_perc')",0.37177285
"('gdp_usd', 'mv_usd', 'elo_rating', 'bmi', 'mv_play_int', 'num_play_int', 'dom_int_mv_ratio', 'dom_perc', 'int_perc')",0.37177285
"('power_rating', 'mv_usd', 'bmi', 'life_exp', 'qol', 'dom_int_mv_ratio')",0.371560408
"('power_rating', 'bmi', 'life_exp', 'qol', 'mv_play_dom', 'dom_int_mv_ratio')",0.37145293
"('power_rating', 'mv_usd', 'bmi', 'qol', 'dom_int_mv_ratio')",0.371354499
"('elo_rating', 'bmi', 'qol', 'num_play_dom', 'dom_int_mv_ratio')",0.371260296
"('power_rating', 'bmi', 'qol', 'mv_play_dom', 'dom_int_mv_ratio')",0.371251106
"('gdp_usd', 'elo_rating', 'bmi', 'life_exp', 'mv_play_dom', 'num_play_dom', 'mv_play_int', 'num_play_int', 'dom_int_mv_ratio', 'dom_perc')",0.371207541
"('gdp_usd', 'elo_rating', 'bmi', 'life_exp', 'mv_play_dom', 'num_play_dom', 'mv_play_int', 'num_play_int', 'dom_int_mv_ratio', 'int_perc')",0.371207541
"('gdp_usd', 'elo_rating', 'bmi', 'life_exp', 'mv_play_dom', 'num_play_dom', 'mv_play_int', 'num_play_int', 'dom_int_mv_ratio', 'dom_perc', 'int_perc')",0.371207541
"('gdp_usd', 'elo_rating', 'bmi', 'life_exp', 'qol', 'num_play_dom', 'mv_play_int', 'dom_int_mv_ratio')",0.371119194
"('gdp_usd', 'mv_usd', 'qol', 'mv_play_dom', 'num_play_dom')",0.371065849
"('gdp_usd', 'elo_rating', 'life_exp', 'qol', 'num_play_dom', 'mv_play_int', 'dom_int_mv_ratio')",0.370939116
"('elo_rating', 'bmi', 'life_exp', 'qol', 'num_play_dom', 'mv_play_int')",0.370920253
"('gdp_usd', 'elo_rating', 'bmi', 'mv_play_dom', 'num_play_dom', 'mv_play_int', 'num_play_int', 'dom_int_mv_ratio', 'dom_perc')",0.370890285
"('gdp_usd', 'elo_rating', 'bmi', 'mv_play_dom', 'num_play_dom', 'mv_play_int', 'num_play_int', 'dom_int_mv_ratio', 'int_perc')",0.370890285
"('gdp_usd', 'elo_rating', 'bmi', 'mv_play_dom', 'num_play_dom', 'mv_play_int', 'num_play_int', 'dom_int_mv_ratio', 'dom_perc', 'int_perc')",0.370890285
"('gdp_usd', 'mv_usd', 'elo_rating', 'life_exp', 'num_play_dom', 'num_play_int', 'dom_int_mv_ratio')",0.370880451
"('gdp_usd', 'mv_usd', 'elo_rating', 'num_play_dom', 'num_play_int', 'dom_int_mv_ratio')",0.370862836
"('power_rating', 'mv_usd', 'qol', 'mv_play_dom')",0.370843232
"('bmi', 'life_exp', 'qol', 'mv_play_dom', 'dom_int_mv_ratio')",0.370680772
"('power_rating', 'bmi', 'mv_play_dom', 'num_play_dom')",0.370587689
"('bmi', 'life_exp', 'mv_play_dom', 'mv_play_int', 'num_play_int', 'dom_int_mv_ratio')",0.37053866
"('gdp_usd', 'bmi', 'life_exp', 'mv_play_dom', 'num_play_dom', 'mv_play_int', 'num_play_int', 'dom_int_mv_ratio', 'dom_perc')",0.370460826
"('gdp_usd', 'bmi', 'life_exp', 'mv_play_dom', 'num_play_dom', 'mv_play_int', 'num_play_int', 'dom_int_mv_ratio', 'int_perc')",0.370460826
"('gdp_usd', 'bmi', 'life_exp', 'mv_play_dom', 'num_play_dom', 'mv_play_int', 'num_play_int', 'dom_int_mv_ratio', 'dom_perc', 'int_perc')",0.370460826
"('elo_rating', 'bmi', 'qol', 'dom_int_mv_ratio')",0.370408715
"('power_rating', 'life_exp', 'num_play_int', 'dom_perc')",0.370203055
"('power_rating', 'life_exp', 'num_play_int', 'int_perc')",0.370203055
"('power_rating', 'life_exp', 'num_play_int', 'dom_perc', 'int_perc')",0.370203055
"('gdp_usd', 'elo_rating', 'bmi', 'life_exp', 'mv_play_dom', 'num_play_dom', 'mv_play_int', 'num_play_int', 'dom_perc')",0.370177177
"('gdp_usd', 'elo_rating', 'bmi', 'life_exp', 'mv_play_dom', 'num_play_dom', 'mv_play_int', 'num_play_int', 'int_perc')",0.370177177
"('gdp_usd', 'elo_rating', 'bmi', 'life_exp', 'mv_play_dom', 'num_play_dom', 'mv_play_int', 'num_play_int', 'dom_perc', 'int_perc')",0.370177177
"('gdp_usd', 'qol', 'num_play_int', 'dom_perc')",0.370174587
"('gdp_usd', 'qol', 'num_play_int', 'int_perc')",0.370174587
"('gdp_usd', 'qol', 'num_play_int', 'dom_perc', 'int_perc')",0.370174587
"('gdp_usd', 'bmi', 'mv_play_dom', 'num_play_dom', 'mv_play_int', 'num_play_int', 'dom_int_mv_ratio', 'dom_perc')",0.370169047
"('gdp_usd', 'bmi', 'mv_play_dom', 'num_play_dom', 'mv_play_int', 'num_play_int', 'dom_int_mv_ratio', 'int_perc')",0.370169047
"('gdp_usd', 'bmi', 'mv_play_dom', 'num_play_dom', 'mv_play_int', 'num_play_int', 'dom_int_mv_ratio', 'dom_perc', 'int_perc')",0.370169047
"('power_rating', 'bmi', 'life_exp', 'qol', 'dom_int_mv_ratio')",0.370099271
"('elo_rating', 'num_play_dom', 'num_play_int', 'dom_perc')",0.370097541
"('elo_rating', 'num_play_dom', 'num_play_int', 'int_perc')",0.370097541
"('elo_rating', 'num_play_dom', 'num_play_int', 'dom_perc', 'int_perc')",0.370097541
"('elo_rating', 'bmi', 'qol', 'num_play_dom', 'mv_play_int')",0.370000405
"('bmi', 'life_exp', 'qol', 'mv_play_dom')",0.369947205
"('power_rating', 'bmi', 'qol', 'dom_int_mv_ratio')",0.369864819
"('power_rating', 'bmi', 'life_exp', 'dom_int_mv_ratio', 'dom_perc')",0.369747834
"('power_rating', 'bmi', 'life_exp', 'dom_int_mv_ratio', 'int_perc')",0.369747834
"('power_rating', 'bmi', 'life_exp', 'dom_int_mv_ratio', 'dom_perc', 'int_perc')",0.369747834
"('gdp_usd', 'elo_rating', 'bmi', 'mv_play_dom', 'num_play_dom', 'mv_play_int', 'num_play_int', 'dom_perc')",0.369646525
"('gdp_usd', 'elo_rating', 'bmi', 'mv_play_dom', 'num_play_dom', 'mv_play_int', 'num_play_int', 'int_perc')",0.369646525
"('gdp_usd', 'elo_rating', 'bmi', 'mv_play_dom', 'num_play_dom', 'mv_play_int', 'num_play_int', 'dom_perc', 'int_perc')",0.369646525
"('power_rating', 'life_exp', 'dom_int_mv_ratio', 'int_perc')",0.369623681
"('power_rating', 'life_exp', 'dom_int_mv_ratio', 'dom_perc', 'int_perc')",0.369623681
"('power_rating', 'life_exp', 'dom_int_mv_ratio', 'dom_perc')",0.369623681
"('elo_rating', 'life_exp', 'qol', 'num_play_dom', 'mv_play_int')",0.369398999
"('elo_rating', 'bmi', 'life_exp', 'num_play_dom', 'dom_perc')",0.369172919
"('elo_rating', 'bmi', 'life_exp', 'num_play_dom', 'int_perc')",0.369172919
"('elo_rating', 'bmi', 'life_exp', 'num_play_dom', 'dom_perc', 'int_perc')",0.369172919
"('mv_usd', 'qol', 'mv_play_int', 'num_play_int')",0.369149115
"('gdp_usd', 'bmi', 'life_exp', 'mv_play_dom', 'num_play_dom', 'mv_play_int', 'num_play_int', 'dom_perc')",0.36883254
"('gdp_usd', 'bmi', 'life_exp', 'mv_play_dom', 'num_play_dom', 'mv_play_int', 'num_play_int', 'int_perc')",0.36883254
"('gdp_usd', 'bmi', 'life_exp', 'mv_play_dom', 'num_play_dom', 'mv_play_int', 'num_play_int', 'dom_perc', 'int_perc')",0.36883254
"('power_rating', 'bmi', 'life_exp', 'mv_play_dom', 'dom_perc')",0.368656861
"('power_rating', 'bmi', 'life_exp', 'mv_play_dom', 'int_perc')",0.368656861
"('power_rating', 'bmi', 'life_exp', 'mv_play_dom', 'dom_perc', 'int_perc')",0.368656861
"('gdp_usd', 'mv_usd', 'bmi', 'mv_play_int', 'num_play_int', 'dom_int_mv_ratio', 'dom_perc')",0.368387815
"('gdp_usd', 'mv_usd', 'bmi', 'mv_play_int', 'num_play_int', 'dom_int_mv_ratio', 'int_perc')",0.368387815
"('gdp_usd', 'mv_usd', 'bmi', 'mv_play_int', 'num_play_int', 'dom_int_mv_ratio', 'dom_perc', 'int_perc')",0.368387815
"('gdp_usd', 'elo_rating', 'bmi', 'life_exp', 'num_play_dom', 'mv_play_int', 'num_play_int', 'dom_int_mv_ratio', 'dom_perc')",0.368333487
"('gdp_usd', 'elo_rating', 'bmi', 'life_exp', 'num_play_dom', 'mv_play_int', 'num_play_int', 'dom_int_mv_ratio', 'int_perc')",0.368333487
"('gdp_usd', 'elo_rating', 'bmi', 'life_exp', 'num_play_dom', 'mv_play_int', 'num_play_int', 'dom_int_mv_ratio', 'dom_perc', 'int_perc')",0.368333487
"('gdp_usd', 'mv_usd', 'life_exp', 'num_play_dom', 'num_play_int', 'dom_int_mv_ratio')",0.368326913
"('gdp_usd', 'bmi', 'mv_play_dom', 'num_play_dom', 'mv_play_int', 'num_play_int', 'dom_perc')",0.368280073
"('gdp_usd', 'bmi', 'mv_play_dom', 'num_play_dom', 'mv_play_int', 'num_play_int', 'int_perc')",0.368280073
"('gdp_usd', 'bmi', 'mv_play_dom', 'num_play_dom', 'mv_play_int', 'num_play_int', 'dom_perc', 'int_perc')",0.368280073
"('gdp_usd', 'elo_rating', 'bmi', 'life_exp', 'num_play_dom', 'mv_play_int', 'num_play_int', 'dom_perc')",0.36827951
"('gdp_usd', 'elo_rating', 'bmi', 'life_exp', 'num_play_dom', 'mv_play_int', 'num_play_int', 'int_perc')",0.36827951
"('gdp_usd', 'elo_rating', 'bmi', 'life_exp', 'num_play_dom', 'mv_play_int', 'num_play_int', 'dom_perc', 'int_perc')",0.36827951
"('gdp_usd', 'mv_usd', 'num_play_dom', 'num_play_int', 'dom_int_mv_ratio')",0.368266503
"('gdp_usd', 'elo_rating', 'bmi', 'num_play_dom', 'mv_play_int', 'num_play_int', 'dom_int_mv_ratio', 'dom_perc')",0.368005389
"('gdp_usd', 'elo_rating', 'bmi', 'num_play_dom', 'mv_play_int', 'num_play_int', 'dom_int_mv_ratio', 'int_perc')",0.368005389
"('gdp_usd', 'elo_rating', 'bmi', 'num_play_dom', 'mv_play_int', 'num_play_int', 'dom_int_mv_ratio', 'dom_perc', 'int_perc')",0.368005389
"('gdp_usd', 'elo_rating', 'bmi', 'num_play_dom', 'mv_play_int', 'num_play_int', 'dom_perc', 'int_perc')",0.367892372
"('gdp_usd', 'elo_rating', 'bmi', 'num_play_dom', 'mv_play_int', 'num_play_int', 'dom_perc')",0.367892372
"('gdp_usd', 'elo_rating', 'bmi', 'num_play_dom', 'mv_play_int', 'num_play_int', 'int_perc')",0.367892372
"('gdp_usd', 'elo_rating', 'bmi', 'life_exp', 'qol', 'mv_play_dom', 'num_play_dom', 'mv_play_int')",0.367802666
"('gdp_usd', 'elo_rating', 'bmi', 'life_exp', 'qol', 'num_play_dom', 'mv_play_int')",0.367785065
"('gdp_usd', 'elo_rating', 'life_exp', 'qol', 'mv_play_dom', 'num_play_dom', 'mv_play_int')",0.367661187
"('gdp_usd', 'elo_rating', 'life_exp', 'qol', 'num_play_dom', 'mv_play_int')",0.367656196
"('elo_rating', 'qol', 'num_play_dom', 'mv_play_int')",0.367631759
"('gdp_usd', 'elo_rating', 'bmi', 'life_exp', 'mv_play_dom', 'num_play_dom', 'mv_play_int', 'num_play_int', 'dom_int_mv_ratio')",0.367490654
"('power_rating', 'mv_usd', 'mv_play_dom', 'num_play_dom', 'num_play_int')",0.367248634
"('bmi', 'life_exp', 'qol', 'dom_int_mv_ratio')",0.367139202
"('gdp_usd', 'bmi', 'life_exp', 'mv_play_dom', 'num_play_dom', 'mv_play_int', 'num_play_int', 'dom_int_mv_ratio')",0.366721525
"('gdp_usd', 'mv_usd', 'elo_rating', 'life_exp', 'num_play_dom', 'num_play_int')",0.36663223
"('gdp_usd', 'elo_rating', 'bmi', 'life_exp', 'mv_play_dom', 'num_play_dom', 'mv_play_int', 'num_play_int')",0.366626641
"('gdp_usd', 'mv_usd', 'elo_rating', 'num_play_dom', 'num_play_int')",0.366567971
"('elo_rating', 'qol', 'num_play_dom', 'dom_int_mv_ratio')",0.366483868
"('gdp_usd', 'elo_rating', 'bmi', 'life_exp', 'num_play_dom', 'mv_play_int', 'num_play_int', 'dom_int_mv_ratio')",0.366352391
"('gdp_usd', 'elo_rating', 'bmi', 'mv_play_dom', 'num_play_dom', 'mv_play_int', 'num_play_int', 'dom_int_mv_ratio')",0.366340002
"('gdp_usd', 'elo_rating', 'bmi', 'life_exp', 'num_play_dom', 'mv_play_int', 'num_play_int')",0.366140332
"('power_rating', 'gdp_usd', 'mv_usd', 'life_exp', 'qol', 'num_play_int', 'dom_int_mv_ratio')",0.366085117
"('gdp_usd', 'elo_rating', 'bmi', 'life_exp', 'mv_play_dom', 'num_play_dom', 'num_play_int', 'dom_int_mv_ratio', 'dom_perc')",0.366057124
"('gdp_usd', 'elo_rating', 'bmi', 'life_exp', 'mv_play_dom', 'num_play_dom', 'num_play_int', 'dom_int_mv_ratio', 'int_perc')",0.366057124
"('gdp_usd', 'elo_rating', 'bmi', 'life_exp', 'mv_play_dom', 'num_play_dom', 'num_play_int', 'dom_int_mv_ratio', 'dom_perc', 'int_perc')",0.366057124
"('gdp_usd', 'elo_rating', 'bmi', 'life_exp', 'mv_play_dom', 'num_play_dom', 'num_play_int', 'dom_perc')",0.366046932
"('gdp_usd', 'elo_rating', 'bmi', 'life_exp', 'mv_play_dom', 'num_play_dom', 'num_play_int', 'int_perc')",0.366046932
"('gdp_usd', 'elo_rating', 'bmi', 'life_exp', 'mv_play_dom', 'num_play_dom', 'num_play_int', 'dom_perc', 'int_perc')",0.366046932
"('power_rating', 'gdp_usd', 'mv_usd', 'life_exp', 'qol', 'dom_int_mv_ratio')",0.3659909
"('power_rating', 'gdp_usd', 'life_exp', 'qol', 'mv_play_dom', 'num_play_int', 'dom_int_mv_ratio')",0.36592101
"('elo_rating', 'num_play_dom', 'num_play_int')",0.365915924
"('gdp_usd', 'mv_usd', 'elo_rating', 'bmi', 'life_exp', 'num_play_int', 'dom_int_mv_ratio', 'dom_perc')",0.36580121
"('gdp_usd', 'mv_usd', 'elo_rating', 'bmi', 'life_exp', 'num_play_int', 'dom_int_mv_ratio', 'int_perc')",0.36580121
"('gdp_usd', 'mv_usd', 'elo_rating', 'bmi', 'life_exp', 'num_play_int', 'dom_int_mv_ratio', 'dom_perc', 'int_perc')",0.36580121
"('gdp_usd', 'elo_rating', 'bmi', 'mv_play_dom', 'num_play_dom', 'num_play_int', 'dom_int_mv_ratio', 'dom_perc')",0.365779208
"('gdp_usd', 'elo_rating', 'bmi', 'mv_play_dom', 'num_play_dom', 'num_play_int', 'dom_int_mv_ratio', 'int_perc')",0.365779208
"('gdp_usd', 'elo_rating', 'bmi', 'mv_play_dom', 'num_play_dom', 'num_play_int', 'dom_int_mv_ratio', 'dom_perc', 'int_perc')",0.365779208
"('gdp_usd', 'elo_rating', 'bmi', 'mv_play_dom', 'num_play_dom', 'num_play_int', 'dom_perc')",0.365740505
"('gdp_usd', 'elo_rating', 'bmi', 'mv_play_dom', 'num_play_dom', 'num_play_int', 'int_perc')",0.365740505
"('gdp_usd', 'elo_rating', 'bmi', 'mv_play_dom', 'num_play_dom', 'num_play_int', 'dom_perc', 'int_perc')",0.365740505
"('gdp_usd', 'mv_usd', 'bmi', 'life_exp', 'num_play_int', 'dom_int_mv_ratio', 'dom_perc')",0.365634102
"('gdp_usd', 'mv_usd', 'bmi', 'life_exp', 'num_play_int', 'dom_int_mv_ratio', 'int_perc')",0.365634102
"('gdp_usd', 'mv_usd', 'bmi', 'life_exp', 'num_play_int', 'dom_int_mv_ratio', 'dom_perc', 'int_perc')",0.365634102
"('power_rating', 'gdp_usd', 'mv_play_dom', 'dom_int_mv_ratio', 'dom_perc')",0.365623218
"('power_rating', 'gdp_usd', 'mv_play_dom', 'dom_int_mv_ratio', 'int_perc')",0.365623218
"('power_rating', 'gdp_usd', 'mv_play_dom', 'dom_int_mv_ratio', 'dom_perc', 'int_perc')",0.365623218
"('gdp_usd', 'bmi', 'mv_play_dom', 'num_play_dom', 'mv_play_int', 'num_play_int', 'dom_int_mv_ratio')",0.365618721
"('elo_rating', 'num_play_int', 'dom_perc')",0.36559184
"('elo_rating', 'num_play_int', 'int_perc')",0.36559184
"('elo_rating', 'num_play_int', 'dom_perc', 'int_perc')",0.36559184
"('elo_rating', 'num_play_int')",0.365591445
"('gdp_usd', 'mv_usd', 'elo_rating', 'bmi', 'life_exp', 'mv_play_int', 'num_play_int', 'dom_perc')",0.365541346
"('gdp_usd', 'mv_usd', 'elo_rating', 'bmi', 'life_exp', 'mv_play_int', 'num_play_int', 'int_perc')",0.365541346
"('gdp_usd', 'mv_usd', 'elo_rating', 'bmi', 'life_exp', 'mv_play_int', 'num_play_int', 'dom_perc', 'int_perc')",0.365541346
"('power_rating', 'gdp_usd', 'mv_usd', 'num_play_dom', 'num_play_int')",0.365500381
"('gdp_usd', 'elo_rating', 'bmi', 'num_play_dom', 'mv_play_int', 'num_play_int', 'dom_int_mv_ratio')",0.365397163
"('gdp_usd', 'bmi', 'life_exp', 'mv_play_dom', 'num_play_dom', 'mv_play_int', 'num_play_int')",0.365303201
"('power_rating', 'gdp_usd', 'qol', 'mv_play_dom', 'num_play_int', 'dom_int_mv_ratio')",0.365283402
"('gdp_usd', 'elo_rating', 'bmi', 'life_exp', 'qol', 'mv_play_dom', 'mv_play_int', 'num_play_int', 'dom_int_mv_ratio')",0.365129779
"('gdp_usd', 'elo_rating', 'bmi', 'mv_play_dom', 'num_play_dom', 'mv_play_int', 'num_play_int')",0.36512963
"('mv_usd', 'bmi', 'life_exp', 'qol', 'num_play_dom', 'num_play_int', 'dom_perc')",0.36512121
"('mv_usd', 'bmi', 'life_exp', 'qol', 'num_play_dom', 'num_play_int', 'int_perc')",0.36512121
"('mv_usd', 'bmi', 'life_exp', 'qol', 'num_play_dom', 'num_play_int', 'dom_perc', 'int_perc')",0.36512121
"('gdp_usd', 'elo_rating', 'bmi', 'life_exp', 'qol', 'mv_play_dom', 'mv_play_int', 'num_play_int')",0.365082213
"('gdp_usd', 'elo_rating', 'bmi', 'num_play_dom', 'mv_play_int', 'num_play_int')",0.364910033
"('gdp_usd', 'mv_usd', 'bmi', 'life_exp', 'mv_play_int', 'num_play_int', 'dom_perc')",0.364898169
"('gdp_usd', 'mv_usd', 'bmi', 'life_exp', 'mv_play_int', 'num_play_int', 'int_perc')",0.364898169
"('gdp_usd', 'mv_usd', 'bmi', 'life_exp', 'mv_play_int', 'num_play_int', 'dom_perc', 'int_perc')",0.364898169
"('power_rating', 'qol', 'num_play_int', 'dom_perc')",0.36482072
"('power_rating', 'qol', 'num_play_int', 'int_perc')",0.36482072
"('power_rating', 'qol', 'num_play_int', 'dom_perc', 'int_perc')",0.36482072
"('gdp_usd', 'elo_rating', 'bmi', 'life_exp', 'mv_play_dom', 'num_play_dom', 'mv_play_int', 'dom_int_mv_ratio', 'dom_perc')",0.364809061
"('gdp_usd', 'elo_rating', 'bmi', 'life_exp', 'mv_play_dom', 'num_play_dom', 'mv_play_int', 'dom_int_mv_ratio', 'int_perc')",0.364809061
"('gdp_usd', 'elo_rating', 'bmi', 'life_exp', 'mv_play_dom', 'num_play_dom', 'mv_play_int', 'dom_int_mv_ratio', 'dom_perc', 'int_perc')",0.364809061
"('gdp_usd', 'bmi', 'life_exp', 'mv_play_dom', 'num_play_dom', 'mv_play_int', 'dom_int_mv_ratio', 'dom_perc')",0.364808911
"('gdp_usd', 'bmi', 'life_exp', 'mv_play_dom', 'num_play_dom', 'mv_play_int', 'dom_int_mv_ratio', 'int_perc')",0.364808911
"('gdp_usd', 'bmi', 'life_exp', 'mv_play_dom', 'num_play_dom', 'mv_play_int', 'dom_int_mv_ratio', 'dom_perc', 'int_perc')",0.364808911
"('gdp_usd', 'elo_rating', 'bmi', 'mv_play_dom', 'num_play_dom', 'mv_play_int', 'dom_int_mv_ratio', 'dom_perc')",0.364798104
"('gdp_usd', 'elo_rating', 'bmi', 'mv_play_dom', 'num_play_dom', 'mv_play_int', 'dom_int_mv_ratio', 'int_perc')",0.364798104
"('gdp_usd', 'elo_rating', 'bmi', 'mv_play_dom', 'num_play_dom', 'mv_play_int', 'dom_int_mv_ratio', 'dom_perc', 'int_perc')",0.364798104
"('gdp_usd', 'bmi', 'mv_play_dom', 'num_play_dom', 'mv_play_int', 'dom_int_mv_ratio', 'dom_perc')",0.364798077
"('gdp_usd', 'bmi', 'mv_play_dom', 'num_play_dom', 'mv_play_int', 'dom_int_mv_ratio', 'int_perc')",0.364798077
"('gdp_usd', 'bmi', 'mv_play_dom', 'num_play_dom', 'mv_play_int', 'dom_int_mv_ratio', 'dom_perc', 'int_perc')",0.364798077
"('gdp_usd', 'bmi', 'life_exp', 'qol', 'mv_play_dom', 'mv_play_int', 'num_play_int', 'dom_int_mv_ratio')",0.364747635
"('gdp_usd', 'bmi', 'life_exp', 'qol', 'mv_play_dom', 'mv_play_int', 'num_play_int')",0.364743666
"('power_rating', 'gdp_usd', 'life_exp', 'mv_play_dom', 'dom_perc')",0.364682259
"('power_rating', 'gdp_usd', 'life_exp', 'mv_play_dom', 'int_perc')",0.364682259
"('power_rating', 'gdp_usd', 'life_exp', 'mv_play_dom', 'dom_perc', 'int_perc')",0.364682259
"('mv_usd', 'bmi', 'life_exp', 'qol', 'num_play_dom', 'dom_perc')",0.364657753
"('mv_usd', 'bmi', 'life_exp', 'qol', 'num_play_dom', 'int_perc')",0.364657753
"('mv_usd', 'bmi', 'life_exp', 'qol', 'num_play_dom', 'dom_perc', 'int_perc')",0.364657753
"('mv_usd', 'life_exp', 'qol', 'num_play_dom', 'mv_play_int')",0.364571309
"('power_rating', 'mv_play_dom', 'dom_int_mv_ratio', 'dom_perc')",0.364442924
"('power_rating', 'mv_play_dom', 'dom_int_mv_ratio', 'int_perc')",0.364442924
"('power_rating', 'mv_play_dom', 'dom_int_mv_ratio', 'dom_perc', 'int_perc')",0.364442924
"('bmi', 'life_exp', 'qol', 'num_play_int')",0.364328954
"('mv_usd', 'bmi', 'qol', 'num_play_dom', 'mv_play_int')",0.363901104
"('gdp_usd', 'mv_usd', 'life_exp', 'num_play_dom', 'num_play_int')",0.363891896
"('gdp_usd', 'mv_usd', 'num_play_dom', 'num_play_int')",0.363871211
"('power_rating', 'gdp_usd', 'mv_usd', 'qol', 'num_play_int', 'dom_int_mv_ratio')",0.363856902
"('gdp_usd', 'elo_rating', 'bmi', 'life_exp', 'num_play_dom', 'num_play_int', 'dom_int_mv_ratio', 'dom_perc')",0.363807977
"('gdp_usd', 'elo_rating', 'bmi', 'life_exp', 'num_play_dom', 'num_play_int', 'dom_int_mv_ratio', 'int_perc')",0.363807977
"('gdp_usd', 'elo_rating', 'bmi', 'life_exp', 'num_play_dom', 'num_play_int', 'dom_int_mv_ratio', 'dom_perc', 'int_perc')",0.363807977
"('power_rating', 'gdp_usd', 'mv_usd', 'qol', 'dom_int_mv_ratio')",0.363789941
"('gdp_usd', 'bmi', 'mv_play_dom', 'num_play_dom', 'mv_play_int', 'num_play_int')",0.363772281
"('gdp_usd', 'elo_rating', 'bmi', 'life_exp', 'qol', 'mv_play_dom', 'num_play_int', 'dom_int_mv_ratio')",0.363769951
"('elo_rating', 'bmi', 'num_play_dom', 'int_perc')",0.363752562
"('elo_rating', 'bmi', 'num_play_dom', 'dom_perc')",0.363752562
"('elo_rating', 'bmi', 'num_play_dom', 'dom_perc', 'int_perc')",0.363752562
"('power_rating', 'gdp_usd', 'life_exp', 'qol', 'mv_play_dom', 'dom_int_mv_ratio')",0.363614113
"('gdp_usd', 'elo_rating', 'bmi', 'num_play_dom', 'num_play_int', 'dom_int_mv_ratio', 'dom_perc')",0.363518759
"('gdp_usd', 'elo_rating', 'bmi', 'num_play_dom', 'num_play_int', 'dom_int_mv_ratio', 'dom_perc', 'int_perc')",0.363518759
"('gdp_usd', 'elo_rating', 'bmi', 'num_play_dom', 'num_play_int', 'dom_int_mv_ratio', 'int_perc')",0.363518759
"('gdp_usd', 'elo_rating', 'bmi', 'life_exp', 'num_play_dom', 'num_play_int', 'dom_perc')",0.363291602
"('gdp_usd', 'elo_rating', 'bmi', 'life_exp', 'num_play_dom', 'num_play_int', 'int_perc')",0.363291602
"('gdp_usd', 'elo_rating', 'bmi', 'life_exp', 'num_play_dom', 'num_play_int', 'dom_perc', 'int_perc')",0.363291602
"('mv_usd', 'life_exp', 'qol', 'num_play_dom', 'num_play_int', 'dom_perc')",0.363162931
"('mv_usd', 'life_exp', 'qol', 'num_play_dom', 'num_play_int', 'int_perc')",0.363162931
"('mv_usd', 'life_exp', 'qol', 'num_play_dom', 'num_play_int', 'dom_perc', 'int_perc')",0.363162931
"('gdp_usd', 'elo_rating', 'bmi', 'num_play_dom', 'num_play_int', 'dom_perc')",0.36312843
"('gdp_usd', 'elo_rating', 'bmi', 'num_play_dom', 'num_play_int', 'int_perc')",0.36312843
"('gdp_usd', 'elo_rating', 'bmi', 'num_play_dom', 'num_play_int', 'dom_perc', 'int_perc')",0.36312843
"('gdp_usd', 'bmi', 'life_exp', 'num_play_dom', 'mv_play_int', 'num_play_int', 'dom_int_mv_ratio', 'dom_perc')",0.363115085
"('gdp_usd', 'bmi', 'life_exp', 'num_play_dom', 'mv_play_int', 'num_play_int', 'dom_int_mv_ratio', 'int_perc')",0.363115085
"('gdp_usd', 'bmi', 'life_exp', 'num_play_dom', 'mv_play_int', 'num_play_int', 'dom_int_mv_ratio', 'dom_perc', 'int_perc')",0.363115085
"('gdp_usd', 'bmi', 'life_exp', 'num_play_dom', 'mv_play_int', 'num_play_int', 'dom_perc')",0.363092583
"('gdp_usd', 'bmi', 'life_exp', 'num_play_dom', 'mv_play_int', 'num_play_int', 'int_perc')",0.363092583
"('gdp_usd', 'bmi', 'life_exp', 'num_play_dom', 'mv_play_int', 'num_play_int', 'dom_perc', 'int_perc')",0.363092583
"('gdp_usd', 'elo_rating', 'bmi', 'life_exp', 'qol', 'mv_play_dom', 'num_play_int')",0.362968757
"('gdp_usd', 'bmi', 'num_play_dom', 'mv_play_int', 'num_play_int', 'dom_int_mv_ratio', 'dom_perc')",0.36285862
"('gdp_usd', 'bmi', 'num_play_dom', 'mv_play_int', 'num_play_int', 'dom_int_mv_ratio', 'int_perc')",0.36285862
"('gdp_usd', 'bmi', 'num_play_dom', 'mv_play_int', 'num_play_int', 'dom_int_mv_ratio', 'dom_perc', 'int_perc')",0.36285862
"('gdp_usd', 'bmi', 'num_play_dom', 'mv_play_int', 'num_play_int', 'dom_perc')",0.362800216
"('gdp_usd', 'bmi', 'num_play_dom', 'mv_play_int', 'num_play_int', 'int_perc')",0.362800216
"('gdp_usd', 'bmi', 'num_play_dom', 'mv_play_int', 'num_play_int', 'dom_perc', 'int_perc')",0.362800216
"('gdp_usd', 'elo_rating', 'bmi', 'life_exp', 'mv_play_dom', 'num_play_dom', 'mv_play_int', 'dom_perc')",0.362788055
"('gdp_usd', 'elo_rating', 'bmi', 'life_exp', 'mv_play_dom', 'num_play_dom', 'mv_play_int', 'int_perc')",0.362788055
"('gdp_usd', 'elo_rating', 'bmi', 'life_exp', 'mv_play_dom', 'num_play_dom', 'mv_play_int', 'dom_perc', 'int_perc')",0.362788055
"('gdp_usd', 'elo_rating', 'bmi', 'mv_play_dom', 'num_play_dom', 'mv_play_int', 'dom_perc')",0.362783782
"('gdp_usd', 'elo_rating', 'bmi', 'mv_play_dom', 'num_play_dom', 'mv_play_int', 'dom_perc', 'int_perc')",0.362783782
"('gdp_usd', 'elo_rating', 'bmi', 'mv_play_dom', 'num_play_dom', 'mv_play_int', 'int_perc')",0.362783782
"('gdp_usd', 'mv_usd', 'elo_rating', 'bmi', 'life_exp', 'mv_play_dom', 'num_play_dom', 'mv_play_int')",0.36273412
"('power_rating', 'life_exp', 'mv_play_dom', 'dom_perc')",0.362688517
"('power_rating', 'life_exp', 'mv_play_dom', 'int_perc')",0.362688517
"('power_rating', 'life_exp', 'mv_play_dom', 'dom_perc', 'int_perc')",0.362688517
"('gdp_usd', 'bmi', 'life_exp', 'mv_play_dom', 'num_play_dom', 'mv_play_int', 'dom_perc')",0.362680171
"('gdp_usd', 'bmi', 'life_exp', 'mv_play_dom', 'num_play_dom', 'mv_play_int', 'int_perc')",0.362680171
"('gdp_usd', 'bmi', 'life_exp', 'mv_play_dom', 'num_play_dom', 'mv_play_int', 'dom_perc', 'int_perc')",0.362680171
"('gdp_usd', 'bmi', 'mv_play_dom', 'num_play_dom', 'mv_play_int', 'dom_perc')",0.362670654
"('gdp_usd', 'bmi', 'mv_play_dom', 'num_play_dom', 'mv_play_int', 'int_perc')",0.362670654
"('gdp_usd', 'bmi', 'mv_play_dom', 'num_play_dom', 'mv_play_int', 'dom_perc', 'int_perc')",0.362670654
"('bmi', 'life_exp', 'mv_play_dom', 'mv_play_int', 'num_play_int')",0.362600723
"('mv_usd', 'life_exp', 'qol', 'num_play_dom', 'dom_perc')",0.362550666
"('mv_usd', 'life_exp', 'qol', 'num_play_dom', 'int_perc')",0.362550666
"('mv_usd', 'life_exp', 'qol', 'num_play_dom', 'dom_perc', 'int_perc')",0.362550666
"('power_rating', 'gdp_usd', 'life_exp', 'qol', 'num_play_int', 'dom_int_mv_ratio')",0.362544865
"('gdp_usd', 'bmi', 'life_exp', 'num_play_dom', 'mv_play_int', 'num_play_int', 'dom_int_mv_ratio')",0.362448641
"('gdp_usd', 'bmi', 'life_exp', 'num_play_dom', 'mv_play_int', 'num_play_int')",0.362360408
"('mv_usd', 'bmi', 'life_exp', 'num_play_dom', 'num_play_int', 'dom_perc')",0.36232034
"('mv_usd', 'bmi', 'life_exp', 'num_play_dom', 'num_play_int', 'int_perc')",0.36232034
"('mv_usd', 'bmi', 'life_exp', 'num_play_dom', 'num_play_int', 'dom_perc', 'int_perc')",0.36232034
"('elo_rating', 'life_exp', 'num_play_dom', 'dom_perc')",0.362154474
"('elo_rating', 'life_exp', 'num_play_dom', 'int_perc')",0.362154474
"('elo_rating', 'life_exp', 'num_play_dom', 'dom_perc', 'int_perc')",0.362154474
"('power_rating', 'gdp_usd', 'life_exp', 'qol', 'dom_int_mv_ratio')",0.362062175
"('power_rating', 'gdp_usd', 'mv_usd', 'elo_rating', 'bmi', 'num_play_int')",0.361940724
"('gdp_usd', 'bmi', 'num_play_dom', 'mv_play_int', 'num_play_int', 'dom_int_mv_ratio')",0.361859659
"('mv_usd', 'life_exp', 'num_play_dom', 'num_play_int', 'dom_perc')",0.361635941
"('mv_usd', 'life_exp', 'num_play_dom', 'num_play_int', 'int_perc')",0.361635941
"('mv_usd', 'life_exp', 'num_play_dom', 'num_play_int', 'dom_perc', 'int_perc')",0.361635941
"('gdp_usd', 'bmi', 'num_play_dom', 'mv_play_int', 'num_play_int')",0.361617598
"('bmi', 'life_exp', 'mv_play_int', 'num_play_int', 'dom_int_mv_ratio')",0.361565307
"('power_rating', 'gdp_usd', 'qol', 'mv_play_dom', 'dom_int_mv_ratio')",0.36156489
"('power_rating', 'gdp_usd', 'mv_usd', 'mv_play_dom', 'num_play_dom', 'dom_perc')",0.361337212
"('power_rating', 'gdp_usd', 'mv_usd', 'mv_play_dom', 'num_play_dom', 'int_perc')",0.361337212
"('power_rating', 'gdp_usd', 'mv_usd', 'mv_play_dom', 'num_play_dom', 'dom_perc', 'int_perc')",0.361337212
"('power_rating', 'gdp_usd', 'bmi', 'life_exp', 'qol', 'num_play_dom', 'num_play_int')",0.361303234
"('power_rating', 'gdp_usd', 'qol', 'num_play_int', 'dom_int_mv_ratio')",0.361252214
"('mv_usd', 'bmi', 'life_exp', 'num_play_dom', 'dom_perc')",0.361212521
"('mv_usd', 'bmi', 'life_exp', 'num_play_dom', 'int_perc')",0.361212521
"('mv_usd', 'bmi', 'life_exp', 'num_play_dom', 'dom_perc', 'int_perc')",0.361212521
"('power_rating', 'mv_usd', 'mv_play_dom', 'num_play_dom', 'dom_perc')",0.361120813
"('power_rating', 'mv_usd', 'mv_play_dom', 'num_play_dom', 'int_perc')",0.361120813
"('power_rating', 'mv_usd', 'mv_play_dom', 'num_play_dom', 'dom_perc', 'int_perc')",0.361120813
"('mv_usd', 'bmi', 'life_exp', 'qol', 'num_play_int', 'dom_perc')",0.361096146
"('mv_usd', 'bmi', 'life_exp', 'qol', 'num_play_int', 'int_perc')",0.361096146
"('mv_usd', 'bmi', 'life_exp', 'qol', 'num_play_int', 'dom_perc', 'int_perc')",0.361096146
"('gdp_usd', 'mv_usd', 'elo_rating', 'life_exp', 'qol', 'mv_play_dom', 'num_play_int')",0.361064319
"('gdp_usd', 'mv_usd', 'elo_rating', 'life_exp', 'qol', 'num_play_int')",0.360901672
"('power_rating', 'gdp_usd', 'elo_rating', 'bmi', 'num_play_int')",0.360849891
"('gdp_usd', 'elo_rating', 'life_exp', 'mv_play_dom', 'num_play_dom', 'mv_play_int', 'num_play_int', 'dom_int_mv_ratio', 'dom_perc')",0.360697279
"('gdp_usd', 'elo_rating', 'life_exp', 'mv_play_dom', 'num_play_dom', 'mv_play_int', 'num_play_int', 'dom_int_mv_ratio', 'int_perc')",0.360697279
"('gdp_usd', 'elo_rating', 'life_exp', 'mv_play_dom', 'num_play_dom', 'mv_play_int', 'num_play_int', 'dom_int_mv_ratio', 'dom_perc', 'int_perc')",0.360697279
"('mv_usd', 'life_exp', 'num_play_dom', 'dom_perc')",0.360542679
"('mv_usd', 'life_exp', 'num_play_dom', 'int_perc')",0.360542679
"('mv_usd', 'life_exp', 'num_play_dom', 'dom_perc', 'int_perc')",0.360542679
"('gdp_usd', 'mv_usd', 'life_exp', 'qol', 'mv_play_dom', 'num_play_int', 'dom_int_mv_ratio')",0.36047326
"('bmi', 'life_exp', 'mv_play_dom', 'mv_play_int', 'dom_int_mv_ratio')",0.360389485
"('gdp_usd', 'elo_rating', 'life_exp', 'mv_play_dom', 'num_play_dom', 'mv_play_int', 'num_play_int', 'dom_perc')",0.360366644
"('gdp_usd', 'elo_rating', 'life_exp', 'mv_play_dom', 'num_play_dom', 'mv_play_int', 'num_play_int', 'int_perc')",0.360366644
"('gdp_usd', 'elo_rating', 'life_exp', 'mv_play_dom', 'num_play_dom', 'mv_play_int', 'num_play_int', 'dom_perc', 'int_perc')",0.360366644
"('power_rating', 'mv_usd', 'elo_rating', 'bmi', 'num_play_int')",0.360096508
"('bmi', 'life_exp', 'qol')",0.360092046
"('power_rating', 'gdp_usd', 'qol', 'dom_int_mv_ratio')",0.360024258
"('elo_rating', 'qol', 'dom_int_mv_ratio')",0.35992064
"('gdp_usd', 'bmi', 'life_exp', 'qol', 'mv_play_dom', 'num_play_int', 'dom_int_mv_ratio')",0.359777047
"('gdp_usd', 'elo_rating', 'life_exp', 'num_play_dom', 'mv_play_int', 'num_play_int', 'dom_int_mv_ratio', 'dom_perc')",0.359663147
"('gdp_usd', 'elo_rating', 'life_exp', 'num_play_dom', 'mv_play_int', 'num_play_int', 'dom_int_mv_ratio', 'int_perc')",0.359663147
"('gdp_usd', 'elo_rating', 'life_exp', 'num_play_dom', 'mv_play_int', 'num_play_int', 'dom_int_mv_ratio', 'dom_perc', 'int_perc')",0.359663147
"('gdp_usd', 'elo_rating', 'life_exp', 'num_play_dom', 'mv_play_int', 'num_play_int', 'dom_perc')",0.359649574
"('gdp_usd', 'elo_rating', 'life_exp', 'num_play_dom', 'mv_play_int', 'num_play_int', 'int_perc')",0.359649574
"('gdp_usd', 'elo_rating', 'life_exp', 'num_play_dom', 'mv_play_int', 'num_play_int', 'dom_perc', 'int_perc')",0.359649574
"('mv_usd', 'bmi', 'life_exp', 'num_play_dom', 'mv_play_int')",0.359614068
"('gdp_usd', 'elo_rating', 'bmi', 'life_exp', 'mv_play_dom', 'num_play_dom', 'dom_int_mv_ratio', 'dom_perc')",0.359554921
"('gdp_usd', 'elo_rating', 'bmi', 'life_exp', 'mv_play_dom', 'num_play_dom', 'dom_int_mv_ratio', 'int_perc')",0.359554921
"('gdp_usd', 'elo_rating', 'bmi', 'life_exp', 'mv_play_dom', 'num_play_dom', 'dom_int_mv_ratio', 'dom_perc', 'int_perc')",0.359554921
"('gdp_usd', 'elo_rating', 'bmi', 'mv_play_dom', 'num_play_dom', 'dom_int_mv_ratio', 'dom_perc')",0.359532979
"('gdp_usd', 'elo_rating', 'bmi', 'mv_play_dom', 'num_play_dom', 'dom_int_mv_ratio', 'int_perc')",0.359532979
"('gdp_usd', 'elo_rating', 'bmi', 'mv_play_dom', 'num_play_dom', 'dom_int_mv_ratio', 'dom_perc', 'int_perc')",0.359532979
"('mv_usd', 'mv_play_int', 'num_play_int')",0.359452377
"('gdp_usd', 'elo_rating', 'bmi', 'life_exp', 'mv_play_dom', 'num_play_dom', 'dom_perc')",0.359276253
"('gdp_usd', 'elo_rating', 'bmi', 'life_exp', 'mv_play_dom', 'num_play_dom', 'int_perc')",0.359276253
"('gdp_usd', 'elo_rating', 'bmi', 'life_exp', 'mv_play_dom', 'num_play_dom', 'dom_perc', 'int_perc')",0.359276253
"('gdp_usd', 'elo_rating', 'bmi', 'mv_play_dom', 'num_play_dom', 'dom_perc')",0.359270582
"('gdp_usd', 'elo_rating', 'bmi', 'mv_play_dom', 'num_play_dom', 'int_perc')",0.359270582
"('gdp_usd', 'elo_rating', 'bmi', 'mv_play_dom', 'num_play_dom', 'dom_perc', 'int_perc')",0.359270582
"('power_rating', 'gdp_usd', 'mv_usd', 'bmi', 'life_exp', 'mv_play_dom', 'num_play_int', 'dom_int_mv_ratio')",0.359259617
"('gdp_usd', 'mv_usd', 'elo_rating', 'bmi', 'mv_play_dom', 'num_play_dom', 'mv_play_int')",0.359153094
"('gdp_usd', 'elo_rating', 'mv_play_dom', 'num_play_dom', 'mv_play_int', 'num_play_int', 'dom_int_mv_ratio', 'dom_perc')",0.359140619
"('gdp_usd', 'elo_rating', 'mv_play_dom', 'num_play_dom', 'mv_play_int', 'num_play_int', 'dom_int_mv_ratio', 'int_perc')",0.359140619
"('gdp_usd', 'elo_rating', 'mv_play_dom', 'num_play_dom', 'mv_play_int', 'num_play_int', 'dom_int_mv_ratio', 'dom_perc', 'int_perc')",0.359140619
"('gdp_usd', 'mv_usd', 'elo_rating', 'bmi', 'life_exp', 'num_play_int', 'dom_perc')",0.35909079
"('gdp_usd', 'mv_usd', 'elo_rating', 'bmi', 'life_exp', 'num_play_int', 'int_perc')",0.35909079
"('gdp_usd', 'mv_usd', 'elo_rating', 'bmi', 'life_exp', 'num_play_int', 'dom_perc', 'int_perc')",0.35909079
"('power_rating', 'gdp_usd', 'bmi', 'num_play_int', 'dom_perc')",0.359084627
"('power_rating', 'gdp_usd', 'bmi', 'num_play_int', 'int_perc')",0.359084627
"('power_rating', 'gdp_usd', 'bmi', 'num_play_int', 'dom_perc', 'int_perc')",0.359084627
"('gdp_usd', 'elo_rating', 'mv_play_dom', 'num_play_dom', 'mv_play_int', 'num_play_int', 'dom_perc')",0.359074365
"('gdp_usd', 'elo_rating', 'mv_play_dom', 'num_play_dom', 'mv_play_int', 'num_play_int', 'int_perc')",0.359074365
"('gdp_usd', 'elo_rating', 'mv_play_dom', 'num_play_dom', 'mv_play_int', 'num_play_int', 'dom_perc', 'int_perc')",0.359074365
"('power_rating', 'gdp_usd', 'mv_usd', 'life_exp', 'mv_play_dom', 'num_play_int', 'dom_int_mv_ratio')",0.358738614
"('power_rating', 'gdp_usd', 'mv_usd', 'mv_play_dom', 'num_play_dom')",0.358723429
"('gdp_usd', 'mv_usd', 'bmi', 'life_exp', 'num_play_int', 'dom_perc')",0.358696077
"('gdp_usd', 'mv_usd', 'bmi', 'life_exp', 'num_play_int', 'int_perc')",0.358696077
"('gdp_usd', 'mv_usd', 'bmi', 'life_exp', 'num_play_int', 'dom_perc', 'int_perc')",0.358696077
"('gdp_usd', 'bmi', 'life_exp', 'mv_play_dom', 'num_play_dom', 'num_play_int', 'dom_int_mv_ratio', 'dom_perc')",0.358599852
"('gdp_usd', 'bmi', 'life_exp', 'mv_play_dom', 'num_play_dom', 'num_play_int', 'dom_int_mv_ratio', 'int_perc')",0.358599852
"('gdp_usd', 'bmi', 'life_exp', 'mv_play_dom', 'num_play_dom', 'num_play_int', 'dom_int_mv_ratio', 'dom_perc', 'int_perc')",0.358599852
"('gdp_usd', 'bmi', 'life_exp', 'mv_play_dom', 'num_play_dom', 'num_play_int', 'dom_perc')",0.358576928
"('gdp_usd', 'bmi', 'life_exp', 'mv_play_dom', 'num_play_dom', 'num_play_int', 'int_perc')",0.358576928
"('gdp_usd', 'bmi', 'life_exp', 'mv_play_dom', 'num_play_dom', 'num_play_int', 'dom_perc', 'int_perc')",0.358576928
"('power_rating', 'gdp_usd', 'mv_usd', 'elo_rating', 'num_play_int')",0.358555984
"('power_rating', 'gdp_usd', 'mv_usd', 'num_play_dom', 'dom_perc')",0.358519239
"('power_rating', 'gdp_usd', 'mv_usd', 'num_play_dom', 'int_perc')",0.358519239
"('power_rating', 'gdp_usd', 'mv_usd', 'num_play_dom', 'dom_perc', 'int_perc')",0.358519239
"('gdp_usd', 'life_exp', 'mv_play_dom', 'num_play_dom', 'mv_play_int', 'num_play_int', 'dom_int_mv_ratio', 'dom_perc')",0.358501456
"('gdp_usd', 'life_exp', 'mv_play_dom', 'num_play_dom', 'mv_play_int', 'num_play_int', 'dom_int_mv_ratio', 'int_perc')",0.358501456
"('gdp_usd', 'life_exp', 'mv_play_dom', 'num_play_dom', 'mv_play_int', 'num_play_int', 'dom_int_mv_ratio', 'dom_perc', 'int_perc')",0.358501456
"('gdp_usd', 'bmi', 'mv_play_dom', 'num_play_dom', 'num_play_int', 'dom_int_mv_ratio', 'dom_perc')",0.358436163
"('gdp_usd', 'bmi', 'mv_play_dom', 'num_play_dom', 'num_play_int', 'dom_int_mv_ratio', 'int_perc')",0.358436163
"('gdp_usd', 'bmi', 'mv_play_dom', 'num_play_dom', 'num_play_int', 'dom_int_mv_ratio', 'dom_perc', 'int_perc')",0.358436163
"('gdp_usd', 'elo_rating', 'num_play_dom', 'mv_play_int', 'num_play_int', 'dom_int_mv_ratio', 'dom_perc')",0.358410858
"('gdp_usd', 'elo_rating', 'num_play_dom', 'mv_play_int', 'num_play_int', 'dom_int_mv_ratio', 'int_perc')",0.358410858
"('gdp_usd', 'elo_rating', 'num_play_dom', 'mv_play_int', 'num_play_int', 'dom_int_mv_ratio', 'dom_perc', 'int_perc')",0.358410858
"('gdp_usd', 'bmi', 'life_exp', 'qol', 'mv_play_dom', 'num_play_int')",0.358402211
"('gdp_usd', 'elo_rating', 'num_play_dom', 'mv_play_int', 'num_play_int', 'dom_perc')",0.358391265
"('gdp_usd', 'elo_rating', 'num_play_dom', 'mv_play_int', 'num_play_int', 'int_perc')",0.358391265
"('gdp_usd', 'elo_rating', 'num_play_dom', 'mv_play_int', 'num_play_int', 'dom_perc', 'int_perc')",0.358391265
"('gdp_usd', 'bmi', 'mv_play_dom', 'num_play_dom', 'num_play_int', 'dom_perc')",0.358385177
"('gdp_usd', 'bmi', 'mv_play_dom', 'num_play_dom', 'num_play_int', 'int_perc')",0.358385177
"('gdp_usd', 'bmi', 'mv_play_dom', 'num_play_dom', 'num_play_int', 'dom_perc', 'int_perc')",0.358385177
"('power_rating', 'life_exp', 'qol', 'mv_play_dom', 'num_play_int', 'dom_int_mv_ratio')",0.35815941
"('mv_usd', 'life_exp', 'qol', 'num_play_int', 'dom_perc')",0.358141793
"('mv_usd', 'life_exp', 'qol', 'num_play_int', 'int_perc')",0.358141793
"('mv_usd', 'life_exp', 'qol', 'num_play_int', 'dom_perc', 'int_perc')",0.358141793
"('power_rating', 'qol', 'mv_play_dom', 'num_play_int', 'dom_int_mv_ratio')",0.358134826
"('mv_usd', 'bmi', 'life_exp', 'num_play_int', 'dom_perc')",0.358013957
"('mv_usd', 'bmi', 'life_exp', 'num_play_int', 'int_perc')",0.358013957
"('mv_usd', 'bmi', 'life_exp', 'num_play_int', 'dom_perc', 'int_perc')",0.358013957
"('gdp_usd', 'mv_usd', 'life_exp', 'qol', 'num_play_int', 'dom_int_mv_ratio')",0.358011609
"('power_rating', 'mv_usd', 'bmi', 'life_exp', 'mv_play_dom', 'num_play_int', 'dom_int_mv_ratio')",0.357874356
"('power_rating', 'gdp_usd', 'elo_rating', 'num_play_int')",0.357788844
"('power_rating', 'elo_rating', 'bmi', 'num_play_int')",0.35777787
"('power_rating', 'mv_usd', 'elo_rating', 'num_play_int')",0.35774316
"('gdp_usd', 'elo_rating', 'life_exp', 'mv_play_dom', 'num_play_dom', 'mv_play_int', 'num_play_int', 'dom_int_mv_ratio')",0.357718106
"('power_rating', 'mv_usd', 'num_play_dom', 'dom_perc')",0.357666458
"('power_rating', 'mv_usd', 'num_play_dom', 'int_perc')",0.357666458
"('power_rating', 'mv_usd', 'num_play_dom', 'dom_perc', 'int_perc')",0.357666458
"('gdp_usd', 'elo_rating', 'bmi', 'life_exp', 'mv_play_dom', 'num_play_dom', 'num_play_int', 'dom_int_mv_ratio')",0.357602521
"('gdp_usd', 'life_exp', 'mv_play_dom', 'num_play_dom', 'mv_play_int', 'num_play_int', 'dom_perc')",0.357600201
"('gdp_usd', 'life_exp', 'mv_play_dom', 'num_play_dom', 'mv_play_int', 'num_play_int', 'int_perc')",0.357600201
"('gdp_usd', 'life_exp', 'mv_play_dom', 'num_play_dom', 'mv_play_int', 'num_play_int', 'dom_perc', 'int_perc')",0.357600201
"('gdp_usd', 'elo_rating', 'life_exp', 'num_play_dom', 'mv_play_int', 'num_play_int', 'dom_int_mv_ratio')",0.357537507
"('gdp_usd', 'elo_rating', 'bmi', 'life_exp', 'num_play_dom', 'num_play_int', 'dom_int_mv_ratio')",0.357514669
"('power_rating', 'gdp_usd', 'life_exp', 'qol', 'num_play_dom', 'num_play_int')",0.357472174
"('power_rating', 'gdp_usd', 'bmi', 'life_exp', 'num_play_dom', 'num_play_int')",0.357466006
"('mv_usd', 'qol', 'num_play_dom', 'mv_play_int')",0.357459493
"('gdp_usd', 'elo_rating', 'life_exp', 'mv_play_dom', 'num_play_dom', 'mv_play_int', 'num_play_int')",0.357455729
"('gdp_usd', 'elo_rating', 'life_exp', 'num_play_dom', 'mv_play_int', 'num_play_int')",0.357414683
"('power_rating', 'mv_usd', 'mv_play_dom', 'num_play_dom')",0.357386659
"('gdp_usd', 'elo_rating', 'bmi', 'life_exp', 'mv_play_dom', 'num_play_dom', 'num_play_int')",0.35730103
"('gdp_usd', 'elo_rating', 'bmi', 'life_exp', 'num_play_dom', 'mv_play_int', 'dom_int_mv_ratio', 'dom_perc')",0.357300431
"('gdp_usd', 'elo_rating', 'bmi', 'life_exp', 'num_play_dom', 'mv_play_int', 'dom_int_mv_ratio', 'dom_perc', 'int_perc')",0.357300431
"('gdp_usd', 'elo_rating', 'bmi', 'life_exp', 'num_play_dom', 'mv_play_int', 'dom_int_mv_ratio', 'int_perc')",0.357300431
"('gdp_usd', 'elo_rating', 'bmi', 'life_exp', 'num_play_dom', 'mv_play_int', 'dom_perc')",0.357265945
"('gdp_usd', 'elo_rating', 'bmi', 'life_exp', 'num_play_dom', 'mv_play_int', 'int_perc')",0.357265945
"('gdp_usd', 'elo_rating', 'bmi', 'life_exp', 'num_play_dom', 'mv_play_int', 'dom_perc', 'int_perc')",0.357265945
"('gdp_usd', 'elo_rating', 'mv_play_dom', 'num_play_dom', 'mv_play_int', 'num_play_int', 'dom_int_mv_ratio')",0.357188812
"('gdp_usd', 'elo_rating', 'bmi', 'num_play_dom', 'mv_play_int', 'dom_int_mv_ratio', 'dom_perc')",0.357167644
"('gdp_usd', 'elo_rating', 'bmi', 'num_play_dom', 'mv_play_int', 'dom_int_mv_ratio', 'int_perc')",0.357167644
"('gdp_usd', 'elo_rating', 'bmi', 'num_play_dom', 'mv_play_int', 'dom_int_mv_ratio', 'dom_perc', 'int_perc')",0.357167644
"('gdp_usd', 'elo_rating', 'bmi', 'num_play_dom', 'mv_play_int', 'dom_perc')",0.357153043
"('gdp_usd', 'elo_rating', 'bmi', 'num_play_dom', 'mv_play_int', 'int_perc')",0.357153043
"('gdp_usd', 'elo_rating', 'bmi', 'num_play_dom', 'mv_play_int', 'dom_perc', 'int_perc')",0.357153043
"('gdp_usd', 'elo_rating', 'mv_play_dom', 'num_play_dom', 'mv_play_int', 'num_play_int')",0.357078779
"('gdp_usd', 'elo_rating', 'num_play_dom', 'mv_play_int', 'num_play_int', 'dom_int_mv_ratio')",0.357022082
"('gdp_usd', 'elo_rating', 'num_play_dom', 'mv_play_int', 'num_play_int')",0.356999845
"('gdp_usd', 'elo_rating', 'bmi', 'life_exp', 'num_play_dom', 'num_play_int')",0.356936453
"('bmi', 'life_exp', 'mv_play_int', 'dom_int_mv_ratio')",0.356871711
"('mv_usd', 'life_exp', 'num_play_int', 'dom_perc')",0.356712299
"('mv_usd', 'life_exp', 'num_play_int', 'int_perc')",0.356712299
"('mv_usd', 'life_exp', 'num_play_int', 'dom_perc', 'int_perc')",0.356712299
"('gdp_usd', 'mv_usd', 'elo_rating', 'bmi', 'num_play_int', 'dom_int_mv_ratio', 'dom_perc')",0.356477117
"('gdp_usd', 'mv_usd', 'elo_rating', 'bmi', 'num_play_int', 'dom_int_mv_ratio', 'int_perc')",0.356477117
"('gdp_usd', 'mv_usd', 'elo_rating', 'bmi', 'num_play_int', 'dom_int_mv_ratio', 'dom_perc', 'int_perc')",0.356477117
"('power_rating', 'mv_usd', 'life_exp', 'mv_play_dom', 'num_play_int', 'dom_int_mv_ratio')",0.35640959
"('gdp_usd', 'mv_play_dom', 'num_play_dom', 'mv_play_int', 'num_play_int', 'dom_int_mv_ratio', 'dom_perc')",0.356337783
"('gdp_usd', 'mv_play_dom', 'num_play_dom', 'mv_play_int', 'num_play_int', 'dom_int_mv_ratio', 'int_perc')",0.356337783
"('gdp_usd', 'mv_play_dom', 'num_play_dom', 'mv_play_int', 'num_play_int', 'dom_int_mv_ratio', 'dom_perc', 'int_perc')",0.356337783
"('gdp_usd', 'mv_usd', 'bmi', 'num_play_int', 'dom_int_mv_ratio', 'dom_perc')",0.356261443
"('gdp_usd', 'mv_usd', 'bmi', 'num_play_int', 'dom_int_mv_ratio', 'int_perc')",0.356261443
"('gdp_usd', 'mv_usd', 'bmi', 'num_play_int', 'dom_int_mv_ratio', 'dom_perc', 'int_perc')",0.356261443
"('power_rating', 'elo_rating', 'num_play_int')",0.356166243
"('gdp_usd', 'bmi', 'life_exp', 'mv_play_dom', 'num_play_dom', 'dom_int_mv_ratio', 'dom_perc')",0.356148146
"('gdp_usd', 'bmi', 'life_exp', 'mv_play_dom', 'num_play_dom', 'dom_int_mv_ratio', 'int_perc')",0.356148146
"('gdp_usd', 'bmi', 'life_exp', 'mv_play_dom', 'num_play_dom', 'dom_int_mv_ratio', 'dom_perc', 'int_perc')",0.356148146
"('gdp_usd', 'bmi', 'mv_play_dom', 'num_play_dom', 'dom_int_mv_ratio', 'dom_perc')",0.35614789
"('gdp_usd', 'bmi', 'mv_play_dom', 'num_play_dom', 'dom_int_mv_ratio', 'int_perc')",0.35614789
"('gdp_usd', 'bmi', 'mv_play_dom', 'num_play_dom', 'dom_int_mv_ratio', 'dom_perc', 'int_perc')",0.35614789
"('gdp_usd', 'elo_rating', 'life_exp', 'mv_play_dom', 'num_play_dom', 'num_play_int', 'dom_int_mv_ratio', 'dom_perc')",0.356073078
"('gdp_usd', 'elo_rating', 'life_exp', 'mv_play_dom', 'num_play_dom', 'num_play_int', 'dom_int_mv_ratio', 'int_perc')",0.356073078
"('gdp_usd', 'elo_rating', 'life_exp', 'mv_play_dom', 'num_play_dom', 'num_play_int', 'dom_int_mv_ratio', 'dom_perc', 'int_perc')",0.356073078
"('gdp_usd', 'elo_rating', 'life_exp', 'mv_play_dom', 'num_play_dom', 'num_play_int', 'dom_perc')",0.355967279
"('gdp_usd', 'elo_rating', 'life_exp', 'mv_play_dom', 'num_play_dom', 'num_play_int', 'int_perc')",0.355967279
"('gdp_usd', 'elo_rating', 'life_exp', 'mv_play_dom', 'num_play_dom', 'num_play_int', 'dom_perc', 'int_perc')",0.355967279
"('gdp_usd', 'bmi', 'life_exp', 'mv_play_dom', 'num_play_dom', 'dom_perc')",0.355965357
"('gdp_usd', 'bmi', 'life_exp', 'mv_play_dom', 'num_play_dom', 'int_perc')",0.355965357
"('gdp_usd', 'bmi', 'life_exp', 'mv_play_dom', 'num_play_dom', 'dom_perc', 'int_perc')",0.355965357
"('gdp_usd', 'bmi', 'mv_play_dom', 'num_play_dom', 'dom_perc')",0.355963548
"('gdp_usd', 'bmi', 'mv_play_dom', 'num_play_dom', 'int_perc')",0.355963548
"('gdp_usd', 'bmi', 'mv_play_dom', 'num_play_dom', 'dom_perc', 'int_perc')",0.355963548
"('gdp_usd', 'mv_play_dom', 'num_play_dom', 'mv_play_int', 'num_play_int', 'dom_perc')",0.355956523
"('gdp_usd', 'mv_play_dom', 'num_play_dom', 'mv_play_int', 'num_play_int', 'int_perc')",0.355956523
"('gdp_usd', 'mv_play_dom', 'num_play_dom', 'mv_play_int', 'num_play_int', 'dom_perc', 'int_perc')",0.355956523
"('gdp_usd', 'elo_rating', 'bmi', 'mv_play_dom', 'num_play_dom', 'num_play_int', 'dom_int_mv_ratio')",0.355856331
"('gdp_usd', 'elo_rating', 'bmi', 'num_play_dom', 'num_play_int', 'dom_int_mv_ratio')",0.35583581
"('gdp_usd', 'elo_rating', 'bmi', 'mv_play_dom', 'num_play_dom', 'num_play_int')",0.355708259
"('gdp_usd', 'mv_usd', 'elo_rating', 'bmi', 'mv_play_int', 'num_play_int', 'dom_perc')",0.355682214
"('gdp_usd', 'mv_usd', 'elo_rating', 'bmi', 'mv_play_int', 'num_play_int', 'int_perc')",0.355682214
"('gdp_usd', 'mv_usd', 'elo_rating', 'bmi', 'mv_play_int', 'num_play_int', 'dom_perc', 'int_perc')",0.355682214
"('gdp_usd', 'mv_usd', 'elo_rating', 'life_exp', 'mv_play_int', 'num_play_int', 'dom_int_mv_ratio', 'dom_perc')",0.355630128
"('gdp_usd', 'mv_usd', 'elo_rating', 'life_exp', 'mv_play_int', 'num_play_int', 'dom_int_mv_ratio', 'int_perc')",0.355630128
"('gdp_usd', 'mv_usd', 'elo_rating', 'life_exp', 'mv_play_int', 'num_play_int', 'dom_int_mv_ratio', 'dom_perc', 'int_perc')",0.355630128
"('gdp_usd', 'elo_rating', 'bmi', 'num_play_dom', 'num_play_int')",0.355575026
"('gdp_usd', 'life_exp', 'mv_play_dom', 'num_play_dom', 'mv_play_int', 'num_play_int', 'dom_int_mv_ratio')",0.355547774
"('gdp_usd', 'mv_usd', 'elo_rating', 'mv_play_int', 'num_play_int', 'dom_int_mv_ratio', 'dom_perc')",0.355540235
"('gdp_usd', 'mv_usd', 'elo_rating', 'mv_play_int', 'num_play_int', 'dom_int_mv_ratio', 'int_perc')",0.355540235
"('gdp_usd', 'mv_usd', 'elo_rating', 'mv_play_int', 'num_play_int', 'dom_int_mv_ratio', 'dom_perc', 'int_perc')",0.355540235
"('gdp_usd', 'elo_rating', 'life_exp', 'num_play_dom', 'num_play_int', 'dom_int_mv_ratio', 'dom_perc')",0.355364368
"('gdp_usd', 'elo_rating', 'life_exp', 'num_play_dom', 'num_play_int', 'dom_int_mv_ratio', 'int_perc')",0.355364368
"('gdp_usd', 'elo_rating', 'life_exp', 'num_play_dom', 'num_play_int', 'dom_int_mv_ratio', 'dom_perc', 'int_perc')",0.355364368
"('mv_usd', 'life_exp', 'num_play_dom', 'mv_play_int')",0.355237447
"('gdp_usd', 'mv_usd', 'elo_rating', 'bmi', 'qol', 'mv_play_dom', 'mv_play_int', 'num_play_int', 'dom_int_mv_ratio')",0.355198193
"('gdp_usd', 'mv_usd', 'bmi', 'mv_play_int', 'num_play_int', 'dom_perc')",0.355028828
"('gdp_usd', 'mv_usd', 'bmi', 'mv_play_int', 'num_play_int', 'int_perc')",0.355028828
"('gdp_usd', 'mv_usd', 'bmi', 'mv_play_int', 'num_play_int', 'dom_perc', 'int_perc')",0.355028828
"('gdp_usd', 'life_exp', 'mv_play_dom', 'num_play_dom', 'mv_play_int', 'num_play_int')",0.354767605
"('gdp_usd', 'elo_rating', 'life_exp', 'num_play_dom', 'num_play_int', 'dom_perc')",0.354691356
"('gdp_usd', 'elo_rating', 'life_exp', 'num_play_dom', 'num_play_int', 'int_perc')",0.354691356
"('gdp_usd', 'elo_rating', 'life_exp', 'num_play_dom', 'num_play_int', 'dom_perc', 'int_perc')",0.354691356
"('gdp_usd', 'mv_play_dom', 'num_play_dom', 'mv_play_int', 'num_play_int', 'dom_int_mv_ratio')",0.354625695
"('gdp_usd', 'mv_usd', 'life_exp', 'mv_play_int', 'num_play_int', 'dom_int_mv_ratio', 'dom_perc')",0.354623684
"('gdp_usd', 'mv_usd', 'life_exp', 'mv_play_int', 'num_play_int', 'dom_int_mv_ratio', 'int_perc')",0.354623684
"('gdp_usd', 'mv_usd', 'life_exp', 'mv_play_int', 'num_play_int', 'dom_int_mv_ratio', 'dom_perc', 'int_perc')",0.354623684
"('gdp_usd', 'elo_rating', 'mv_play_dom', 'num_play_dom', 'num_play_int', 'dom_int_mv_ratio', 'dom_perc')",0.354534264
"('gdp_usd', 'elo_rating', 'mv_play_dom', 'num_play_dom', 'num_play_int', 'dom_int_mv_ratio', 'int_perc')",0.354534264
"('gdp_usd', 'elo_rating', 'mv_play_dom', 'num_play_dom', 'num_play_int', 'dom_int_mv_ratio', 'dom_perc', 'int_perc')",0.354534264
"('gdp_usd', 'mv_usd', 'elo_rating', 'bmi', 'life_exp', 'mv_play_dom', 'mv_play_int', 'num_play_int', 'dom_int_mv_ratio')",0.354501322
"('gdp_usd', 'mv_usd', 'mv_play_int', 'num_play_int', 'dom_int_mv_ratio', 'dom_perc')",0.354436743
"('gdp_usd', 'mv_usd', 'mv_play_int', 'num_play_int', 'dom_int_mv_ratio', 'int_perc')",0.354436743
"('gdp_usd', 'mv_usd', 'mv_play_int', 'num_play_int', 'dom_int_mv_ratio', 'dom_perc', 'int_perc')",0.354436743
"('gdp_usd', 'bmi', 'life_exp', 'num_play_dom', 'mv_play_int', 'dom_int_mv_ratio', 'dom_perc')",0.354330864
"('gdp_usd', 'bmi', 'life_exp', 'num_play_dom', 'mv_play_int', 'dom_int_mv_ratio', 'int_perc')",0.354330864
"('gdp_usd', 'bmi', 'life_exp', 'num_play_dom', 'mv_play_int', 'dom_int_mv_ratio', 'dom_perc', 'int_perc')",0.354330864
"('gdp_usd', 'bmi', 'life_exp', 'num_play_dom', 'mv_play_int', 'dom_perc')",0.354314748
"('gdp_usd', 'bmi', 'life_exp', 'num_play_dom', 'mv_play_int', 'dom_perc', 'int_perc')",0.354314748
"('gdp_usd', 'bmi', 'life_exp', 'num_play_dom', 'mv_play_int', 'int_perc')",0.354314748
"('gdp_usd', 'mv_usd', 'elo_rating', 'bmi', 'life_exp', 'mv_play_dom', 'num_play_dom', 'dom_int_mv_ratio')",0.354244091
"('gdp_usd', 'bmi', 'num_play_dom', 'mv_play_int', 'dom_int_mv_ratio', 'dom_perc')",0.354223346
"('gdp_usd', 'bmi', 'num_play_dom', 'mv_play_int', 'dom_int_mv_ratio', 'int_perc')",0.354223346
"('gdp_usd', 'bmi', 'num_play_dom', 'mv_play_int', 'dom_int_mv_ratio', 'dom_perc', 'int_perc')",0.354223346
"('gdp_usd', 'bmi', 'num_play_dom', 'mv_play_int', 'dom_perc')",0.354218712
"('gdp_usd', 'bmi', 'num_play_dom', 'mv_play_int', 'int_perc')",0.354218712
"('gdp_usd', 'bmi', 'num_play_dom', 'mv_play_int', 'dom_perc', 'int_perc')",0.354218712
"('gdp_usd', 'mv_play_dom', 'num_play_dom', 'mv_play_int', 'num_play_int')",0.354171578
"('gdp_usd', 'mv_usd', 'bmi', 'life_exp', 'mv_play_dom', 'mv_play_int', 'num_play_int', 'dom_int_mv_ratio')",0.354100151
"('gdp_usd', 'elo_rating', 'num_play_dom', 'num_play_int', 'dom_int_mv_ratio', 'dom_perc')",0.354074187
"('gdp_usd', 'elo_rating', 'num_play_dom', 'num_play_int', 'dom_int_mv_ratio', 'int_perc')",0.354074187
"('gdp_usd', 'elo_rating', 'num_play_dom', 'num_play_int', 'dom_int_mv_ratio', 'dom_perc', 'int_perc')",0.354074187
"('gdp_usd', 'elo_rating', 'mv_play_dom', 'num_play_dom', 'num_play_int', 'dom_perc')",0.35403297
"('gdp_usd', 'elo_rating', 'mv_play_dom', 'num_play_dom', 'num_play_int', 'int_perc')",0.35403297
"('gdp_usd', 'elo_rating', 'mv_play_dom', 'num_play_dom', 'num_play_int', 'dom_perc', 'int_perc')",0.35403297
"('gdp_usd', 'mv_usd', 'bmi', 'qol', 'mv_play_dom', 'mv_play_int', 'num_play_int', 'dom_int_mv_ratio')",0.353989146
"('power_rating', 'gdp_usd', 'mv_usd', 'num_play_dom')",0.353921239
"('gdp_usd', 'mv_usd', 'elo_rating', 'bmi', 'life_exp', 'mv_play_dom', 'num_play_int', 'dom_int_mv_ratio')",0.353855122
"('bmi', 'life_exp', 'mv_play_dom', 'mv_play_int')",0.353551996
"('gdp_usd', 'life_exp', 'num_play_dom', 'mv_play_int', 'num_play_int', 'dom_int_mv_ratio', 'dom_perc')",0.353414349
"('gdp_usd', 'life_exp', 'num_play_dom', 'mv_play_int', 'num_play_int', 'dom_int_mv_ratio', 'int_perc')",0.353414349
"('gdp_usd', 'life_exp', 'num_play_dom', 'mv_play_int', 'num_play_int', 'dom_int_mv_ratio', 'dom_perc', 'int_perc')",0.353414349
"('gdp_usd', 'life_exp', 'num_play_dom', 'mv_play_int', 'num_play_int', 'dom_perc', 'int_perc')",0.353413987
"('gdp_usd', 'life_exp', 'num_play_dom', 'mv_play_int', 'num_play_int', 'dom_perc')",0.353413987
"('gdp_usd', 'life_exp', 'num_play_dom', 'mv_play_int', 'num_play_int', 'int_perc')",0.353413987
"('gdp_usd', 'mv_usd', 'elo_rating', 'bmi', 'qol', 'mv_play_dom', 'num_play_int', 'dom_int_mv_ratio')",0.353311184
"('gdp_usd', 'mv_usd', 'bmi', 'life_exp', 'mv_play_dom', 'num_play_dom', 'dom_int_mv_ratio')",0.353163232
"('gdp_usd', 'elo_rating', 'bmi', 'life_exp', 'num_play_dom', 'dom_int_mv_ratio', 'dom_perc')",0.353096024
"('gdp_usd', 'elo_rating', 'bmi', 'life_exp', 'num_play_dom', 'dom_int_mv_ratio', 'int_perc')",0.353096024
"('gdp_usd', 'elo_rating', 'bmi', 'life_exp', 'num_play_dom', 'dom_int_mv_ratio', 'dom_perc', 'int_perc')",0.353096024
"('power_rating', 'mv_usd', 'num_play_dom', 'num_play_int')",0.352993934
"('power_rating', 'gdp_usd', 'mv_usd', 'elo_rating', 'bmi')",0.352976983
"('gdp_usd', 'elo_rating', 'bmi', 'num_play_dom', 'dom_int_mv_ratio', 'dom_perc')",0.352947179
"('gdp_usd', 'elo_rating', 'bmi', 'num_play_dom', 'dom_int_mv_ratio', 'int_perc')",0.352947179
"('gdp_usd', 'elo_rating', 'bmi', 'num_play_dom', 'dom_int_mv_ratio', 'dom_perc', 'int_perc')",0.352947179
"('power_rating', 'mv_usd', 'elo_rating', 'bmi')",0.352938126
"('gdp_usd', 'elo_rating', 'num_play_dom', 'num_play_int', 'dom_perc')",0.352765935
"('gdp_usd', 'elo_rating', 'num_play_dom', 'num_play_int', 'int_perc')",0.352765935
"('gdp_usd', 'elo_rating', 'num_play_dom', 'num_play_int', 'dom_perc', 'int_perc')",0.352765935
"('gdp_usd', 'life_exp', 'num_play_dom', 'mv_play_int', 'num_play_int', 'dom_int_mv_ratio')",0.352759893
"('gdp_usd', 'life_exp', 'num_play_dom', 'mv_play_int', 'num_play_int')",0.352733351
"('gdp_usd', 'elo_rating', 'life_exp', 'mv_play_dom', 'num_play_dom', 'mv_play_int', 'dom_int_mv_ratio', 'dom_perc')",0.352564468
"('gdp_usd', 'elo_rating', 'life_exp', 'mv_play_dom', 'num_play_dom', 'mv_play_int', 'dom_int_mv_ratio', 'int_perc')",0.352564468
"('gdp_usd', 'elo_rating', 'life_exp', 'mv_play_dom', 'num_play_dom', 'mv_play_int', 'dom_int_mv_ratio', 'dom_perc', 'int_perc')",0.352564468
"('gdp_usd', 'elo_rating', 'bmi', 'life_exp', 'num_play_dom', 'dom_perc')",0.352556936
"('gdp_usd', 'elo_rating', 'bmi', 'life_exp', 'num_play_dom', 'int_perc')",0.352556936
"('gdp_usd', 'elo_rating', 'bmi', 'life_exp', 'num_play_dom', 'dom_perc', 'int_perc')",0.352556936
"('gdp_usd', 'elo_rating', 'bmi', 'qol', 'mv_play_dom', 'num_play_dom', 'mv_play_int', 'dom_int_mv_ratio')",0.352358413
"('gdp_usd', 'elo_rating', 'bmi', 'num_play_dom', 'dom_perc')",0.352254999
"('gdp_usd', 'elo_rating', 'bmi', 'num_play_dom', 'int_perc')",0.352254999
"('gdp_usd', 'elo_rating', 'bmi', 'num_play_dom', 'dom_perc', 'int_perc')",0.352254999
"('gdp_usd', 'life_exp', 'mv_play_dom', 'num_play_dom', 'mv_play_int', 'dom_int_mv_ratio', 'dom_perc')",0.35222525
"('gdp_usd', 'life_exp', 'mv_play_dom', 'num_play_dom', 'mv_play_int', 'dom_int_mv_ratio', 'dom_perc', 'int_perc')",0.35222525
"('gdp_usd', 'life_exp', 'mv_play_dom', 'num_play_dom', 'mv_play_int', 'dom_int_mv_ratio', 'int_perc')",0.35222525
"('gdp_usd', 'mv_usd', 'elo_rating', 'bmi', 'qol', 'num_play_dom', 'mv_play_int')",0.352202755
"('gdp_usd', 'elo_rating', 'qol', 'mv_play_dom', 'num_play_dom', 'mv_play_int', 'dom_int_mv_ratio')",0.352119345
"('gdp_usd', 'mv_usd', 'bmi', 'life_exp', 'mv_play_dom', 'num_play_dom', 'mv_play_int')",0.351838858
"('gdp_usd', 'mv_usd', 'elo_rating', 'qol', 'num_play_dom', 'mv_play_int')",0.35169747
"('gdp_usd', 'num_play_dom', 'mv_play_int', 'num_play_int', 'dom_int_mv_ratio', 'dom_perc')",0.351680853
"('gdp_usd', 'num_play_dom', 'mv_play_int', 'num_play_int', 'dom_int_mv_ratio', 'int_perc')",0.351680853
"('gdp_usd', 'num_play_dom', 'mv_play_int', 'num_play_int', 'dom_int_mv_ratio', 'dom_perc', 'int_perc')",0.351680853
"('gdp_usd', 'num_play_dom', 'mv_play_int', 'num_play_int', 'dom_perc')",0.351595938
"('gdp_usd', 'num_play_dom', 'mv_play_int', 'num_play_int', 'int_perc')",0.351595938
"('gdp_usd', 'num_play_dom', 'mv_play_int', 'num_play_int', 'dom_perc', 'int_perc')",0.351595938
"('gdp_usd', 'elo_rating', 'life_exp', 'mv_play_dom', 'num_play_dom', 'mv_play_int', 'dom_perc')",0.351578921
"('gdp_usd', 'elo_rating', 'life_exp', 'mv_play_dom', 'num_play_dom', 'mv_play_int', 'int_perc')",0.351578921
"('gdp_usd', 'elo_rating', 'life_exp', 'mv_play_dom', 'num_play_dom', 'mv_play_int', 'dom_perc', 'int_perc')",0.351578921
"('gdp_usd', 'num_play_dom', 'mv_play_int', 'num_play_int', 'dom_int_mv_ratio')",0.351525357
"('gdp_usd', 'num_play_dom', 'mv_play_int', 'num_play_int')",0.351488939
"('gdp_usd', 'elo_rating', 'bmi', 'qol', 'num_play_dom', 'mv_play_int', 'dom_int_mv_ratio')",0.351465641
"('power_rating', 'gdp_usd', 'elo_rating', 'bmi')",0.351041133
"('gdp_usd', 'mv_usd', 'bmi', 'life_exp', 'mv_play_dom', 'num_play_int', 'dom_int_mv_ratio')",0.351033991
"('gdp_usd', 'mv_usd', 'elo_rating', 'bmi', 'mv_play_dom', 'num_play_dom', 'dom_int_mv_ratio')",0.351031108
"('gdp_usd', 'elo_rating', 'qol', 'num_play_dom', 'mv_play_int', 'dom_int_mv_ratio')",0.350980826
"('gdp_usd', 'life_exp', 'mv_play_dom', 'num_play_dom', 'mv_play_int', 'dom_perc')",0.350941667
"('gdp_usd', 'life_exp', 'mv_play_dom', 'num_play_dom', 'mv_play_int', 'int_perc')",0.350941667
"('gdp_usd', 'life_exp', 'mv_play_dom', 'num_play_dom', 'mv_play_int', 'dom_perc', 'int_perc')",0.350941667
"('power_rating', 'elo_rating', 'bmi')",0.350667186
"('gdp_usd', 'mv_usd', 'bmi', 'mv_play_dom', 'num_play_dom', 'dom_int_mv_ratio')",0.350165342
"('gdp_usd', 'mv_usd', 'elo_rating', 'life_exp', 'mv_play_dom', 'num_play_dom', 'mv_play_int')",0.350154554
"('gdp_usd', 'mv_usd', 'elo_rating', 'mv_play_dom', 'num_play_dom', 'mv_play_int')",0.350128325
"('power_rating', 'mv_usd', 'life_exp', 'qol', 'num_play_int', 'dom_int_mv_ratio')",0.349996244
"('bmi', 'life_exp', 'mv_play_dom', 'num_play_int', 'dom_int_mv_ratio')",0.349996136
"('power_rating', 'life_exp', 'qol', 'num_play_int', 'dom_int_mv_ratio')",0.349848613
"('power_rating', 'mv_usd', 'qol', 'num_play_int', 'dom_int_mv_ratio')",0.349729821
"('power_rating', 'gdp_usd', 'mv_usd', 'elo_rating')",0.349712738
"('power_rating', 'qol', 'num_play_int', 'dom_int_mv_ratio')",0.349624361
"('power_rating', 'mv_usd', 'elo_rating')",0.349603788
"('power_rating', 'gdp_usd', 'life_exp', 'num_play_dom', 'num_play_int')",0.349333351
"('power_rating', 'mv_usd', 'num_play_dom')",0.349036183
"('gdp_usd', 'elo_rating', 'life_exp', 'mv_play_dom', 'num_play_dom', 'num_play_int', 'dom_int_mv_ratio')",0.349004401
"('bmi', 'life_exp', 'mv_play_dom', 'num_play_int')",0.349002026
"('gdp_usd', 'elo_rating', 'life_exp', 'num_play_dom', 'num_play_int', 'dom_int_mv_ratio')",0.348918236
"('gdp_usd', 'elo_rating', 'mv_play_dom', 'num_play_dom', 'num_play_int', 'dom_int_mv_ratio')",0.348890902
"('gdp_usd', 'elo_rating', 'num_play_dom', 'num_play_int', 'dom_int_mv_ratio')",0.348806579
"('gdp_usd', 'mv_usd', 'bmi', 'mv_play_dom', 'num_play_dom', 'mv_play_int')",0.348762437
"('elo_rating', 'bmi', 'life_exp', 'qol', 'mv_play_int')",0.348653015
"('power_rating', 'bmi', 'num_play_dom', 'num_play_int', 'dom_perc')",0.348636656
"('power_rating', 'bmi', 'num_play_dom', 'num_play_int', 'int_perc')",0.348636656
"('power_rating', 'bmi', 'num_play_dom', 'num_play_int', 'dom_perc', 'int_perc')",0.348636656
"('gdp_usd', 'mv_usd', 'elo_rating', 'bmi', 'num_play_int', 'dom_perc')",0.348506691
"('gdp_usd', 'mv_usd', 'elo_rating', 'bmi', 'num_play_int', 'int_perc')",0.348506691
"('gdp_usd', 'mv_usd', 'elo_rating', 'bmi', 'num_play_int', 'dom_perc', 'int_perc')",0.348506691
"('gdp_usd', 'elo_rating', 'bmi', 'life_exp', 'mv_play_dom', 'mv_play_int', 'num_play_int', 'dom_int_mv_ratio', 'dom_perc')",0.348350884
"('gdp_usd', 'elo_rating', 'bmi', 'life_exp', 'mv_play_dom', 'mv_play_int', 'num_play_int', 'dom_int_mv_ratio', 'int_perc')",0.348350884
"('gdp_usd', 'elo_rating', 'bmi', 'life_exp', 'mv_play_dom', 'mv_play_int', 'num_play_int', 'dom_int_mv_ratio', 'dom_perc', 'int_perc')",0.348350884
"('power_rating', 'gdp_usd', 'elo_rating')",0.348213929
"('power_rating', 'elo_rating')",0.348209322
"('gdp_usd', 'elo_rating', 'life_exp', 'num_play_dom', 'mv_play_int', 'dom_int_mv_ratio', 'dom_perc')",0.34818454
"('gdp_usd', 'elo_rating', 'life_exp', 'num_play_dom', 'mv_play_int', 'dom_int_mv_ratio', 'int_perc')",0.34818454
"('gdp_usd', 'elo_rating', 'life_exp', 'num_play_dom', 'mv_play_int', 'dom_int_mv_ratio', 'dom_perc', 'int_perc')",0.34818454
"('gdp_usd', 'elo_rating', 'life_exp', 'mv_play_dom', 'num_play_dom', 'num_play_int')",0.348184279
"('gdp_usd', 'elo_rating', 'life_exp', 'num_play_dom', 'mv_play_int', 'dom_perc')",0.348180196
"('gdp_usd', 'elo_rating', 'life_exp', 'num_play_dom', 'mv_play_int', 'int_perc')",0.348180196
"('gdp_usd', 'elo_rating', 'life_exp', 'num_play_dom', 'mv_play_int', 'dom_perc', 'int_perc')",0.348180196
"('gdp_usd', 'elo_rating', 'life_exp', 'num_play_dom', 'num_play_int')",0.348172337
"('gdp_usd', 'bmi', 'life_exp', 'mv_play_dom', 'mv_play_int', 'num_play_int', 'dom_int_mv_ratio', 'dom_perc')",0.348046786
"('gdp_usd', 'bmi', 'life_exp', 'mv_play_dom', 'mv_play_int', 'num_play_int', 'dom_int_mv_ratio', 'int_perc')",0.348046786
"('gdp_usd', 'bmi', 'life_exp', 'mv_play_dom', 'mv_play_int', 'num_play_int', 'dom_int_mv_ratio', 'dom_perc', 'int_perc')",0.348046786
"('elo_rating', 'bmi', 'qol', 'mv_play_int')",0.348016493
"('gdp_usd', 'mv_usd', 'bmi', 'num_play_int', 'dom_perc')",0.34800506
"('gdp_usd', 'mv_usd', 'bmi', 'num_play_int', 'int_perc')",0.34800506
"('gdp_usd', 'mv_usd', 'bmi', 'num_play_int', 'dom_perc', 'int_perc')",0.34800506
"('mv_usd', 'bmi', 'qol', 'num_play_dom', 'num_play_int', 'dom_perc')",0.347896031
"('mv_usd', 'bmi', 'qol', 'num_play_dom', 'num_play_int', 'int_perc')",0.347896031
"('mv_usd', 'bmi', 'qol', 'num_play_dom', 'num_play_int', 'dom_perc', 'int_perc')",0.347896031
"('gdp_usd', 'elo_rating', 'life_exp', 'mv_play_dom', 'num_play_dom', 'dom_int_mv_ratio', 'dom_perc')",0.347873238
"('gdp_usd', 'elo_rating', 'life_exp', 'mv_play_dom', 'num_play_dom', 'dom_int_mv_ratio', 'int_perc')",0.347873238
"('gdp_usd', 'elo_rating', 'life_exp', 'mv_play_dom', 'num_play_dom', 'dom_int_mv_ratio', 'dom_perc', 'int_perc')",0.347873238
"('gdp_usd', 'elo_rating', 'mv_play_dom', 'num_play_dom', 'num_play_int')",0.347869353
"('gdp_usd', 'elo_rating', 'life_exp', 'mv_play_dom', 'num_play_dom', 'dom_perc')",0.347859562
"('gdp_usd', 'elo_rating', 'life_exp', 'mv_play_dom', 'num_play_dom', 'int_perc')",0.347859562
"('gdp_usd', 'elo_rating', 'life_exp', 'mv_play_dom', 'num_play_dom', 'dom_perc', 'int_perc')",0.347859562
"('gdp_usd', 'elo_rating', 'num_play_dom', 'num_play_int')",0.347836713
"('elo_rating', 'bmi', 'life_exp', 'dom_int_mv_ratio', 'dom_perc')",0.347710716
"('elo_rating', 'bmi', 'life_exp', 'dom_int_mv_ratio', 'int_perc')",0.347710716
"('elo_rating', 'bmi', 'life_exp', 'dom_int_mv_ratio', 'dom_perc', 'int_perc')",0.347710716
"('gdp_usd', 'elo_rating', 'bmi', 'life_exp', 'mv_play_int', 'num_play_int', 'dom_int_mv_ratio', 'dom_perc')",0.347636675
"('gdp_usd', 'elo_rating', 'bmi', 'life_exp', 'mv_play_int', 'num_play_int', 'dom_int_mv_ratio', 'int_perc')",0.347636675
"('gdp_usd', 'elo_rating', 'bmi', 'life_exp', 'mv_play_int', 'num_play_int', 'dom_int_mv_ratio', 'dom_perc', 'int_perc')",0.347636675
"('mv_usd', 'qol', 'num_play_dom', 'num_play_int', 'dom_perc')",0.34763452
"('mv_usd', 'qol', 'num_play_dom', 'num_play_int', 'int_perc')",0.34763452
"('mv_usd', 'qol', 'num_play_dom', 'num_play_int', 'dom_perc', 'int_perc')",0.34763452
"('gdp_usd', 'elo_rating', 'bmi', 'life_exp', 'mv_play_dom', 'mv_play_int', 'num_play_int', 'dom_perc', 'int_perc')",0.347582546
"('gdp_usd', 'elo_rating', 'bmi', 'life_exp', 'mv_play_dom', 'mv_play_int', 'num_play_int', 'dom_perc')",0.347582546
"('gdp_usd', 'elo_rating', 'bmi', 'life_exp', 'mv_play_dom', 'mv_play_int', 'num_play_int', 'int_perc')",0.347582546
"('mv_usd', 'bmi', 'qol', 'num_play_dom', 'dom_perc')",0.347432612
"('mv_usd', 'bmi', 'qol', 'num_play_dom', 'int_perc')",0.347432612
"('mv_usd', 'bmi', 'qol', 'num_play_dom', 'dom_perc', 'int_perc')",0.347432612
"('gdp_usd', 'elo_rating', 'bmi', 'life_exp', 'mv_play_int', 'num_play_int', 'dom_perc')",0.347349414
"('gdp_usd', 'elo_rating', 'bmi', 'life_exp', 'mv_play_int', 'num_play_int', 'int_perc')",0.347349414
"('gdp_usd', 'elo_rating', 'bmi', 'life_exp', 'mv_play_int', 'num_play_int', 'dom_perc', 'int_perc')",0.347349414
"('mv_usd', 'qol', 'num_play_dom', 'dom_perc')",0.347262251
"('mv_usd', 'qol', 'num_play_dom', 'int_perc')",0.347262251
"('mv_usd', 'qol', 'num_play_dom', 'dom_perc', 'int_perc')",0.347262251
"('gdp_usd', 'bmi', 'life_exp', 'mv_play_dom', 'mv_play_int', 'num_play_int', 'dom_perc')",0.34693791
"('gdp_usd', 'bmi', 'life_exp', 'mv_play_dom', 'mv_play_int', 'num_play_int', 'int_perc')",0.34693791
"('gdp_usd', 'bmi', 'life_exp', 'mv_play_dom', 'mv_play_int', 'num_play_int', 'dom_perc', 'int_perc')",0.34693791
"('gdp_usd', 'mv_usd', 'elo_rating', 'life_exp', 'mv_play_int', 'num_play_int', 'dom_perc', 'int_perc')",0.346808601
"('gdp_usd', 'mv_usd', 'elo_rating', 'life_exp', 'mv_play_int', 'num_play_int', 'dom_perc')",0.346808601
"('gdp_usd', 'mv_usd', 'elo_rating', 'life_exp', 'mv_play_int', 'num_play_int', 'int_perc')",0.346808601
"('gdp_usd', 'mv_usd', 'life_exp', 'mv_play_int', 'num_play_int', 'dom_perc')",0.346729568
"('gdp_usd', 'mv_usd', 'life_exp', 'mv_play_int', 'num_play_int', 'int_perc')",0.346729568
"('gdp_usd', 'mv_usd', 'life_exp', 'mv_play_int', 'num_play_int', 'dom_perc', 'int_perc')",0.346729568
"('mv_usd', 'bmi', 'life_exp', 'qol', 'num_play_dom', 'num_play_int')",0.346686238
"('gdp_usd', 'elo_rating', 'mv_play_dom', 'num_play_dom', 'mv_play_int', 'dom_int_mv_ratio', 'dom_perc')",0.346582427
"('gdp_usd', 'elo_rating', 'mv_play_dom', 'num_play_dom', 'mv_play_int', 'dom_int_mv_ratio', 'int_perc')",0.346582427
"('gdp_usd', 'elo_rating', 'mv_play_dom', 'num_play_dom', 'mv_play_int', 'dom_int_mv_ratio', 'dom_perc', 'int_perc')",0.346582427
"('elo_rating', 'life_exp', 'qol', 'mv_play_int')",0.346510882
"('gdp_usd', 'mv_usd', 'elo_rating', 'bmi', 'qol', 'mv_play_int', 'num_play_int', 'dom_int_mv_ratio')",0.346501932
"('gdp_usd', 'mv_usd', 'elo_rating', 'bmi', 'qol', 'num_play_int', 'dom_int_mv_ratio')",0.346445954
"('elo_rating', 'qol', 'mv_play_int')",0.346399431
"('gdp_usd', 'elo_rating', 'mv_play_dom', 'num_play_dom', 'mv_play_int', 'dom_perc')",0.346381966
"('gdp_usd', 'elo_rating', 'mv_play_dom', 'num_play_dom', 'mv_play_int', 'int_perc')",0.346381966
"('gdp_usd', 'elo_rating', 'mv_play_dom', 'num_play_dom', 'mv_play_int', 'dom_perc', 'int_perc')",0.346381966
"('gdp_usd', 'mv_play_dom', 'num_play_dom', 'mv_play_int', 'dom_int_mv_ratio', 'dom_perc')",0.346166006
"('gdp_usd', 'mv_play_dom', 'num_play_dom', 'mv_play_int', 'dom_int_mv_ratio', 'int_perc')",0.346166006
"('gdp_usd', 'mv_play_dom', 'num_play_dom', 'mv_play_int', 'dom_int_mv_ratio', 'dom_perc', 'int_perc')",0.346166006
"('gdp_usd', 'mv_usd', 'elo_rating', 'mv_play_int', 'num_play_int', 'dom_perc')",0.34590291
"('gdp_usd', 'mv_usd', 'elo_rating', 'mv_play_int', 'num_play_int', 'int_perc')",0.34590291
"('gdp_usd', 'mv_usd', 'elo_rating', 'mv_play_int', 'num_play_int', 'dom_perc', 'int_perc')",0.34590291
"('gdp_usd', 'bmi', 'life_exp', 'mv_play_int', 'num_play_int', 'dom_int_mv_ratio', 'dom_perc')",0.345841354
"('gdp_usd', 'bmi', 'life_exp', 'mv_play_int', 'num_play_int', 'dom_int_mv_ratio', 'int_perc')",0.345841354
"('gdp_usd', 'bmi', 'life_exp', 'mv_play_int', 'num_play_int', 'dom_int_mv_ratio', 'dom_perc', 'int_perc')",0.345841354
"('gdp_usd', 'mv_play_dom', 'num_play_dom', 'mv_play_int', 'dom_perc')",0.345818981
"('gdp_usd', 'mv_play_dom', 'num_play_dom', 'mv_play_int', 'int_perc')",0.345818981
"('gdp_usd', 'mv_play_dom', 'num_play_dom', 'mv_play_int', 'dom_perc', 'int_perc')",0.345818981
"('gdp_usd', 'mv_usd', 'mv_play_int', 'num_play_int', 'dom_perc')",0.345774029
"('gdp_usd', 'mv_usd', 'mv_play_int', 'num_play_int', 'int_perc')",0.345774029
"('gdp_usd', 'mv_usd', 'mv_play_int', 'num_play_int', 'dom_perc', 'int_perc')",0.345774029
"('gdp_usd', 'bmi', 'life_exp', 'mv_play_int', 'num_play_int', 'int_perc')",0.345622907
"('gdp_usd', 'bmi', 'life_exp', 'mv_play_int', 'num_play_int', 'dom_perc', 'int_perc')",0.345622907
"('gdp_usd', 'bmi', 'life_exp', 'mv_play_int', 'num_play_int', 'dom_perc')",0.345622907
"('gdp_usd', 'mv_usd', 'bmi', 'qol', 'mv_play_dom', 'num_play_int', 'dom_int_mv_ratio')",0.34551226
"('gdp_usd', 'mv_usd', 'life_exp', 'qol', 'mv_play_dom', 'num_play_int')",0.345493733
"('power_rating', 'life_exp', 'qol', 'mv_play_dom', 'dom_int_mv_ratio')",0.345262755
"('gdp_usd', 'mv_usd', 'life_exp', 'qol', 'num_play_int')",0.345108603
"('mv_usd', 'life_exp', 'qol', 'num_play_dom', 'num_play_int')",0.344913175
"('bmi', 'life_exp', 'mv_play_dom', 'dom_int_mv_ratio')",0.344895362
"('mv_usd', 'bmi', 'life_exp', 'num_play_dom', 'num_play_int')",0.344815675
"('power_rating', 'mv_usd', 'life_exp', 'qol', 'dom_int_mv_ratio')",0.344550683
"('gdp_usd', 'life_exp', 'num_play_dom', 'mv_play_int', 'dom_int_mv_ratio', 'dom_perc')",0.344446091
"('gdp_usd', 'life_exp', 'num_play_dom', 'mv_play_int', 'dom_int_mv_ratio', 'int_perc')",0.344446091
"('gdp_usd', 'life_exp', 'num_play_dom', 'mv_play_int', 'dom_int_mv_ratio', 'dom_perc', 'int_perc')",0.344446091
"('gdp_usd', 'life_exp', 'num_play_dom', 'mv_play_int', 'dom_perc')",0.34444606
"('gdp_usd', 'life_exp', 'num_play_dom', 'mv_play_int', 'int_perc')",0.34444606
"('gdp_usd', 'life_exp', 'num_play_dom', 'mv_play_int', 'dom_perc', 'int_perc')",0.34444606
"('gdp_usd', 'mv_usd', 'elo_rating', 'bmi', 'life_exp', 'num_play_dom', 'mv_play_int', 'dom_int_mv_ratio')",0.344368219
"('gdp_usd', 'life_exp', 'mv_play_dom', 'num_play_dom', 'num_play_int', 'dom_int_mv_ratio', 'dom_perc')",0.344308272
"('gdp_usd', 'life_exp', 'mv_play_dom', 'num_play_dom', 'num_play_int', 'dom_int_mv_ratio', 'int_perc')",0.344308272
"('gdp_usd', 'life_exp', 'mv_play_dom', 'num_play_dom', 'num_play_int', 'dom_int_mv_ratio', 'dom_perc', 'int_perc')",0.344308272
"('gdp_usd', 'elo_rating', 'bmi', 'qol', 'mv_play_dom', 'num_play_dom', 'mv_play_int')",0.344275854
"('gdp_usd', 'elo_rating', 'life_exp', 'num_play_dom', 'dom_int_mv_ratio', 'dom_perc')",0.344210414
"('gdp_usd', 'elo_rating', 'life_exp', 'num_play_dom', 'dom_int_mv_ratio', 'int_perc')",0.344210414
"('gdp_usd', 'elo_rating', 'life_exp', 'num_play_dom', 'dom_int_mv_ratio', 'dom_perc', 'int_perc')",0.344210414
"('gdp_usd', 'life_exp', 'mv_play_dom', 'num_play_dom', 'num_play_int', 'dom_perc')",0.344182648
"('gdp_usd', 'life_exp', 'mv_play_dom', 'num_play_dom', 'num_play_int', 'int_perc')",0.344182648
"('gdp_usd', 'life_exp', 'mv_play_dom', 'num_play_dom', 'num_play_int', 'dom_perc', 'int_perc')",0.344182648
"('mv_usd', 'life_exp', 'num_play_dom', 'num_play_int')",0.344042556
"('gdp_usd', 'elo_rating', 'bmi', 'qol', 'num_play_dom', 'mv_play_int')",0.34393725
"('gdp_usd', 'bmi', 'life_exp', 'mv_play_dom', 'num_play_dom', 'num_play_int', 'dom_int_mv_ratio')",0.343888458
"('power_rating', 'qol', 'mv_play_dom', 'dom_int_mv_ratio')",0.343786663
"('bmi', 'life_exp', 'mv_play_dom')",0.343763434
"('gdp_usd', 'elo_rating', 'bmi', 'mv_play_dom', 'mv_play_int', 'num_play_int', 'dom_int_mv_ratio', 'dom_perc')",0.343700645
"('gdp_usd', 'elo_rating', 'bmi', 'mv_play_dom', 'mv_play_int', 'num_play_int', 'dom_int_mv_ratio', 'int_perc')",0.343700645
"('gdp_usd', 'elo_rating', 'bmi', 'mv_play_dom', 'mv_play_int', 'num_play_int', 'dom_int_mv_ratio', 'dom_perc', 'int_perc')",0.343700645
"('elo_rating', 'bmi', 'dom_int_mv_ratio', 'dom_perc')",0.343571043
"('elo_rating', 'bmi', 'dom_int_mv_ratio', 'int_perc')",0.343571043
"('elo_rating', 'bmi', 'dom_int_mv_ratio', 'dom_perc', 'int_perc')",0.343571043
"('gdp_usd', 'elo_rating', 'life_exp', 'num_play_dom', 'dom_perc')",0.34350651
"('gdp_usd', 'elo_rating', 'life_exp', 'num_play_dom', 'int_perc')",0.34350651
"('gdp_usd', 'elo_rating', 'life_exp', 'num_play_dom', 'dom_perc', 'int_perc')",0.34350651
"('gdp_usd', 'bmi', 'mv_play_dom', 'mv_play_int', 'num_play_int', 'dom_int_mv_ratio', 'int_perc')",0.343503218
"('gdp_usd', 'bmi', 'mv_play_dom', 'mv_play_int', 'num_play_int', 'dom_int_mv_ratio', 'dom_perc', 'int_perc')",0.343503218
"('gdp_usd', 'bmi', 'mv_play_dom', 'mv_play_int', 'num_play_int', 'dom_int_mv_ratio', 'dom_perc')",0.343503218
"('gdp_usd', 'bmi', 'life_exp', 'mv_play_dom', 'num_play_dom', 'num_play_int')",0.343367767
"('gdp_usd', 'mv_usd', 'elo_rating', 'bmi', 'num_play_dom', 'mv_play_int', 'dom_int_mv_ratio')",0.34330475
"('gdp_usd', 'elo_rating', 'qol', 'mv_play_dom', 'num_play_dom', 'mv_play_int')",0.343250271
"('gdp_usd', 'elo_rating', 'bmi', 'mv_play_int', 'num_play_int', 'dom_int_mv_ratio', 'dom_perc')",0.343168437
"('gdp_usd', 'elo_rating', 'bmi', 'mv_play_int', 'num_play_int', 'dom_int_mv_ratio', 'int_perc')",0.343168437
"('gdp_usd', 'elo_rating', 'bmi', 'mv_play_int', 'num_play_int', 'dom_int_mv_ratio', 'dom_perc', 'int_perc')",0.343168437
"('gdp_usd', 'elo_rating', 'qol', 'num_play_dom', 'mv_play_int')",0.343047176
"('power_rating', 'mv_usd', 'qol', 'dom_int_mv_ratio')",0.343035476
"('power_rating', 'life_exp', 'qol', 'dom_int_mv_ratio')",0.342858241
"('power_rating', 'bmi', 'life_exp', 'qol', 'num_play_dom', 'num_play_int')",0.342503067
"('gdp_usd', 'elo_rating', 'num_play_dom', 'mv_play_int', 'dom_int_mv_ratio', 'dom_perc')",0.342380958
"('gdp_usd', 'elo_rating', 'num_play_dom', 'mv_play_int', 'dom_int_mv_ratio', 'int_perc')",0.342380958
"('gdp_usd', 'elo_rating', 'num_play_dom', 'mv_play_int', 'dom_int_mv_ratio', 'dom_perc', 'int_perc')",0.342380958
"('power_rating', 'gdp_usd', 'bmi', 'dom_int_mv_ratio', 'dom_perc')",0.342364943
"('power_rating', 'gdp_usd', 'bmi', 'dom_int_mv_ratio', 'int_perc')",0.342364943
"('power_rating', 'gdp_usd', 'bmi', 'dom_int_mv_ratio', 'dom_perc', 'int_perc')",0.342364943
"('gdp_usd', 'mv_usd', 'life_exp', 'mv_play_dom', 'num_play_dom', 'mv_play_int')",0.342338739
"('gdp_usd', 'mv_usd', 'mv_play_dom', 'num_play_dom', 'mv_play_int')",0.34233864
"('gdp_usd', 'elo_rating', 'bmi', 'mv_play_dom', 'mv_play_int', 'num_play_int', 'dom_perc')",0.342211471
"('gdp_usd', 'elo_rating', 'bmi', 'mv_play_dom', 'mv_play_int', 'num_play_int', 'int_perc')",0.342211471
"('gdp_usd', 'elo_rating', 'bmi', 'mv_play_dom', 'mv_play_int', 'num_play_int', 'dom_perc', 'int_perc')",0.342211471
"('gdp_usd', 'elo_rating', 'bmi', 'mv_play_int', 'num_play_int', 'dom_perc')",0.342191031
"('gdp_usd', 'elo_rating', 'bmi', 'mv_play_int', 'num_play_int', 'int_perc')",0.342191031
"('gdp_usd', 'elo_rating', 'bmi', 'mv_play_int', 'num_play_int', 'dom_perc', 'int_perc')",0.342191031
"('gdp_usd', 'elo_rating', 'num_play_dom', 'mv_play_int', 'dom_perc')",0.34208692
"('gdp_usd', 'elo_rating', 'num_play_dom', 'mv_play_int', 'int_perc')",0.34208692
"('gdp_usd', 'elo_rating', 'num_play_dom', 'mv_play_int', 'dom_perc', 'int_perc')",0.34208692
"('power_rating', 'gdp_usd', 'mv_usd', 'mv_play_dom', 'dom_perc')",0.34198796
"('power_rating', 'gdp_usd', 'mv_usd', 'mv_play_dom', 'int_perc')",0.34198796
"('power_rating', 'gdp_usd', 'mv_usd', 'mv_play_dom', 'dom_perc', 'int_perc')",0.34198796
"('gdp_usd', 'elo_rating', 'mv_play_dom', 'num_play_dom', 'dom_int_mv_ratio', 'dom_perc')",0.341906764
"('gdp_usd', 'elo_rating', 'mv_play_dom', 'num_play_dom', 'dom_int_mv_ratio', 'int_perc')",0.341906764
"('gdp_usd', 'elo_rating', 'mv_play_dom', 'num_play_dom', 'dom_int_mv_ratio', 'dom_perc', 'int_perc')",0.341906764
"('gdp_usd', 'bmi', 'mv_play_int', 'num_play_int', 'dom_int_mv_ratio', 'dom_perc')",0.341901716
"('gdp_usd', 'bmi', 'mv_play_int', 'num_play_int', 'dom_int_mv_ratio', 'int_perc')",0.341901716
"('gdp_usd', 'bmi', 'mv_play_int', 'num_play_int', 'dom_int_mv_ratio', 'dom_perc', 'int_perc')",0.341901716
"('gdp_usd', 'mv_usd', 'bmi', 'qol', 'mv_play_int', 'num_play_int', 'dom_int_mv_ratio')",0.341872365
"('gdp_usd', 'bmi', 'mv_play_dom', 'num_play_dom', 'num_play_int', 'dom_int_mv_ratio')",0.341834551
"('elo_rating', 'life_exp', 'dom_int_mv_ratio', 'dom_perc')",0.341729523
"('elo_rating', 'life_exp', 'dom_int_mv_ratio', 'int_perc')",0.341729523
"('elo_rating', 'life_exp', 'dom_int_mv_ratio', 'dom_perc', 'int_perc')",0.341729523
"('gdp_usd', 'life_exp', 'mv_play_dom', 'num_play_dom', 'dom_int_mv_ratio', 'dom_perc')",0.341678745
"('gdp_usd', 'life_exp', 'mv_play_dom', 'num_play_dom', 'dom_int_mv_ratio', 'int_perc')",0.341678745
"('gdp_usd', 'life_exp', 'mv_play_dom', 'num_play_dom', 'dom_int_mv_ratio', 'dom_perc', 'int_perc')",0.341678745
"('gdp_usd', 'life_exp', 'mv_play_dom', 'num_play_dom', 'dom_perc')",0.341672832
"('gdp_usd', 'life_exp', 'mv_play_dom', 'num_play_dom', 'int_perc')",0.341672832
"('gdp_usd', 'life_exp', 'mv_play_dom', 'num_play_dom', 'dom_perc', 'int_perc')",0.341672832
"('gdp_usd', 'elo_rating', 'mv_play_dom', 'num_play_dom', 'dom_perc')",0.341649967
"('gdp_usd', 'elo_rating', 'mv_play_dom', 'num_play_dom', 'int_perc')",0.341649967
"('gdp_usd', 'elo_rating', 'mv_play_dom', 'num_play_dom', 'dom_perc', 'int_perc')",0.341649967
"('gdp_usd', 'bmi', 'mv_play_dom', 'mv_play_int', 'num_play_int', 'dom_perc')",0.341608082
"('gdp_usd', 'bmi', 'mv_play_dom', 'mv_play_int', 'num_play_int', 'int_perc')",0.341608082
"('gdp_usd', 'bmi', 'mv_play_dom', 'mv_play_int', 'num_play_int', 'dom_perc', 'int_perc')",0.341608082
"('bmi', 'qol', 'mv_play_dom', 'mv_play_int', 'dom_int_mv_ratio')",0.341576509
"('gdp_usd', 'bmi', 'mv_play_dom', 'num_play_dom', 'num_play_int')",0.341536333
"('gdp_usd', 'mv_usd', 'elo_rating', 'life_exp', 'num_play_int', 'dom_int_mv_ratio', 'dom_perc')",0.341430199
"('gdp_usd', 'mv_usd', 'elo_rating', 'life_exp', 'num_play_int', 'dom_int_mv_ratio', 'int_perc')",0.341430199
"('gdp_usd', 'mv_usd', 'elo_rating', 'life_exp', 'num_play_int', 'dom_int_mv_ratio', 'dom_perc', 'int_perc')",0.341430199
"('power_rating', 'qol', 'dom_int_mv_ratio')",0.341407534
"('gdp_usd', 'bmi', 'mv_play_int', 'num_play_int', 'dom_perc')",0.341079363
"('gdp_usd', 'bmi', 'mv_play_int', 'num_play_int', 'int_perc')",0.341079363
"('gdp_usd', 'bmi', 'mv_play_int', 'num_play_int', 'dom_perc', 'int_perc')",0.341079363
"('gdp_usd', 'mv_usd', 'elo_rating', 'num_play_int', 'dom_int_mv_ratio', 'dom_perc')",0.341078148
"('gdp_usd', 'mv_usd', 'elo_rating', 'num_play_int', 'dom_int_mv_ratio', 'int_perc')",0.341078148
"('gdp_usd', 'mv_usd', 'elo_rating', 'num_play_int', 'dom_int_mv_ratio', 'dom_perc', 'int_perc')",0.341078148
"('elo_rating', 'dom_int_mv_ratio', 'dom_perc')",0.34094584
"('elo_rating', 'dom_int_mv_ratio', 'int_perc')",0.34094584
"('elo_rating', 'dom_int_mv_ratio', 'dom_perc', 'int_perc')",0.34094584
"('gdp_usd', 'mv_play_dom', 'num_play_dom', 'num_play_int', 'dom_int_mv_ratio', 'dom_perc')",0.340847757
"('gdp_usd', 'mv_play_dom', 'num_play_dom', 'num_play_int', 'dom_int_mv_ratio', 'int_perc')",0.340847757
"('gdp_usd', 'mv_play_dom', 'num_play_dom', 'num_play_int', 'dom_int_mv_ratio', 'dom_perc', 'int_perc')",0.340847757
"('bmi', 'life_exp', 'num_play_int', 'dom_int_mv_ratio')",0.340847265
"('power_rating', 'gdp_usd', 'mv_usd', 'bmi', 'life_exp', 'qol', 'num_play_int')",0.340537562
"('power_rating', 'gdp_usd', 'mv_usd', 'bmi', 'qol', 'num_play_int')",0.340537039
"('bmi', 'qol', 'mv_play_int', 'dom_int_mv_ratio')",0.3404463
"('power_rating', 'gdp_usd', 'bmi', 'mv_play_dom', 'dom_perc')",0.340378204
"('power_rating', 'gdp_usd', 'bmi', 'mv_play_dom', 'int_perc')",0.340378204
"('power_rating', 'gdp_usd', 'bmi', 'mv_play_dom', 'dom_perc', 'int_perc')",0.340378204
"('bmi', 'qol', 'mv_play_dom', 'num_play_int', 'dom_int_mv_ratio')",0.340356349
"('gdp_usd', 'elo_rating', 'life_exp', 'qol', 'mv_play_dom', 'mv_play_int', 'num_play_int', 'dom_int_mv_ratio')",0.339995289
"('gdp_usd', 'life_exp', 'qol', 'mv_play_dom', 'mv_play_int', 'num_play_int', 'dom_int_mv_ratio')",0.339988157
"('gdp_usd', 'mv_play_dom', 'num_play_dom', 'num_play_int', 'dom_perc')",0.339972233
"('gdp_usd', 'mv_play_dom', 'num_play_dom', 'num_play_int', 'int_perc')",0.339972233
"('gdp_usd', 'mv_play_dom', 'num_play_dom', 'num_play_int', 'dom_perc', 'int_perc')",0.339972233
"('gdp_usd', 'elo_rating', 'life_exp', 'qol', 'mv_play_dom', 'mv_play_int', 'num_play_int')",0.339630316
"('bmi', 'life_exp', 'dom_int_mv_ratio')",0.339613691
"('gdp_usd', 'life_exp', 'qol', 'mv_play_dom', 'mv_play_int', 'num_play_int')",0.339573969
"('power_rating', 'life_exp', 'qol', 'num_play_dom', 'num_play_int')",0.339506256
"('power_rating', 'gdp_usd', 'mv_usd', 'bmi', 'life_exp', 'qol')",0.339499376
"('elo_rating', 'num_play_dom', 'dom_perc')",0.339485479
"('elo_rating', 'num_play_dom', 'int_perc')",0.339485479
"('elo_rating', 'num_play_dom', 'dom_perc', 'int_perc')",0.339485479
"('gdp_usd', 'mv_usd', 'life_exp', 'num_play_int', 'dom_int_mv_ratio', 'dom_perc')",0.339355415
"('gdp_usd', 'mv_usd', 'life_exp', 'num_play_int', 'dom_int_mv_ratio', 'int_perc')",0.339355415
"('gdp_usd', 'mv_usd', 'life_exp', 'num_play_int', 'dom_int_mv_ratio', 'dom_perc', 'int_perc')",0.339355415
"('power_rating', 'gdp_usd', 'mv_usd', 'bmi', 'qol')",0.339316241
"('power_rating', 'gdp_usd', 'bmi', 'qol', 'num_play_dom', 'num_play_int')",0.339224951
"('gdp_usd', 'bmi', 'life_exp', 'num_play_dom', 'num_play_int', 'dom_int_mv_ratio', 'dom_perc')",0.339180613
"('gdp_usd', 'bmi', 'life_exp', 'num_play_dom', 'num_play_int', 'dom_int_mv_ratio', 'int_perc')",0.339180613
"('gdp_usd', 'bmi', 'life_exp', 'num_play_dom', 'num_play_int', 'dom_int_mv_ratio', 'dom_perc', 'int_perc')",0.339180613
"('gdp_usd', 'mv_usd', 'num_play_int', 'dom_int_mv_ratio', 'dom_perc')",0.339155282
"('gdp_usd', 'mv_usd', 'num_play_int', 'dom_int_mv_ratio', 'int_perc')",0.339155282
"('gdp_usd', 'mv_usd', 'num_play_int', 'dom_int_mv_ratio', 'dom_perc', 'int_perc')",0.339155282
"('gdp_usd', 'bmi', 'num_play_dom', 'num_play_int', 'dom_int_mv_ratio', 'dom_perc')",0.339107114
"('gdp_usd', 'bmi', 'num_play_dom', 'num_play_int', 'dom_int_mv_ratio', 'int_perc')",0.339107114
"('gdp_usd', 'bmi', 'num_play_dom', 'num_play_int', 'dom_int_mv_ratio', 'dom_perc', 'int_perc')",0.339107114
"('gdp_usd', 'mv_usd', 'elo_rating', 'bmi', 'life_exp', 'mv_play_int', 'num_play_int', 'dom_int_mv_ratio')",0.33878735
"('mv_usd', 'bmi', 'life_exp', 'qol', 'dom_perc')",0.338542483
"('mv_usd', 'bmi', 'life_exp', 'qol', 'int_perc')",0.338542483
"('mv_usd', 'bmi', 'life_exp', 'qol', 'dom_perc', 'int_perc')",0.338542483
"('gdp_usd', 'num_play_dom', 'mv_play_int', 'dom_int_mv_ratio', 'dom_perc')",0.338459667
"('gdp_usd', 'num_play_dom', 'mv_play_int', 'dom_int_mv_ratio', 'int_perc')",0.338459667
"('gdp_usd', 'num_play_dom', 'mv_play_int', 'dom_int_mv_ratio', 'dom_perc', 'int_perc')",0.338459667
"('gdp_usd', 'mv_usd', 'elo_rating', 'life_exp', 'num_play_int', 'dom_perc')",0.338451865
"('gdp_usd', 'mv_usd', 'elo_rating', 'life_exp', 'num_play_int', 'dom_perc', 'int_perc')",0.338451865
"('gdp_usd', 'mv_usd', 'elo_rating', 'life_exp', 'num_play_int', 'int_perc')",0.338451865
"('gdp_usd', 'elo_rating', 'num_play_dom', 'dom_int_mv_ratio', 'dom_perc')",0.338406324
"('gdp_usd', 'elo_rating', 'num_play_dom', 'dom_int_mv_ratio', 'int_perc')",0.338406324
"('gdp_usd', 'elo_rating', 'num_play_dom', 'dom_int_mv_ratio', 'dom_perc', 'int_perc')",0.338406324
"('mv_usd', 'bmi', 'qol', 'num_play_int', 'dom_perc')",0.338148142
"('mv_usd', 'bmi', 'qol', 'num_play_int', 'int_perc')",0.338148142
"('mv_usd', 'bmi', 'qol', 'num_play_int', 'dom_perc', 'int_perc')",0.338148142
"('gdp_usd', 'num_play_dom', 'mv_play_int', 'dom_perc')",0.33806529
"('gdp_usd', 'num_play_dom', 'mv_play_int', 'int_perc')",0.33806529
"('gdp_usd', 'num_play_dom', 'mv_play_int', 'dom_perc', 'int_perc')",0.33806529
"('gdp_usd', 'mv_usd', 'elo_rating', 'bmi', 'life_exp', 'num_play_int', 'dom_int_mv_ratio')",0.337900918
"('bmi', 'qol', 'mv_play_dom', 'num_play_int')",0.33771558
"('power_rating', 'bmi', 'dom_int_mv_ratio', 'dom_perc')",0.337587947
"('power_rating', 'bmi', 'dom_int_mv_ratio', 'int_perc')",0.337587947
"('power_rating', 'bmi', 'dom_int_mv_ratio', 'dom_perc', 'int_perc')",0.337587947
"('gdp_usd', 'mv_usd', 'elo_rating', 'num_play_int', 'dom_perc')",0.33754134
"('gdp_usd', 'mv_usd', 'elo_rating', 'num_play_int', 'int_perc')",0.33754134
"('gdp_usd', 'mv_usd', 'elo_rating', 'num_play_int', 'dom_perc', 'int_perc')",0.33754134
"('mv_usd', 'qol', 'num_play_int', 'dom_perc')",0.337453663
"('mv_usd', 'qol', 'num_play_int', 'int_perc')",0.337453663
"('mv_usd', 'qol', 'num_play_int', 'dom_perc', 'int_perc')",0.337453663
"('gdp_usd', 'mv_usd', 'bmi', 'qol', 'num_play_int', 'dom_int_mv_ratio')",0.33744991
"('power_rating', 'gdp_usd', 'mv_usd', 'dom_perc')",0.337209736
"('power_rating', 'gdp_usd', 'mv_usd', 'int_perc')",0.337209736
"('power_rating', 'gdp_usd', 'mv_usd', 'dom_perc', 'int_perc')",0.337209736
"('power_rating', 'gdp_usd', 'mv_usd', 'bmi', 'life_exp', 'mv_play_dom', 'num_play_int')",0.336879738
"('power_rating', 'gdp_usd', 'mv_usd', 'life_exp', 'mv_play_dom', 'num_play_int')",0.336816134
"('gdp_usd', 'mv_usd', 'elo_rating', 'bmi', 'life_exp', 'mv_play_dom', 'mv_play_int', 'num_play_int')",0.336416697
"('gdp_usd', 'mv_usd', 'bmi', 'life_exp', 'mv_play_dom', 'mv_play_int', 'num_play_int')",0.336334704
"('gdp_usd', 'mv_usd', 'elo_rating', 'qol', 'mv_play_dom', 'mv_play_int', 'num_play_int', 'dom_int_mv_ratio')",0.336282434
"('gdp_usd', 'mv_usd', 'life_exp', 'num_play_int', 'dom_perc')",0.336120879
"('gdp_usd', 'mv_usd', 'life_exp', 'num_play_int', 'int_perc')",0.336120879
"('gdp_usd', 'mv_usd', 'life_exp', 'num_play_int', 'dom_perc', 'int_perc')",0.336120879
"('gdp_usd', 'bmi', 'life_exp', 'qol', 'mv_play_dom', 'num_play_dom', 'mv_play_int', 'dom_int_mv_ratio')",0.336057303
"('gdp_usd', 'life_exp', 'qol', 'mv_play_dom', 'num_play_dom', 'mv_play_int', 'dom_int_mv_ratio')",0.336057153
"('gdp_usd', 'elo_rating', 'num_play_dom', 'dom_perc')",0.336013103
"('gdp_usd', 'elo_rating', 'num_play_dom', 'int_perc')",0.336013103
"('gdp_usd', 'elo_rating', 'num_play_dom', 'dom_perc', 'int_perc')",0.336013103
"('gdp_usd', 'mv_usd', 'qol', 'mv_play_dom', 'mv_play_int', 'num_play_int', 'dom_int_mv_ratio')",0.33595695
"('gdp_usd', 'mv_usd', 'num_play_int', 'dom_perc')",0.335460851
"('gdp_usd', 'mv_usd', 'num_play_int', 'int_perc')",0.335460851
"('gdp_usd', 'mv_usd', 'num_play_int', 'dom_perc', 'int_perc')",0.335460851
"('gdp_usd', 'mv_play_dom', 'num_play_dom', 'dom_int_mv_ratio', 'dom_perc')",0.335314266
"('gdp_usd', 'mv_play_dom', 'num_play_dom', 'dom_int_mv_ratio', 'int_perc')",0.335314266
"('gdp_usd', 'mv_play_dom', 'num_play_dom', 'dom_int_mv_ratio', 'dom_perc', 'int_perc')",0.335314266
"('gdp_usd', 'elo_rating', 'bmi', 'life_exp', 'mv_play_dom', 'num_play_int', 'dom_int_mv_ratio', 'dom_perc')",0.335267852
"('gdp_usd', 'elo_rating', 'bmi', 'life_exp', 'mv_play_dom', 'num_play_int', 'dom_int_mv_ratio', 'int_perc')",0.335267852
"('gdp_usd', 'elo_rating', 'bmi', 'life_exp', 'mv_play_dom', 'num_play_int', 'dom_int_mv_ratio', 'dom_perc', 'int_perc')",0.335267852
"('gdp_usd', 'elo_rating', 'bmi', 'life_exp', 'num_play_int', 'dom_int_mv_ratio', 'dom_perc')",0.335156153
"('gdp_usd', 'elo_rating', 'bmi', 'life_exp', 'num_play_int', 'dom_int_mv_ratio', 'int_perc')",0.335156153
"('gdp_usd', 'elo_rating', 'bmi', 'life_exp', 'num_play_int', 'dom_int_mv_ratio', 'dom_perc', 'int_perc')",0.335156153
"('gdp_usd', 'mv_usd', 'elo_rating', 'life_exp', 'mv_play_dom', 'num_play_dom', 'dom_int_mv_ratio')",0.335083098
"('gdp_usd', 'mv_usd', 'life_exp', 'mv_play_dom', 'num_play_dom', 'dom_int_mv_ratio')",0.335014815
"('gdp_usd', 'bmi', 'life_exp', 'num_play_dom', 'dom_int_mv_ratio', 'dom_perc')",0.334934409
"('gdp_usd', 'bmi', 'life_exp', 'num_play_dom', 'dom_int_mv_ratio', 'int_perc')",0.334934409
"('gdp_usd', 'bmi', 'life_exp', 'num_play_dom', 'dom_int_mv_ratio', 'dom_perc', 'int_perc')",0.334934409
"('power_rating', 'mv_usd', 'mv_play_dom', 'dom_perc')",0.334853624
"('power_rating', 'mv_usd', 'mv_play_dom', 'int_perc')",0.334853624
"('power_rating', 'mv_usd', 'mv_play_dom', 'dom_perc', 'int_perc')",0.334853624
"('gdp_usd', 'bmi', 'num_play_dom', 'dom_int_mv_ratio', 'dom_perc')",0.334842194
"('gdp_usd', 'bmi', 'num_play_dom', 'dom_int_mv_ratio', 'int_perc')",0.334842194
"('gdp_usd', 'bmi', 'num_play_dom', 'dom_int_mv_ratio', 'dom_perc', 'int_perc')",0.334842194
"('gdp_usd', 'mv_play_dom', 'num_play_dom', 'dom_perc')",0.334771276
"('gdp_usd', 'mv_play_dom', 'num_play_dom', 'int_perc')",0.334771276
"('gdp_usd', 'mv_play_dom', 'num_play_dom', 'dom_perc', 'int_perc')",0.334771276
"('gdp_usd', 'elo_rating', 'bmi', 'life_exp', 'mv_play_dom', 'num_play_int', 'dom_perc')",0.33471176
"('gdp_usd', 'elo_rating', 'bmi', 'life_exp', 'mv_play_dom', 'num_play_int', 'int_perc')",0.33471176
"('gdp_usd', 'elo_rating', 'bmi', 'life_exp', 'mv_play_dom', 'num_play_int', 'dom_perc', 'int_perc')",0.33471176
"('gdp_usd', 'mv_usd', 'elo_rating', 'bmi', 'qol', 'mv_play_dom', 'mv_play_int', 'num_play_int')",0.334626661
"('gdp_usd', 'mv_usd', 'bmi', 'life_exp', 'mv_play_int', 'num_play_int', 'dom_int_mv_ratio')",0.334620089
"('gdp_usd', 'mv_usd', 'bmi', 'qol', 'mv_play_dom', 'mv_play_int', 'num_play_int')",0.334602345
"('gdp_usd', 'mv_usd', 'elo_rating', 'mv_play_dom', 'num_play_dom', 'dom_int_mv_ratio')",0.334492049
"('gdp_usd', 'mv_usd', 'mv_play_dom', 'num_play_dom', 'dom_int_mv_ratio')",0.334440795
"('gdp_usd', 'elo_rating', 'life_exp', 'mv_play_dom', 'mv_play_int', 'num_play_int', 'dom_int_mv_ratio', 'dom_perc')",0.334432392
"('gdp_usd', 'elo_rating', 'life_exp', 'mv_play_dom', 'mv_play_int', 'num_play_int', 'dom_int_mv_ratio', 'int_perc')",0.334432392
"('gdp_usd', 'elo_rating', 'life_exp', 'mv_play_dom', 'mv_play_int', 'num_play_int', 'dom_int_mv_ratio', 'dom_perc', 'int_perc')",0.334432392
"('gdp_usd', 'elo_rating', 'life_exp', 'mv_play_int', 'num_play_int', 'dom_int_mv_ratio', 'dom_perc')",0.334429872
"('gdp_usd', 'elo_rating', 'life_exp', 'mv_play_int', 'num_play_int', 'dom_int_mv_ratio', 'int_perc')",0.334429872
"('gdp_usd', 'elo_rating', 'life_exp', 'mv_play_int', 'num_play_int', 'dom_int_mv_ratio', 'dom_perc', 'int_perc')",0.334429872
"('gdp_usd', 'bmi', 'life_exp', 'qol', 'mv_play_dom', 'num_play_dom', 'mv_play_int')",0.33433811
"('gdp_usd', 'mv_usd', 'bmi', 'life_exp', 'num_play_int', 'dom_int_mv_ratio')",0.334336277
"('gdp_usd', 'elo_rating', 'mv_play_dom', 'mv_play_int', 'num_play_int', 'dom_int_mv_ratio', 'dom_perc')",0.334325795
"('gdp_usd', 'elo_rating', 'mv_play_dom', 'mv_play_int', 'num_play_int', 'dom_int_mv_ratio', 'int_perc')",0.334325795
"('gdp_usd', 'elo_rating', 'mv_play_dom', 'mv_play_int', 'num_play_int', 'dom_int_mv_ratio', 'dom_perc', 'int_perc')",0.334325795
"('gdp_usd', 'elo_rating', 'mv_play_int', 'num_play_int', 'dom_int_mv_ratio', 'dom_perc')",0.334325195
"('gdp_usd', 'elo_rating', 'mv_play_int', 'num_play_int', 'dom_int_mv_ratio', 'int_perc')",0.334325195
"('gdp_usd', 'elo_rating', 'mv_play_int', 'num_play_int', 'dom_int_mv_ratio', 'dom_perc', 'int_perc')",0.334325195
"('gdp_usd', 'life_exp', 'qol', 'mv_play_dom', 'num_play_dom', 'mv_play_int')",0.334308648
"('gdp_usd', 'elo_rating', 'life_exp', 'mv_play_dom', 'mv_play_int', 'num_play_int', 'dom_perc')",0.334307109
"('gdp_usd', 'elo_rating', 'life_exp', 'mv_play_dom', 'mv_play_int', 'num_play_int', 'int_perc')",0.334307109
"('gdp_usd', 'elo_rating', 'life_exp', 'mv_play_dom', 'mv_play_int', 'num_play_int', 'dom_perc', 'int_perc')",0.334307109
"('gdp_usd', 'mv_usd', 'elo_rating', 'bmi', 'mv_play_dom', 'mv_play_int', 'num_play_int', 'dom_int_mv_ratio')",0.334279482
"('gdp_usd', 'elo_rating', 'life_exp', 'mv_play_int', 'num_play_int', 'dom_perc')",0.334248095
"('gdp_usd', 'elo_rating', 'life_exp', 'mv_play_int', 'num_play_int', 'int_perc')",0.334248095
"('gdp_usd', 'elo_rating', 'life_exp', 'mv_play_int', 'num_play_int', 'dom_perc', 'int_perc')",0.334248095
"('gdp_usd', 'elo_rating', 'mv_play_dom', 'mv_play_int', 'num_play_int', 'dom_perc')",0.334118733
"('gdp_usd', 'elo_rating', 'mv_play_dom', 'mv_play_int', 'num_play_int', 'int_perc')",0.334118733
"('gdp_usd', 'elo_rating', 'mv_play_dom', 'mv_play_int', 'num_play_int', 'dom_perc', 'int_perc')",0.334118733
"('gdp_usd', 'elo_rating', 'bmi', 'life_exp', 'num_play_int', 'dom_perc')",0.33410998
"('gdp_usd', 'elo_rating', 'bmi', 'life_exp', 'num_play_int', 'int_perc')",0.33410998
"('gdp_usd', 'elo_rating', 'bmi', 'life_exp', 'num_play_int', 'dom_perc', 'int_perc')",0.33410998
"('gdp_usd', 'elo_rating', 'mv_play_int', 'num_play_int', 'dom_perc')",0.334048536
"('gdp_usd', 'elo_rating', 'mv_play_int', 'num_play_int', 'int_perc')",0.334048536
"('gdp_usd', 'elo_rating', 'mv_play_int', 'num_play_int', 'dom_perc', 'int_perc')",0.334048536
"('gdp_usd', 'mv_usd', 'elo_rating', 'bmi', 'mv_play_dom', 'num_play_int', 'dom_int_mv_ratio')",0.334023032
"('bmi', 'life_exp', 'mv_play_int', 'num_play_int')",0.33358763
"('bmi', 'life_exp', 'mv_play_int')",0.333530758
"('gdp_usd', 'elo_rating', 'life_exp', 'qol', 'mv_play_dom', 'num_play_int', 'dom_int_mv_ratio')",0.333380977
"('gdp_usd', 'mv_usd', 'bmi', 'mv_play_dom', 'mv_play_int', 'num_play_int', 'dom_int_mv_ratio')",0.333233781
"('power_rating', 'gdp_usd', 'mv_usd', 'bmi', 'life_exp', 'mv_play_dom', 'dom_int_mv_ratio')",0.333121933
"('power_rating', 'gdp_usd', 'mv_usd', 'life_exp', 'mv_play_dom', 'dom_int_mv_ratio')",0.332992443
"('gdp_usd', 'elo_rating', 'life_exp', 'qol', 'mv_play_dom', 'num_play_int')",0.332938336
"('power_rating', 'bmi', 'mv_play_dom', 'int_perc')",0.332930364
"('power_rating', 'bmi', 'mv_play_dom', 'dom_perc')",0.332930364
"('power_rating', 'bmi', 'mv_play_dom', 'dom_perc', 'int_perc')",0.332930364
"('gdp_usd', 'life_exp', 'mv_play_dom', 'mv_play_int', 'num_play_int', 'dom_int_mv_ratio', 'dom_perc')",0.332910404
"('gdp_usd', 'life_exp', 'mv_play_dom', 'mv_play_int', 'num_play_int', 'dom_int_mv_ratio', 'int_perc')",0.332910404
"('gdp_usd', 'life_exp', 'mv_play_dom', 'mv_play_int', 'num_play_int', 'dom_int_mv_ratio', 'dom_perc', 'int_perc')",0.332910404
"('gdp_usd', 'mv_play_dom', 'mv_play_int', 'num_play_int', 'dom_int_mv_ratio', 'dom_perc')",0.332894417
"('gdp_usd', 'mv_play_dom', 'mv_play_int', 'num_play_int', 'dom_int_mv_ratio', 'int_perc')",0.332894417
"('gdp_usd', 'mv_play_dom', 'mv_play_int', 'num_play_int', 'dom_int_mv_ratio', 'dom_perc', 'int_perc')",0.332894417
"('gdp_usd', 'bmi', 'life_exp', 'num_play_dom', 'num_play_int', 'dom_int_mv_ratio')",0.332794063
"('power_rating', 'mv_usd', 'bmi', 'life_exp', 'mv_play_dom', 'num_play_int')",0.332520012
"('gdp_usd', 'life_exp', 'mv_play_dom', 'mv_play_int', 'num_play_int', 'dom_perc')",0.332467167
"('gdp_usd', 'life_exp', 'mv_play_dom', 'mv_play_int', 'num_play_int', 'int_perc')",0.332467167
"('gdp_usd', 'life_exp', 'mv_play_dom', 'mv_play_int', 'num_play_int', 'dom_perc', 'int_perc')",0.332467167
"('gdp_usd', 'mv_play_dom', 'mv_play_int', 'num_play_int', 'dom_perc', 'int_perc')",0.33238374
"('gdp_usd', 'mv_play_dom', 'mv_play_int', 'num_play_int', 'dom_perc')",0.33238374
"('gdp_usd', 'mv_play_dom', 'mv_play_int', 'num_play_int', 'int_perc')",0.33238374
"('power_rating', 'mv_usd', 'life_exp', 'mv_play_dom', 'num_play_int')",0.332317854
"('power_rating', 'mv_usd', 'int_perc')",0.33228698
"('power_rating', 'mv_usd', 'dom_perc', 'int_perc')",0.33228698
"('power_rating', 'mv_usd', 'dom_perc')",0.33228698
"('gdp_usd', 'life_exp', 'mv_play_int', 'num_play_int', 'dom_int_mv_ratio', 'dom_perc')",0.332202127
"('gdp_usd', 'life_exp', 'mv_play_int', 'num_play_int', 'dom_int_mv_ratio', 'int_perc')",0.332202127
"('gdp_usd', 'life_exp', 'mv_play_int', 'num_play_int', 'dom_int_mv_ratio', 'dom_perc', 'int_perc')",0.332202127
"('gdp_usd', 'mv_play_int', 'num_play_int', 'dom_int_mv_ratio', 'dom_perc', 'int_perc')",0.332190521
"('gdp_usd', 'mv_play_int', 'num_play_int', 'dom_int_mv_ratio', 'dom_perc')",0.332190521
"('gdp_usd', 'mv_play_int', 'num_play_int', 'dom_int_mv_ratio', 'int_perc')",0.332190521
"('gdp_usd', 'life_exp', 'mv_play_int', 'num_play_int', 'int_perc')",0.332081187
"('gdp_usd', 'life_exp', 'mv_play_int', 'num_play_int', 'dom_perc')",0.332081187
"('gdp_usd', 'life_exp', 'mv_play_int', 'num_play_int', 'dom_perc', 'int_perc')",0.332081187
"('gdp_usd', 'mv_play_int', 'num_play_int', 'dom_perc')",0.332038157
"('gdp_usd', 'mv_play_int', 'num_play_int', 'int_perc')",0.332038157
"('gdp_usd', 'mv_play_int', 'num_play_int', 'dom_perc', 'int_perc')",0.332038157
"('gdp_usd', 'mv_usd', 'elo_rating', 'bmi', 'life_exp', 'mv_play_dom', 'num_play_dom')",0.331938499
"('gdp_usd', 'bmi', 'num_play_dom', 'num_play_int', 'dom_int_mv_ratio')",0.331745798
"('power_rating', 'gdp_usd', 'mv_play_dom', 'num_play_dom', 'num_play_int')",0.331626545
"('elo_rating', 'bmi', 'life_exp', 'num_play_dom', 'dom_int_mv_ratio')",0.331298453
"('gdp_usd', 'mv_usd', 'elo_rating', 'bmi', 'life_exp', 'mv_play_dom', 'num_play_int')",0.331142463
"('elo_rating', 'bmi', 'num_play_dom', 'dom_int_mv_ratio')",0.330889872
"('gdp_usd', 'mv_usd', 'bmi', 'life_exp', 'mv_play_dom', 'num_play_dom')",0.330717792
"('gdp_usd', 'life_exp', 'mv_play_dom', 'num_play_dom', 'num_play_int', 'dom_int_mv_ratio')",0.330355386
"('gdp_usd', 'mv_usd', 'elo_rating', 'qol', 'mv_play_int', 'num_play_int', 'dom_int_mv_ratio')",0.330354469
"('power_rating', 'gdp_usd', 'qol', 'num_play_dom', 'num_play_int')",0.330333465
"('gdp_usd', 'mv_usd', 'bmi', 'mv_play_dom', 'num_play_int', 'dom_int_mv_ratio')",0.330307148
"('gdp_usd', 'mv_play_dom', 'num_play_dom', 'num_play_int', 'dom_int_mv_ratio')",0.329848878
"('elo_rating', 'life_exp', 'num_play_dom', 'dom_int_mv_ratio')",0.32981754
"('power_rating', 'bmi', 'qol', 'num_play_dom', 'num_play_int')",0.329588628
"('power_rating', 'gdp_usd', 'mv_usd', 'life_exp', 'qol', 'num_play_int')",0.329539009
"('gdp_usd', 'elo_rating', 'bmi', 'mv_play_dom', 'num_play_int', 'dom_int_mv_ratio', 'dom_perc')",0.329442332
"('gdp_usd', 'elo_rating', 'bmi', 'mv_play_dom', 'num_play_int', 'dom_int_mv_ratio', 'int_perc')",0.329442332
"('gdp_usd', 'elo_rating', 'bmi', 'mv_play_dom', 'num_play_int', 'dom_int_mv_ratio', 'dom_perc', 'int_perc')",0.329442332
"('gdp_usd', 'elo_rating', 'bmi', 'num_play_int', 'dom_int_mv_ratio', 'dom_perc')",0.329410571
"('gdp_usd', 'elo_rating', 'bmi', 'num_play_int', 'dom_int_mv_ratio', 'int_perc')",0.329410571
"('gdp_usd', 'elo_rating', 'bmi', 'num_play_int', 'dom_int_mv_ratio', 'dom_perc', 'int_perc')",0.329410571
"('gdp_usd', 'elo_rating', 'bmi', 'mv_play_dom', 'num_play_int', 'dom_perc')",0.329265685
"('gdp_usd', 'elo_rating', 'bmi', 'mv_play_dom', 'num_play_int', 'int_perc')",0.329265685
"('gdp_usd', 'elo_rating', 'bmi', 'mv_play_dom', 'num_play_int', 'dom_perc', 'int_perc')",0.329265685
"('gdp_usd', 'mv_usd', 'elo_rating', 'qol', 'mv_play_dom', 'num_play_int', 'dom_int_mv_ratio')",0.329192652
"('gdp_usd', 'elo_rating', 'bmi', 'num_play_int', 'dom_perc')",0.329075217
"('gdp_usd', 'elo_rating', 'bmi', 'num_play_int', 'int_perc')",0.329075217
"('gdp_usd', 'elo_rating', 'bmi', 'num_play_int', 'dom_perc', 'int_perc')",0.329075217
"('gdp_usd', 'life_exp', 'mv_play_dom', 'num_play_dom', 'num_play_int')",0.32888815
"('gdp_usd', 'mv_usd', 'elo_rating', 'bmi', 'qol', 'mv_play_int', 'num_play_int')",0.328789672
"('bmi', 'life_exp', 'num_play_int')",0.328708237
"('bmi', 'life_exp')",0.328700854
"('power_rating', 'gdp_usd', 'mv_usd', 'bmi', 'mv_play_dom', 'num_play_int', 'dom_int_mv_ratio')",0.328468324
"('power_rating', 'gdp_usd', 'mv_usd', 'life_exp', 'qol')",0.328247588
"('gdp_usd', 'life_exp', 'num_play_dom', 'num_play_int', 'dom_int_mv_ratio', 'dom_perc')",0.328245937
"('gdp_usd', 'life_exp', 'num_play_dom', 'num_play_int', 'dom_int_mv_ratio', 'int_perc')",0.328245937
"('gdp_usd', 'life_exp', 'num_play_dom', 'num_play_int', 'dom_int_mv_ratio', 'dom_perc', 'int_perc')",0.328245937
"('power_rating', 'gdp_usd', 'mv_usd', 'qol', 'num_play_int')",0.328194831
"('gdp_usd', 'mv_usd', 'qol', 'mv_play_int', 'num_play_int', 'dom_int_mv_ratio')",0.328154677
"('gdp_usd', 'mv_usd', 'bmi', 'life_exp', 'mv_play_dom', 'num_play_int')",0.328046246
"('gdp_usd', 'mv_usd', 'elo_rating', 'bmi', 'life_exp', 'qol', 'mv_play_dom', 'mv_play_int', 'dom_int_mv_ratio', 'dom_perc')",0.327894886
"('gdp_usd', 'mv_usd', 'elo_rating', 'bmi', 'life_exp', 'qol', 'mv_play_dom', 'mv_play_int', 'dom_int_mv_ratio', 'int_perc')",0.327894886
"('gdp_usd', 'mv_usd', 'elo_rating', 'bmi', 'life_exp', 'qol', 'mv_play_dom', 'mv_play_int', 'dom_int_mv_ratio', 'dom_perc', 'int_perc')",0.327894886
"('gdp_usd', 'mv_play_dom', 'num_play_dom', 'num_play_int')",0.327826816
"('gdp_usd', 'mv_usd', 'elo_rating', 'bmi', 'mv_play_dom', 'num_play_dom')",0.327645745
"('gdp_usd', 'bmi', 'life_exp', 'num_play_dom', 'num_play_int', 'dom_perc')",0.327644193
"('gdp_usd', 'bmi', 'life_exp', 'num_play_dom', 'num_play_int', 'int_perc')",0.327644193
"('gdp_usd', 'bmi', 'life_exp', 'num_play_dom', 'num_play_int', 'dom_perc', 'int_perc')",0.327644193
"('power_rating', 'gdp_usd', 'mv_usd', 'qol')",0.327626801
"('gdp_usd', 'mv_usd', 'bmi', 'qol', 'mv_play_int', 'num_play_int')",0.327617699
"('elo_rating', 'num_play_dom', 'dom_int_mv_ratio')",0.327390726
"('gdp_usd', 'bmi', 'num_play_dom', 'num_play_int', 'dom_perc')",0.327283827
"('gdp_usd', 'bmi', 'num_play_dom', 'num_play_int', 'int_perc')",0.327283827
"('gdp_usd', 'bmi', 'num_play_dom', 'num_play_int', 'dom_perc', 'int_perc')",0.327283827
"('gdp_usd', 'mv_usd', 'elo_rating', 'qol', 'num_play_int', 'dom_int_mv_ratio')",0.327248568
"('gdp_usd', 'mv_usd', 'bmi', 'mv_play_dom', 'num_play_dom')",0.326685593
"('gdp_usd', 'life_exp', 'qol', 'mv_play_dom', 'num_play_int', 'dom_int_mv_ratio')",0.326493611
"('elo_rating', 'bmi', 'life_exp', 'num_play_dom', 'mv_play_int')",0.32627403
"('gdp_usd', 'mv_usd', 'elo_rating', 'bmi', 'qol', 'mv_play_dom', 'num_play_int')",0.325854156
"('gdp_usd', 'life_exp', 'qol', 'mv_play_dom', 'num_play_int')",0.325463923
"('gdp_usd', 'num_play_dom', 'num_play_int', 'dom_int_mv_ratio', 'dom_perc')",0.325269258
"('gdp_usd', 'num_play_dom', 'num_play_int', 'dom_int_mv_ratio', 'int_perc')",0.325269258
"('gdp_usd', 'num_play_dom', 'num_play_int', 'dom_int_mv_ratio', 'dom_perc', 'int_perc')",0.325269258
"('power_rating', 'mv_usd', 'bmi', 'life_exp', 'qol', 'num_play_int')",0.325065029
"('gdp_usd', 'bmi', 'life_exp', 'num_play_dom', 'dom_perc')",0.325017518
"('gdp_usd', 'bmi', 'life_exp', 'num_play_dom', 'int_perc')",0.325017518
"('gdp_usd', 'bmi', 'life_exp', 'num_play_dom', 'dom_perc', 'int_perc')",0.325017518
"('elo_rating', 'life_exp', 'num_play_dom', 'mv_play_int')",0.324956093
"('gdp_usd', 'mv_usd', 'elo_rating', 'bmi', 'qol', 'num_play_int')",0.3244286
"('mv_usd', 'bmi', 'num_play_dom', 'num_play_int', 'dom_perc')",0.324016812
"('mv_usd', 'bmi', 'num_play_dom', 'num_play_int', 'int_perc')",0.324016812
"('mv_usd', 'bmi', 'num_play_dom', 'num_play_int', 'dom_perc', 'int_perc')",0.324016812
"('gdp_usd', 'bmi', 'life_exp', 'mv_play_dom', 'num_play_int', 'dom_int_mv_ratio', 'dom_perc', 'int_perc')",0.32396718
"('gdp_usd', 'bmi', 'life_exp', 'mv_play_dom', 'num_play_int', 'dom_int_mv_ratio', 'dom_perc')",0.32396718
"('gdp_usd', 'bmi', 'life_exp', 'mv_play_dom', 'num_play_int', 'dom_int_mv_ratio', 'int_perc')",0.32396718
"('gdp_usd', 'life_exp', 'num_play_dom', 'dom_int_mv_ratio', 'dom_perc')",0.323966191
"('gdp_usd', 'life_exp', 'num_play_dom', 'dom_int_mv_ratio', 'int_perc')",0.323966191
"('gdp_usd', 'life_exp', 'num_play_dom', 'dom_int_mv_ratio', 'dom_perc', 'int_perc')",0.323966191
"('power_rating', 'bmi', 'num_play_int', 'dom_perc')",0.323956775
"('power_rating', 'bmi', 'num_play_int', 'int_perc')",0.323956775
"('power_rating', 'bmi', 'num_play_int', 'dom_perc', 'int_perc')",0.323956775
"('gdp_usd', 'bmi', 'num_play_dom', 'dom_perc')",0.32393947
"('gdp_usd', 'bmi', 'num_play_dom', 'int_perc')",0.32393947
"('gdp_usd', 'bmi', 'num_play_dom', 'dom_perc', 'int_perc')",0.32393947
"('gdp_usd', 'mv_usd', 'elo_rating', 'bmi', 'life_exp', 'mv_play_int', 'num_play_int')",0.323911619
"('mv_usd', 'bmi', 'qol', 'dom_perc')",0.323765244
"('mv_usd', 'bmi', 'qol', 'int_perc')",0.323765244
"('mv_usd', 'bmi', 'qol', 'dom_perc', 'int_perc')",0.323765244
"('mv_usd', 'bmi', 'num_play_dom', 'dom_perc')",0.323756316
"('mv_usd', 'bmi', 'num_play_dom', 'int_perc')",0.323756316
"('mv_usd', 'bmi', 'num_play_dom', 'dom_perc', 'int_perc')",0.323756316
"('power_rating', 'mv_usd', 'bmi', 'mv_play_dom', 'num_play_int', 'dom_int_mv_ratio')",0.32368407
"('gdp_usd', 'mv_usd', 'elo_rating', 'bmi', 'mv_play_int', 'num_play_int', 'dom_int_mv_ratio')",0.32353877
"('power_rating', 'gdp_usd', 'dom_int_mv_ratio', 'dom_perc')",0.323530601
"('power_rating', 'gdp_usd', 'dom_int_mv_ratio', 'int_perc')",0.323530601
"('power_rating', 'gdp_usd', 'dom_int_mv_ratio', 'dom_perc', 'int_perc')",0.323530601
"('gdp_usd', 'mv_usd', 'elo_rating', 'bmi', 'life_exp', 'num_play_int')",0.323447864
"('gdp_usd', 'bmi', 'life_exp', 'mv_play_dom', 'num_play_int', 'dom_perc')",0.323420484
"('gdp_usd', 'bmi', 'life_exp', 'mv_play_dom', 'num_play_int', 'int_perc')",0.323420484
"('gdp_usd', 'bmi', 'life_exp', 'mv_play_dom', 'num_play_int', 'dom_perc', 'int_perc')",0.323420484
"('bmi', 'qol', 'num_play_int', 'dom_int_mv_ratio')",0.323350652
"('power_rating', 'mv_usd', 'bmi', 'life_exp', 'qol')",0.323316391
"('gdp_usd', 'mv_usd', 'elo_rating', 'qol', 'mv_play_dom', 'mv_play_int', 'num_play_int')",0.323262261
"('gdp_usd', 'mv_usd', 'qol', 'mv_play_dom', 'mv_play_int', 'num_play_int')",0.323251435
"('power_rating', 'mv_usd', 'bmi', 'qol', 'num_play_int')",0.323249198
"('mv_usd', 'life_exp', 'qol', 'dom_perc')",0.323013145
"('mv_usd', 'life_exp', 'qol', 'int_perc')",0.323013145
"('mv_usd', 'life_exp', 'qol', 'dom_perc', 'int_perc')",0.323013145
"('gdp_usd', 'mv_usd', 'bmi', 'life_exp', 'mv_play_int', 'num_play_int')",0.322794568
"('power_rating', 'qol', 'num_play_dom', 'num_play_int')",0.322677314
"('gdp_usd', 'mv_usd', 'elo_rating', 'bmi', 'num_play_int', 'dom_int_mv_ratio')",0.322665151
"('power_rating', 'bmi', 'life_exp', 'num_play_dom', 'num_play_int')",0.322432955
"('power_rating', 'dom_int_mv_ratio', 'dom_perc')",0.322392101
"('power_rating', 'dom_int_mv_ratio', 'int_perc')",0.322392101
"('power_rating', 'dom_int_mv_ratio', 'dom_perc', 'int_perc')",0.322392101
"('power_rating', 'mv_usd', 'bmi', 'qol')",0.322202267
"('gdp_usd', 'mv_usd', 'elo_rating', 'life_exp', 'num_play_dom', 'mv_play_int', 'dom_int_mv_ratio')",0.32202686
"('gdp_usd', 'elo_rating', 'life_exp', 'mv_play_dom', 'num_play_int', 'dom_int_mv_ratio', 'dom_perc')",0.32167988
"('gdp_usd', 'elo_rating', 'life_exp', 'mv_play_dom', 'num_play_int', 'dom_int_mv_ratio', 'int_perc')",0.32167988
"('gdp_usd', 'elo_rating', 'life_exp', 'mv_play_dom', 'num_play_int', 'dom_int_mv_ratio', 'dom_perc', 'int_perc')",0.32167988
"('gdp_usd', 'life_exp', 'num_play_dom', 'num_play_int', 'dom_int_mv_ratio')",0.321678564
"('power_rating', 'gdp_usd', 'mv_play_dom', 'num_play_dom', 'dom_perc')",0.321646709
"('power_rating', 'gdp_usd', 'mv_play_dom', 'num_play_dom', 'int_perc')",0.321646709
"('power_rating', 'gdp_usd', 'mv_play_dom', 'num_play_dom', 'dom_perc', 'int_perc')",0.321646709
"('gdp_usd', 'elo_rating', 'life_exp', 'num_play_int', 'dom_int_mv_ratio', 'dom_perc')",0.321357062
"('gdp_usd', 'elo_rating', 'life_exp', 'num_play_int', 'dom_int_mv_ratio', 'int_perc')",0.321357062
"('gdp_usd', 'elo_rating', 'life_exp', 'num_play_int', 'dom_int_mv_ratio', 'dom_perc', 'int_perc')",0.321357062
"('bmi', 'qol', 'mv_play_dom', 'mv_play_int')",0.321314669
"('gdp_usd', 'bmi', 'qol', 'mv_play_dom', 'num_play_dom', 'mv_play_int', 'dom_int_mv_ratio')",0.321289095
"('gdp_usd', 'elo_rating', 'mv_play_dom', 'num_play_int', 'dom_int_mv_ratio', 'dom_perc')",0.321268124
"('gdp_usd', 'elo_rating', 'mv_play_dom', 'num_play_int', 'dom_int_mv_ratio', 'int_perc')",0.321268124
"('gdp_usd', 'elo_rating', 'mv_play_dom', 'num_play_int', 'dom_int_mv_ratio', 'dom_perc', 'int_perc')",0.321268124
"('gdp_usd', 'elo_rating', 'num_play_int', 'dom_int_mv_ratio', 'dom_perc')",0.320991277
"('gdp_usd', 'elo_rating', 'num_play_int', 'dom_int_mv_ratio', 'int_perc')",0.320991277
"('gdp_usd', 'elo_rating', 'num_play_int', 'dom_int_mv_ratio', 'dom_perc', 'int_perc')",0.320991277
"('gdp_usd', 'bmi', 'life_exp', 'num_play_dom', 'num_play_int')",0.320894622
"('gdp_usd', 'bmi', 'num_play_dom', 'num_play_int')",0.320872863
"('gdp_usd', 'num_play_dom', 'num_play_int', 'dom_int_mv_ratio')",0.320785029
"('power_rating', 'gdp_usd', 'mv_usd', 'mv_play_dom', 'num_play_int', 'dom_int_mv_ratio')",0.320707415
"('gdp_usd', 'qol', 'mv_play_dom', 'num_play_dom', 'mv_play_int', 'dom_int_mv_ratio')",0.32032839
"('gdp_usd', 'elo_rating', 'life_exp', 'mv_play_dom', 'num_play_int', 'dom_perc')",0.319952313
"('gdp_usd', 'elo_rating', 'life_exp', 'mv_play_dom', 'num_play_int', 'int_perc')",0.319952313
"('gdp_usd', 'elo_rating', 'life_exp', 'mv_play_dom', 'num_play_int', 'dom_perc', 'int_perc')",0.319952313
"('gdp_usd', 'elo_rating', 'life_exp', 'num_play_int', 'dom_perc')",0.319951455
"('gdp_usd', 'elo_rating', 'life_exp', 'num_play_int', 'int_perc')",0.319951455
"('gdp_usd', 'elo_rating', 'life_exp', 'num_play_int', 'dom_perc', 'int_perc')",0.319951455
"('gdp_usd', 'mv_usd', 'bmi', 'life_exp', 'num_play_int')",0.319848104
"('gdp_usd', 'elo_rating', 'mv_play_dom', 'num_play_int', 'dom_perc')",0.319846622
"('gdp_usd', 'elo_rating', 'mv_play_dom', 'num_play_int', 'int_perc')",0.319846622
"('gdp_usd', 'elo_rating', 'mv_play_dom', 'num_play_int', 'dom_perc', 'int_perc')",0.319846622
"('gdp_usd', 'elo_rating', 'num_play_int', 'dom_perc')",0.31984647
"('gdp_usd', 'elo_rating', 'num_play_int', 'int_perc')",0.31984647
"('gdp_usd', 'elo_rating', 'num_play_int', 'dom_perc', 'int_perc')",0.31984647
"('gdp_usd', 'elo_rating', 'bmi', 'life_exp', 'qol', 'mv_play_int', 'num_play_int', 'dom_int_mv_ratio')",0.319819863
"('gdp_usd', 'mv_usd', 'elo_rating', 'qol', 'mv_play_int', 'num_play_int')",0.318858859
"('gdp_usd', 'mv_usd', 'bmi', 'mv_play_int', 'num_play_int', 'dom_int_mv_ratio')",0.318789204
"('power_rating', 'mv_usd', 'mv_play_dom', 'num_play_int', 'dom_int_mv_ratio')",0.318755304
"('elo_rating', 'bmi', 'life_exp', 'dom_int_mv_ratio')",0.318682427
"('gdp_usd', 'mv_usd', 'qol', 'mv_play_dom', 'num_play_int', 'dom_int_mv_ratio')",0.318603962
"('elo_rating', 'life_exp', 'dom_int_mv_ratio')",0.318433349
"('gdp_usd', 'mv_usd', 'qol', 'mv_play_int', 'num_play_int')",0.31835439
"('gdp_usd', 'mv_usd', 'bmi', 'num_play_int', 'dom_int_mv_ratio')",0.318348317
"('gdp_usd', 'bmi', 'mv_play_dom', 'num_play_int', 'dom_int_mv_ratio', 'dom_perc')",0.318313893
"('gdp_usd', 'bmi', 'mv_play_dom', 'num_play_int', 'dom_int_mv_ratio', 'int_perc')",0.318313893
"('gdp_usd', 'bmi', 'mv_play_dom', 'num_play_int', 'dom_int_mv_ratio', 'dom_perc', 'int_perc')",0.318313893
"('gdp_usd', 'mv_usd', 'elo_rating', 'num_play_dom', 'mv_play_int', 'dom_int_mv_ratio')",0.318268176
"('gdp_usd', 'bmi', 'mv_play_dom', 'num_play_int', 'dom_perc')",0.318138427
"('gdp_usd', 'bmi', 'mv_play_dom', 'num_play_int', 'int_perc')",0.318138427
"('gdp_usd', 'bmi', 'mv_play_dom', 'num_play_int', 'dom_perc', 'int_perc')",0.318138427
"('power_rating', 'mv_usd', 'bmi', 'life_exp', 'mv_play_dom', 'dom_int_mv_ratio')",0.317922928
"('gdp_usd', 'mv_usd', 'elo_rating', 'life_exp', 'mv_play_dom', 'num_play_dom')",0.317910676
"('gdp_usd', 'mv_usd', 'elo_rating', 'mv_play_dom', 'num_play_dom')",0.317904411
"('gdp_usd', 'mv_usd', 'bmi', 'qol', 'mv_play_dom', 'num_play_int')",0.317731079
"('gdp_usd', 'mv_usd', 'life_exp', 'mv_play_dom', 'num_play_dom')",0.317727332
"('gdp_usd', 'mv_usd', 'mv_play_dom', 'num_play_dom')",0.317724145
"('gdp_usd', 'num_play_dom', 'dom_int_mv_ratio', 'dom_perc')",0.317572487
"('gdp_usd', 'num_play_dom', 'dom_int_mv_ratio', 'int_perc')",0.317572487
"('gdp_usd', 'num_play_dom', 'dom_int_mv_ratio', 'dom_perc', 'int_perc')",0.317572487
"('elo_rating', 'bmi', 'life_exp', 'mv_play_int')",0.317562663
"('gdp_usd', 'bmi', 'qol', 'mv_play_dom', 'num_play_dom', 'mv_play_int')",0.317468099
"('mv_usd', 'bmi', 'life_exp', 'dom_perc')",0.317443733
"('mv_usd', 'bmi', 'life_exp', 'int_perc')",0.317443733
"('mv_usd', 'bmi', 'life_exp', 'dom_perc', 'int_perc')",0.317443733
"('power_rating', 'gdp_usd', 'mv_play_dom', 'num_play_dom')",0.317358667
"('elo_rating', 'bmi', 'dom_int_mv_ratio')",0.316701569
"('elo_rating', 'dom_int_mv_ratio')",0.316627424
"('gdp_usd', 'mv_usd', 'qol', 'num_play_int', 'dom_int_mv_ratio')",0.316131518
"('elo_rating', 'bmi', 'num_play_dom', 'mv_play_int')",0.316039442
"('mv_usd', 'bmi', 'qol', 'num_play_dom', 'num_play_int')",0.315911391
"('mv_usd', 'qol', 'num_play_dom', 'num_play_int')",0.315908242
"('bmi', 'qol', 'mv_play_int', 'num_play_int')",0.31586827
"('gdp_usd', 'mv_usd', 'bmi', 'qol', 'num_play_int')",0.315733246
"('gdp_usd', 'qol', 'mv_play_dom', 'num_play_dom', 'mv_play_int')",0.31571161
"('mv_usd', 'qol', 'dom_perc')",0.315363052
"('mv_usd', 'qol', 'int_perc')",0.315363052
"('mv_usd', 'qol', 'dom_perc', 'int_perc')",0.315363052
"('gdp_usd', 'mv_usd', 'bmi', 'life_exp', 'qol', 'num_play_dom', 'mv_play_int', 'dom_int_mv_ratio')",0.315314991
"('gdp_usd', 'bmi', 'life_exp', 'qol', 'num_play_dom', 'mv_play_int', 'dom_int_mv_ratio')",0.315304933
"('power_rating', 'gdp_usd', 'bmi', 'life_exp', 'mv_play_dom', 'num_play_int', 'dom_int_mv_ratio')",0.315248404
"('gdp_usd', 'life_exp', 'num_play_dom', 'num_play_int', 'dom_perc')",0.314740639
"('gdp_usd', 'life_exp', 'num_play_dom', 'num_play_int', 'int_perc')",0.314740639
"('gdp_usd', 'life_exp', 'num_play_dom', 'num_play_int', 'dom_perc', 'int_perc')",0.314740639
"('power_rating', 'bmi', 'life_exp', 'mv_play_dom', 'num_play_int', 'dom_int_mv_ratio')",0.314626382
"('gdp_usd', 'mv_usd', 'life_exp', 'qol', 'num_play_dom', 'mv_play_int', 'dom_int_mv_ratio')",0.314563587
"('gdp_usd', 'life_exp', 'qol', 'num_play_dom', 'mv_play_int', 'dom_int_mv_ratio')",0.314559684
"('power_rating', 'mv_usd', 'life_exp', 'mv_play_dom', 'dom_int_mv_ratio')",0.314404377
"('gdp_usd', 'mv_usd', 'elo_rating', 'bmi', 'life_exp', 'num_play_dom', 'mv_play_int')",0.31433845
"('mv_usd', 'bmi', 'num_play_dom', 'mv_play_int')",0.314227962
"('power_rating', 'mv_play_dom', 'num_play_dom', 'dom_perc')",0.313761731
"('power_rating', 'mv_play_dom', 'num_play_dom', 'int_perc')",0.313761731
"('power_rating', 'mv_play_dom', 'num_play_dom', 'dom_perc', 'int_perc')",0.313761731
"('power_rating', 'gdp_usd', 'mv_usd', 'bmi', 'life_exp', 'mv_play_dom')",0.313711742
"('mv_usd', 'num_play_dom', 'num_play_int', 'dom_perc')",0.31348987
"('mv_usd', 'num_play_dom', 'num_play_int', 'int_perc')",0.31348987
"('mv_usd', 'num_play_dom', 'num_play_int', 'dom_perc', 'int_perc')",0.31348987
"('power_rating', 'gdp_usd', 'mv_usd', 'life_exp', 'mv_play_dom')",0.313423491
"('gdp_usd', 'mv_usd', 'elo_rating', 'bmi', 'mv_play_dom', 'mv_play_int', 'num_play_int')",0.312833631
"('gdp_usd', 'mv_usd', 'bmi', 'mv_play_dom', 'mv_play_int', 'num_play_int')",0.312830621
"('gdp_usd', 'bmi', 'life_exp', 'num_play_int', 'dom_int_mv_ratio', 'dom_perc')",0.312602879
"('gdp_usd', 'bmi', 'life_exp', 'num_play_int', 'dom_int_mv_ratio', 'int_perc')",0.312602879
"('gdp_usd', 'bmi', 'life_exp', 'num_play_int', 'dom_int_mv_ratio', 'dom_perc', 'int_perc')",0.312602879
"('mv_play_dom', 'mv_play_int', 'num_play_int')",0.31247595
"('mv_usd', 'num_play_dom', 'dom_perc')",0.312353941
"('mv_usd', 'num_play_dom', 'int_perc')",0.312353941
"('mv_usd', 'num_play_dom', 'dom_perc', 'int_perc')",0.312353941
"('gdp_usd', 'mv_usd', 'elo_rating', 'bmi', 'num_play_dom', 'mv_play_int')",0.312222575
"('gdp_usd', 'life_exp', 'num_play_dom', 'dom_perc')",0.312211043
"('gdp_usd', 'life_exp', 'num_play_dom', 'int_perc')",0.312211043
"('gdp_usd', 'life_exp', 'num_play_dom', 'dom_perc', 'int_perc')",0.312211043
"('elo_rating', 'bmi', 'mv_play_int')",0.309772673
"('mv_usd', 'num_play_dom', 'mv_play_int')",0.309567365
"('elo_rating', 'life_exp', 'mv_play_int')",0.309163338
"('gdp_usd', 'mv_usd', 'elo_rating', 'qol', 'mv_play_dom', 'num_play_int')",0.309012511
"('gdp_usd', 'mv_usd', 'elo_rating', 'qol', 'num_play_int')",0.308935398
"('power_rating', 'life_exp', 'num_play_dom', 'num_play_int')",0.308724461
"('mv_usd', 'life_exp', 'dom_perc')",0.308686074
"('mv_usd', 'life_exp', 'int_perc')",0.308686074
"('mv_usd', 'life_exp', 'dom_perc', 'int_perc')",0.308686074
"('gdp_usd', 'mv_usd', 'elo_rating', 'bmi', 'mv_play_dom', 'num_play_int')",0.30846254
"('gdp_usd', 'bmi', 'num_play_int', 'dom_int_mv_ratio', 'dom_perc')",0.30833496
"('gdp_usd', 'bmi', 'num_play_int', 'dom_int_mv_ratio', 'int_perc')",0.30833496
"('gdp_usd', 'bmi', 'num_play_int', 'dom_int_mv_ratio', 'dom_perc', 'int_perc')",0.30833496
"('bmi', 'mv_play_dom', 'num_play_dom', 'mv_play_int', 'num_play_int', 'dom_int_mv_ratio', 'dom_perc')",0.307800839
"('bmi', 'mv_play_dom', 'num_play_dom', 'mv_play_int', 'num_play_int', 'dom_int_mv_ratio', 'int_perc')",0.307800839
"('bmi', 'mv_play_dom', 'num_play_dom', 'mv_play_int', 'num_play_int', 'dom_int_mv_ratio', 'dom_perc', 'int_perc')",0.307800839
"('gdp_usd', 'life_exp', 'num_play_dom', 'num_play_int')",0.307756384
"('power_rating', 'gdp_usd', 'mv_usd', 'bmi', 'mv_play_dom', 'dom_int_mv_ratio')",0.307615978
"('gdp_usd', 'elo_rating', 'bmi', 'life_exp', 'mv_play_dom', 'num_play_dom', 'mv_play_int', 'dom_int_mv_ratio')",0.30714482
"('gdp_usd', 'elo_rating', 'bmi', 'mv_play_dom', 'num_play_dom', 'mv_play_int', 'dom_int_mv_ratio')",0.307074134
"('power_rating', 'gdp_usd', 'life_exp', 'mv_play_dom', 'num_play_int', 'dom_int_mv_ratio')",0.306964549
"('power_rating', 'life_exp', 'mv_play_dom', 'num_play_int', 'dom_int_mv_ratio')",0.306963076
"('gdp_usd', 'mv_usd', 'elo_rating', 'bmi', 'life_exp', 'qol', 'num_play_dom', 'dom_int_mv_ratio')",0.306944149
"('gdp_usd', 'elo_rating', 'bmi', 'qol', 'mv_play_dom', 'mv_play_int', 'num_play_int', 'dom_int_mv_ratio')",0.306134056
"('gdp_usd', 'elo_rating', 'bmi', 'qol', 'mv_play_dom', 'num_play_int', 'dom_int_mv_ratio')",0.306073543
"('power_rating', 'gdp_usd', 'mv_usd', 'bmi', 'life_exp', 'num_play_int', 'dom_int_mv_ratio')",0.306002867
"('power_rating', 'mv_usd', 'bmi', 'life_exp', 'num_play_int', 'dom_int_mv_ratio')",0.306002408
"('power_rating', 'gdp_usd', 'bmi', 'life_exp', 'num_play_int', 'dom_int_mv_ratio')",0.306001744
"('power_rating', 'bmi', 'life_exp', 'num_play_int', 'dom_int_mv_ratio')",0.30600164
"('power_rating', 'mv_usd', 'life_exp', 'qol', 'num_play_int')",0.305448146
"('power_rating', 'mv_usd', 'qol', 'num_play_int')",0.30543567
"('gdp_usd', 'mv_usd', 'elo_rating', 'bmi', 'mv_play_int', 'num_play_int')",0.305326071
"('mv_usd', 'bmi', 'num_play_int', 'dom_perc')",0.305256304
"('mv_usd', 'bmi', 'num_play_int', 'int_perc')",0.305256304
"('mv_usd', 'bmi', 'num_play_int', 'dom_perc', 'int_perc')",0.305256304
"('power_rating', 'gdp_usd', 'bmi', 'life_exp', 'qol', 'num_play_dom', 'dom_perc')",0.305110881
"('power_rating', 'gdp_usd', 'bmi', 'life_exp', 'qol', 'num_play_dom', 'int_perc')",0.305110881
"('power_rating', 'gdp_usd', 'bmi', 'life_exp', 'qol', 'num_play_dom', 'dom_perc', 'int_perc')",0.305110881
"('gdp_usd', 'mv_usd', 'elo_rating', 'bmi', 'num_play_int')",0.304548276
"('gdp_usd', 'num_play_dom', 'num_play_int', 'dom_perc')",0.304541252
"('gdp_usd', 'num_play_dom', 'num_play_int', 'int_perc')",0.304541252
"('gdp_usd', 'num_play_dom', 'num_play_int', 'dom_perc', 'int_perc')",0.304541252
"('power_rating', 'gdp_usd', 'mv_usd', 'bmi', 'mv_play_dom', 'num_play_int')",0.304504764
"('gdp_usd', 'bmi', 'qol', 'mv_play_dom', 'mv_play_int', 'num_play_int', 'dom_int_mv_ratio')",0.304444373
"('gdp_usd', 'mv_usd', 'bmi', 'mv_play_dom', 'num_play_int')",0.304339523
"('gdp_usd', 'elo_rating', 'bmi', 'life_exp', 'num_play_dom', 'mv_play_int', 'dom_int_mv_ratio')",0.304337026
"('gdp_usd', 'elo_rating', 'bmi', 'num_play_dom', 'mv_play_int', 'dom_int_mv_ratio')",0.304328011
"('gdp_usd', 'mv_usd', 'bmi', 'mv_play_int', 'num_play_int')",0.304126197
"('power_rating', 'gdp_usd', 'life_exp', 'qol', 'num_play_dom', 'dom_perc')",0.304043619
"('power_rating', 'gdp_usd', 'life_exp', 'qol', 'num_play_dom', 'int_perc')",0.304043619
"('power_rating', 'gdp_usd', 'life_exp', 'qol', 'num_play_dom', 'dom_perc', 'int_perc')",0.304043619
"('gdp_usd', 'mv_usd', 'elo_rating', 'life_exp', 'qol', 'num_play_dom', 'dom_int_mv_ratio')",0.30386658
"('power_rating', 'bmi', 'life_exp', 'qol', 'num_play_dom', 'dom_perc')",0.303727037
"('power_rating', 'bmi', 'life_exp', 'qol', 'num_play_dom', 'dom_perc', 'int_perc')",0.303727037
"('power_rating', 'bmi', 'life_exp', 'qol', 'num_play_dom', 'int_perc')",0.303727037
"('gdp_usd', 'life_exp', 'mv_play_dom', 'num_play_int', 'dom_int_mv_ratio', 'dom_perc')",0.303715808
"('gdp_usd', 'life_exp', 'mv_play_dom', 'num_play_int', 'dom_int_mv_ratio', 'int_perc')",0.303715808
"('gdp_usd', 'life_exp', 'mv_play_dom', 'num_play_int', 'dom_int_mv_ratio', 'dom_perc', 'int_perc')",0.303715808
"('gdp_usd', 'mv_play_dom', 'num_play_int', 'dom_int_mv_ratio', 'dom_perc')",0.303713136
"('gdp_usd', 'mv_play_dom', 'num_play_int', 'dom_int_mv_ratio', 'int_perc')",0.303713136
"('gdp_usd', 'mv_play_dom', 'num_play_int', 'dom_int_mv_ratio', 'dom_perc', 'int_perc')",0.303713136
"('power_rating', 'mv_play_dom', 'num_play_dom', 'num_play_int')",0.303690844
"('gdp_usd', 'bmi', 'qol', 'mv_play_dom', 'num_play_int', 'dom_int_mv_ratio')",0.303603241
"('gdp_usd', 'mv_usd', 'elo_rating', 'bmi', 'life_exp', 'qol', 'mv_play_int', 'dom_int_mv_ratio', 'dom_perc')",0.303319805
"('gdp_usd', 'mv_usd', 'elo_rating', 'bmi', 'life_exp', 'qol', 'mv_play_int', 'dom_int_mv_ratio', 'int_perc')",0.303319805
"('gdp_usd', 'mv_usd', 'elo_rating', 'bmi', 'life_exp', 'qol', 'mv_play_int', 'dom_int_mv_ratio', 'dom_perc', 'int_perc')",0.303319805
"('gdp_usd', 'elo_rating', 'bmi', 'life_exp', 'qol', 'mv_play_int', 'num_play_int')",0.303140931
"('gdp_usd', 'elo_rating', 'bmi', 'qol', 'mv_play_dom', 'mv_play_int', 'num_play_int')",0.302895386
"('elo_rating', 'num_play_dom', 'mv_play_int')",0.302801429
"('gdp_usd', 'mv_usd', 'elo_rating', 'bmi', 'life_exp', 'qol', 'num_play_dom')",0.302787024
"('mv_play_dom', 'num_play_dom', 'mv_play_int')",0.302754485
"('power_rating', 'life_exp', 'qol', 'num_play_dom', 'dom_perc')",0.302750125
"('power_rating', 'life_exp', 'qol', 'num_play_dom', 'int_perc')",0.302750125
"('power_rating', 'life_exp', 'qol', 'num_play_dom', 'dom_perc', 'int_perc')",0.302750125
"('gdp_usd', 'elo_rating', 'bmi', 'qol', 'mv_play_dom', 'num_play_int')",0.30245061
"('bmi', 'qol', 'mv_play_dom', 'dom_int_mv_ratio')",0.302214323
"('num_play_int', 'dom_int_mv_ratio', 'dom_perc')",0.302159641
"('num_play_int', 'dom_int_mv_ratio', 'int_perc')",0.302159641
"('num_play_int', 'dom_int_mv_ratio', 'dom_perc', 'int_perc')",0.302159641
"('gdp_usd', 'elo_rating', 'bmi', 'life_exp', 'qol', 'num_play_int', 'dom_int_mv_ratio')",0.302125741
"('gdp_usd', 'bmi', 'qol', 'mv_play_dom', 'mv_play_int', 'num_play_int')",0.302102935
"('power_rating', 'mv_usd', 'life_exp', 'qol')",0.301934145
"('bmi', 'mv_play_dom', 'mv_play_int', 'num_play_int', 'dom_int_mv_ratio', 'dom_perc')",0.301874453
"('bmi', 'mv_play_dom', 'mv_play_int', 'num_play_int', 'dom_int_mv_ratio', 'int_perc')",0.301874453
"('bmi', 'mv_play_dom', 'mv_play_int', 'num_play_int', 'dom_int_mv_ratio', 'dom_perc', 'int_perc')",0.301874453
"('gdp_usd', 'num_play_dom', 'num_play_int')",0.301779896
"('gdp_usd', 'mv_usd', 'bmi', 'qol', 'num_play_dom', 'mv_play_int', 'dom_int_mv_ratio')",0.301758778
"('gdp_usd', 'bmi', 'qol', 'num_play_dom', 'mv_play_int', 'dom_int_mv_ratio')",0.301758138
"('gdp_usd', 'mv_usd', 'qol', 'num_play_dom', 'mv_play_int', 'dom_int_mv_ratio')",0.301751729
"('gdp_usd', 'qol', 'num_play_dom', 'mv_play_int', 'dom_int_mv_ratio')",0.301751628
"('gdp_usd', 'mv_usd', 'bmi', 'life_exp', 'qol', 'num_play_dom', 'mv_play_int')",0.30174601
"('power_rating', 'mv_usd', 'qol')",0.301724652
"('power_rating', 'gdp_usd', 'bmi', 'life_exp', 'qol', 'num_play_dom')",0.301697988
"('power_rating', 'bmi', 'life_exp', 'qol', 'num_play_dom')",0.301629748
"('gdp_usd', 'life_exp', 'mv_play_dom', 'num_play_int', 'dom_perc')",0.301623875
"('gdp_usd', 'life_exp', 'mv_play_dom', 'num_play_int', 'int_perc')",0.301623875
"('gdp_usd', 'life_exp', 'mv_play_dom', 'num_play_int', 'dom_perc', 'int_perc')",0.301623875
"('gdp_usd', 'mv_usd', 'life_exp', 'qol', 'num_play_dom', 'mv_play_int')",0.301600893
"('gdp_usd', 'mv_play_dom', 'num_play_int', 'dom_perc')",0.301515726
"('gdp_usd', 'mv_play_dom', 'num_play_int', 'int_perc')",0.301515726
"('gdp_usd', 'mv_play_dom', 'num_play_int', 'dom_perc', 'int_perc')",0.301515726
"('power_rating', 'gdp_usd', 'life_exp', 'qol', 'num_play_dom')",0.301057453
"('power_rating', 'life_exp', 'qol', 'num_play_dom')",0.300974524
"('power_rating', 'gdp_usd', 'bmi', 'num_play_dom', 'num_play_int')",0.300915114
"('power_rating', 'mv_play_dom', 'num_play_dom')",0.300690577
"('gdp_usd', 'mv_usd', 'elo_rating', 'life_exp', 'qol', 'num_play_dom')",0.300670501
"('gdp_usd', 'bmi', 'life_exp', 'qol', 'mv_play_int', 'num_play_int', 'dom_int_mv_ratio')",0.300339012
"('gdp_usd', 'mv_usd', 'bmi', 'num_play_int')",0.300092707
"('gdp_usd', 'elo_rating', 'bmi', 'life_exp', 'mv_play_dom', 'num_play_dom', 'mv_play_int')",0.299959368
"('gdp_usd', 'elo_rating', 'bmi', 'life_exp', 'num_play_dom', 'mv_play_int')",0.299793565
"('gdp_usd', 'elo_rating', 'bmi', 'mv_play_dom', 'num_play_dom', 'mv_play_int')",0.29957897
"('gdp_usd', 'bmi', 'life_exp', 'num_play_int', 'dom_perc')",0.299502267
"('gdp_usd', 'bmi', 'life_exp', 'num_play_int', 'int_perc')",0.299502267
"('gdp_usd', 'bmi', 'life_exp', 'num_play_int', 'dom_perc', 'int_perc')",0.299502267
"('gdp_usd', 'elo_rating', 'bmi', 'num_play_dom', 'mv_play_int')",0.299492476
"('power_rating', 'gdp_usd', 'mv_usd', 'mv_play_dom', 'dom_int_mv_ratio')",0.299402174
"('gdp_usd', 'bmi', 'qol', 'mv_play_dom', 'num_play_int')",0.299104139
"('gdp_usd', 'mv_usd', 'elo_rating', 'bmi', 'life_exp', 'qol', 'mv_play_dom', 'mv_play_int', 'dom_int_mv_ratio')",0.298899459
"('bmi', 'qol', 'dom_int_mv_ratio')",0.298880732
"('gdp_usd', 'mv_usd', 'qol', 'mv_play_dom', 'num_play_int')",0.298545091
"('gdp_usd', 'mv_usd', 'elo_rating', 'life_exp', 'num_play_dom', 'mv_play_int')",0.298505769
"('mv_usd', 'bmi', 'life_exp', 'qol', 'num_play_int')",0.298421322
"('gdp_usd', 'mv_usd', 'qol', 'num_play_int')",0.298331205
"('gdp_usd', 'bmi', 'num_play_int', 'dom_perc')",0.298072199
"('gdp_usd', 'bmi', 'num_play_int', 'int_perc')",0.298072199
"('gdp_usd', 'bmi', 'num_play_int', 'dom_perc', 'int_perc')",0.298072199
"('bmi', 'qol', 'mv_play_dom')",0.297513275
"('gdp_usd', 'num_play_dom', 'int_perc')",0.297463482
"('gdp_usd', 'num_play_dom', 'dom_perc')",0.297463482
"('gdp_usd', 'num_play_dom', 'dom_perc', 'int_perc')",0.297463482
"('gdp_usd', 'mv_usd', 'elo_rating', 'num_play_dom', 'mv_play_int')",0.297443169
"('power_rating', 'gdp_usd', 'bmi', 'qol', 'num_play_dom', 'dom_perc')",0.297410777
"('power_rating', 'gdp_usd', 'bmi', 'qol', 'num_play_dom', 'int_perc')",0.297410777
"('power_rating', 'gdp_usd', 'bmi', 'qol', 'num_play_dom', 'dom_perc', 'int_perc')",0.297410777
"('power_rating', 'gdp_usd', 'mv_usd', 'life_exp', 'num_play_int', 'dom_int_mv_ratio')",0.297226509
"('power_rating', 'gdp_usd', 'life_exp', 'num_play_int', 'dom_int_mv_ratio')",0.297109483
"('power_rating', 'bmi', 'qol', 'num_play_dom', 'dom_perc')",0.297070091
"('power_rating', 'bmi', 'qol', 'num_play_dom', 'int_perc')",0.297070091
"('power_rating', 'bmi', 'qol', 'num_play_dom', 'dom_perc', 'int_perc')",0.297070091
"('gdp_usd', 'bmi', 'life_exp', 'qol', 'num_play_int', 'dom_int_mv_ratio')",0.296897025
"('mv_usd', 'bmi', 'life_exp', 'num_play_int')",0.296882381
"('bmi', 'mv_play_dom', 'num_play_dom', 'num_play_int', 'dom_int_mv_ratio', 'dom_perc')",0.296184332
"('bmi', 'mv_play_dom', 'num_play_dom', 'num_play_int', 'dom_int_mv_ratio', 'int_perc')",0.296184332
"('bmi', 'mv_play_dom', 'num_play_dom', 'num_play_int', 'dom_int_mv_ratio', 'dom_perc', 'int_perc')",0.296184332
"('power_rating', 'mv_usd', 'life_exp', 'num_play_int', 'dom_int_mv_ratio')",0.29616663
"('power_rating', 'life_exp', 'num_play_int', 'dom_int_mv_ratio')",0.296166529
"('gdp_usd', 'life_exp', 'num_play_int', 'dom_int_mv_ratio', 'dom_perc')",0.295990265
"('gdp_usd', 'life_exp', 'num_play_int', 'dom_int_mv_ratio', 'int_perc')",0.295990265
"('gdp_usd', 'life_exp', 'num_play_int', 'dom_int_mv_ratio', 'dom_perc', 'int_perc')",0.295990265
"('gdp_usd', 'num_play_int', 'dom_int_mv_ratio', 'dom_perc')",0.295989519
"('gdp_usd', 'num_play_int', 'dom_int_mv_ratio', 'int_perc')",0.295989519
"('gdp_usd', 'num_play_int', 'dom_int_mv_ratio', 'dom_perc', 'int_perc')",0.295989519
"('bmi', 'qol', 'mv_play_int')",0.295947446
"('power_rating', 'gdp_usd', 'bmi', 'qol', 'num_play_dom')",0.295355084
"('power_rating', 'bmi', 'qol', 'num_play_dom')",0.295331613
"('bmi', 'qol', 'num_play_int')",0.294812729
"('power_rating', 'gdp_usd', 'qol', 'num_play_dom', 'dom_perc')",0.294361553
"('power_rating', 'gdp_usd', 'qol', 'num_play_dom', 'int_perc')",0.294361553
"('power_rating', 'gdp_usd', 'qol', 'num_play_dom', 'dom_perc', 'int_perc')",0.294361553
"('gdp_usd', 'elo_rating', 'bmi', 'life_exp', 'qol', 'num_play_int')",0.294308541
"('power_rating', 'mv_usd', 'bmi', 'mv_play_dom', 'num_play_int')",0.294307945
"('power_rating', 'qol', 'num_play_dom', 'dom_perc')",0.294186654
"('power_rating', 'qol', 'num_play_dom', 'int_perc')",0.294186654
"('power_rating', 'qol', 'num_play_dom', 'dom_perc', 'int_perc')",0.294186654
"('bmi', 'mv_play_dom', 'num_play_int', 'dom_int_mv_ratio', 'dom_perc')",0.293647137
"('bmi', 'mv_play_dom', 'num_play_int', 'dom_int_mv_ratio', 'int_perc')",0.293647137
"('bmi', 'mv_play_dom', 'num_play_int', 'dom_int_mv_ratio', 'dom_perc', 'int_perc')",0.293647137
"('gdp_usd', 'mv_usd', 'elo_rating', 'bmi', 'qol', 'mv_play_dom', 'mv_play_int', 'dom_int_mv_ratio', 'dom_perc')",0.293535327
"('gdp_usd', 'mv_usd', 'elo_rating', 'bmi', 'qol', 'mv_play_dom', 'mv_play_int', 'dom_int_mv_ratio', 'int_perc')",0.293535327
"('gdp_usd', 'mv_usd', 'elo_rating', 'bmi', 'qol', 'mv_play_dom', 'mv_play_int', 'dom_int_mv_ratio', 'dom_perc', 'int_perc')",0.293535327
"('gdp_usd', 'mv_usd', 'elo_rating', 'bmi', 'life_exp', 'mv_play_dom', 'mv_play_int', 'dom_int_mv_ratio', 'dom_perc')",0.29347017
"('gdp_usd', 'mv_usd', 'elo_rating', 'bmi', 'life_exp', 'mv_play_dom', 'mv_play_int', 'dom_int_mv_ratio', 'int_perc')",0.29347017
"('gdp_usd', 'mv_usd', 'elo_rating', 'bmi', 'life_exp', 'mv_play_dom', 'mv_play_int', 'dom_int_mv_ratio', 'dom_perc', 'int_perc')",0.29347017
"('gdp_usd', 'elo_rating', 'qol', 'mv_play_dom', 'mv_play_int', 'num_play_int', 'dom_int_mv_ratio')",0.293320012
"('mv_usd', 'num_play_int', 'dom_perc')",0.293232603
"('mv_usd', 'num_play_int', 'int_perc')",0.293232603
"('mv_usd', 'num_play_int', 'dom_perc', 'int_perc')",0.293232603
"('gdp_usd', 'elo_rating', 'life_exp', 'mv_play_dom', 'num_play_dom', 'mv_play_int', 'dom_int_mv_ratio')",0.293105836
"('power_rating', 'gdp_usd', 'qol', 'num_play_dom')",0.293044274
"('power_rating', 'qol', 'num_play_dom')",0.293015617
"('gdp_usd', 'bmi', 'life_exp', 'qol', 'num_play_dom', 'mv_play_int')",0.29284262
"('gdp_usd', 'qol', 'mv_play_dom', 'mv_play_int', 'num_play_int', 'dom_int_mv_ratio')",0.2925922
"('gdp_usd', 'elo_rating', 'qol', 'mv_play_dom', 'num_play_int', 'dom_int_mv_ratio')",0.29249913
"('gdp_usd', 'elo_rating', 'bmi', 'life_exp', 'mv_play_dom', 'mv_play_int', 'num_play_int', 'dom_int_mv_ratio')",0.292422412
"('gdp_usd', 'elo_rating', 'life_exp', 'num_play_dom', 'mv_play_int', 'dom_int_mv_ratio')",0.292235757
"('gdp_usd', 'life_exp', 'qol', 'num_play_dom', 'mv_play_int')",0.292226198
"('gdp_usd', 'elo_rating', 'qol', 'mv_play_dom', 'mv_play_int', 'num_play_int')",0.292171462
"('gdp_usd', 'qol', 'mv_play_dom', 'mv_play_int', 'num_play_int')",0.29177397
"('gdp_usd', 'bmi', 'life_exp', 'mv_play_dom', 'mv_play_int', 'num_play_int', 'dom_int_mv_ratio')",0.291496433
"('gdp_usd', 'elo_rating', 'life_exp', 'qol', 'mv_play_int', 'num_play_int', 'dom_int_mv_ratio')",0.291384991
"('power_rating', 'mv_usd', 'bmi', 'life_exp', 'mv_play_dom')",0.29124123
"('bmi', 'num_play_dom', 'mv_play_int', 'num_play_int', 'dom_int_mv_ratio', 'dom_perc')",0.291065189
"('bmi', 'num_play_dom', 'mv_play_int', 'num_play_int', 'dom_int_mv_ratio', 'int_perc')",0.291065189
"('bmi', 'num_play_dom', 'mv_play_int', 'num_play_int', 'dom_int_mv_ratio', 'dom_perc', 'int_perc')",0.291065189
"('gdp_usd', 'elo_rating', 'bmi', 'life_exp', 'mv_play_dom', 'num_play_int', 'dom_int_mv_ratio')",0.290947299
"('gdp_usd', 'bmi', 'life_exp', 'mv_play_dom', 'num_play_int', 'dom_int_mv_ratio')",0.290929035
"('gdp_usd', 'elo_rating', 'bmi', 'life_exp', 'mv_play_dom', 'mv_play_int', 'num_play_int')",0.290830703
"('power_rating', 'gdp_usd', 'bmi', 'life_exp', 'qol', 'mv_play_dom', 'num_play_int')",0.290611487
"('gdp_usd', 'bmi', 'life_exp', 'mv_play_dom', 'mv_play_int', 'num_play_int')",0.290386491
"('gdp_usd', 'elo_rating', 'bmi', 'life_exp', 'mv_play_dom', 'num_play_int')",0.290338576
"('gdp_usd', 'bmi', 'life_exp', 'mv_play_dom', 'num_play_int')",0.290277692
"('power_rating', 'mv_usd', 'life_exp', 'mv_play_dom')",0.290010535
"('gdp_usd', 'elo_rating', 'qol', 'mv_play_dom', 'num_play_int')",0.289879043
"('power_rating', 'gdp_usd', 'bmi', 'life_exp', 'qol', 'mv_play_dom')",0.289799951
"('mv_usd', 'life_exp', 'qol', 'num_play_int')",0.289673297
"('gdp_usd', 'mv_usd', 'elo_rating', 'bmi', 'life_exp', 'qol', 'mv_play_int', 'dom_int_mv_ratio')",0.289670194
"('mv_usd', 'life_exp', 'num_play_int')",0.289343044
"('bmi', 'mv_play_int', 'num_play_int', 'dom_int_mv_ratio', 'dom_perc')",0.289255349
"('bmi', 'mv_play_int', 'num_play_int', 'dom_int_mv_ratio', 'int_perc')",0.289255349
"('bmi', 'mv_play_int', 'num_play_int', 'dom_int_mv_ratio', 'dom_perc', 'int_perc')",0.289255349
"('power_rating', 'gdp_usd', 'mv_usd', 'bmi', 'life_exp', 'dom_int_mv_ratio')",0.289141363
"('gdp_usd', 'elo_rating', 'mv_play_dom', 'num_play_dom', 'mv_play_int', 'dom_int_mv_ratio')",0.288433806
"('power_rating', 'gdp_usd', 'bmi', 'qol', 'mv_play_dom', 'num_play_int')",0.288248174
"('gdp_usd', 'qol', 'mv_play_dom', 'num_play_int', 'dom_int_mv_ratio')",0.28822593
"('power_rating', 'gdp_usd', 'bmi', 'qol', 'mv_play_dom')",0.288087582
"('gdp_usd', 'elo_rating', 'life_exp', 'mv_play_dom', 'num_play_dom', 'mv_play_int')",0.288075056
"('gdp_usd', 'elo_rating', 'life_exp', 'num_play_dom', 'mv_play_int')",0.288046548
"('gdp_usd', 'elo_rating', 'num_play_dom', 'mv_play_int', 'dom_int_mv_ratio')",0.287612368
"('bmi', 'num_play_dom', 'num_play_int', 'dom_int_mv_ratio', 'dom_perc')",0.287041993
"('bmi', 'num_play_dom', 'num_play_int', 'dom_int_mv_ratio', 'int_perc')",0.287041993
"('bmi', 'num_play_dom', 'num_play_int', 'dom_int_mv_ratio', 'dom_perc', 'int_perc')",0.287041993
"('power_rating', 'gdp_usd', 'mv_usd', 'mv_play_dom', 'num_play_int')",0.28660346
"('power_rating', 'gdp_usd', 'mv_usd', 'bmi', 'mv_play_dom')",0.286530777
"('bmi', 'num_play_int', 'dom_int_mv_ratio', 'dom_perc')",0.286030365
"('bmi', 'num_play_int', 'dom_int_mv_ratio', 'int_perc')",0.286030365
"('bmi', 'num_play_int', 'dom_int_mv_ratio', 'dom_perc', 'int_perc')",0.286030365
"('power_rating', 'mv_usd', 'bmi', 'mv_play_dom', 'dom_int_mv_ratio')",0.2856576
"('power_rating', 'bmi', 'life_exp', 'qol', 'mv_play_dom', 'num_play_int')",0.285528793
"('mv_usd', 'bmi', 'num_play_dom', 'num_play_int')",0.285464137
"('gdp_usd', 'elo_rating', 'mv_play_dom', 'num_play_dom', 'mv_play_int')",0.285258236
"('gdp_usd', 'elo_rating', 'num_play_dom', 'mv_play_int')",0.285257212
"('gdp_usd', 'mv_usd', 'bmi', 'qol', 'num_play_dom', 'mv_play_int')",0.284899874
"('gdp_usd', 'qol', 'mv_play_dom', 'num_play_int')",0.284701913
"('power_rating', 'gdp_usd', 'mv_play_dom', 'dom_perc')",0.28465539
"('power_rating', 'gdp_usd', 'mv_play_dom', 'int_perc')",0.28465539
"('power_rating', 'gdp_usd', 'mv_play_dom', 'dom_perc', 'int_perc')",0.28465539
"('power_rating', 'gdp_usd', 'bmi', 'life_exp', 'mv_play_dom', 'dom_int_mv_ratio')",0.284530283
"('power_rating', 'gdp_usd', 'bmi', 'life_exp', 'dom_int_mv_ratio')",0.284334492
"('gdp_usd', 'mv_usd', 'qol', 'num_play_dom', 'mv_play_int')",0.284288764
"('num_play_int', 'dom_perc')",0.284166431
"('num_play_int', 'int_perc')",0.284166431
"('num_play_int', 'dom_perc', 'int_perc')",0.284166431
"('gdp_usd', 'mv_usd', 'elo_rating', 'life_exp', 'qol', 'mv_play_dom', 'mv_play_int', 'dom_int_mv_ratio', 'dom_perc')",0.284147972
"('gdp_usd', 'mv_usd', 'elo_rating', 'life_exp', 'qol', 'mv_play_dom', 'mv_play_int', 'dom_int_mv_ratio', 'int_perc')",0.284147972
"('gdp_usd', 'mv_usd', 'elo_rating', 'life_exp', 'qol', 'mv_play_dom', 'mv_play_int', 'dom_int_mv_ratio', 'dom_perc', 'int_perc')",0.284147972
"('power_rating', 'mv_play_dom', 'dom_perc')",0.284117982
"('power_rating', 'mv_play_dom', 'int_perc')",0.284117982
"('power_rating', 'mv_play_dom', 'dom_perc', 'int_perc')",0.284117982
"('power_rating', 'mv_usd', 'bmi', 'life_exp', 'dom_int_mv_ratio')",0.283859944
"('power_rating', 'mv_usd', 'mv_play_dom', 'dom_int_mv_ratio')",0.283762179
"('gdp_usd', 'mv_usd', 'elo_rating', 'bmi', 'mv_play_dom', 'mv_play_int', 'dom_int_mv_ratio', 'dom_perc')",0.283603625
"('gdp_usd', 'mv_usd', 'elo_rating', 'bmi', 'mv_play_dom', 'mv_play_int', 'dom_int_mv_ratio', 'int_perc')",0.283603625
"('gdp_usd', 'mv_usd', 'elo_rating', 'bmi', 'mv_play_dom', 'mv_play_int', 'dom_int_mv_ratio', 'dom_perc', 'int_perc')",0.283603625
"('gdp_usd', 'mv_usd', 'elo_rating', 'bmi', 'life_exp', 'qol', 'mv_play_dom', 'mv_play_int', 'dom_perc')",0.283531892
"('gdp_usd', 'mv_usd', 'elo_rating', 'bmi', 'life_exp', 'qol', 'mv_play_dom', 'mv_play_int', 'int_perc')",0.283531892
"('gdp_usd', 'mv_usd', 'elo_rating', 'bmi', 'life_exp', 'qol', 'mv_play_dom', 'mv_play_int', 'dom_perc', 'int_perc')",0.283531892
"('power_rating', 'gdp_usd', 'mv_usd', 'life_exp', 'dom_int_mv_ratio')",0.282931274
"('power_rating', 'mv_usd', 'mv_play_dom', 'num_play_int')",0.282090796
"('gdp_usd', 'bmi', 'life_exp', 'mv_play_dom', 'num_play_dom', 'mv_play_int', 'dom_int_mv_ratio')",0.282057391
"('gdp_usd', 'bmi', 'mv_play_dom', 'num_play_dom', 'mv_play_int', 'dom_int_mv_ratio')",0.282056985
"('gdp_usd', 'elo_rating', 'bmi', 'mv_play_dom', 'mv_play_int', 'num_play_int', 'dom_int_mv_ratio')",0.282042365
"('power_rating', 'bmi', 'life_exp', 'mv_play_dom', 'dom_int_mv_ratio')",0.280809153
"('gdp_usd', 'bmi', 'mv_play_dom', 'mv_play_int', 'num_play_int', 'dom_int_mv_ratio')",0.280544848
"('power_rating', 'bmi', 'life_exp', 'dom_int_mv_ratio')",0.280499195
"('gdp_usd', 'elo_rating', 'bmi', 'mv_play_dom', 'num_play_int', 'dom_int_mv_ratio')",0.28036026
"('power_rating', 'bmi', 'qol', 'mv_play_dom', 'num_play_int')",0.280274772
"('gdp_usd', 'bmi', 'mv_play_dom', 'num_play_int', 'dom_int_mv_ratio')",0.280180435
"('gdp_usd', 'life_exp', 'num_play_int', 'dom_perc')",0.280056687
"('gdp_usd', 'life_exp', 'num_play_int', 'int_perc')",0.280056687
"('gdp_usd', 'life_exp', 'num_play_int', 'dom_perc', 'int_perc')",0.280056687
"('bmi', 'qol')",0.279926251
"('power_rating', 'bmi', 'life_exp', 'qol', 'mv_play_dom')",0.279609916
"('elo_rating', 'mv_play_int')",0.279261942
"('gdp_usd', 'bmi', 'life_exp', 'qol', 'mv_play_int', 'num_play_int')",0.278938627
"('gdp_usd', 'elo_rating', 'bmi', 'mv_play_dom', 'mv_play_int', 'num_play_int')",0.278780339
"('gdp_usd', 'elo_rating', 'bmi', 'mv_play_dom', 'num_play_int')",0.278531323
"('gdp_usd', 'elo_rating', 'bmi', 'life_exp', 'qol', 'mv_play_dom', 'num_play_dom', 'dom_int_mv_ratio')",0.278443074
"('gdp_usd', 'bmi', 'life_exp', 'mv_play_dom', 'num_play_dom', 'mv_play_int')",0.278351195
"('gdp_usd', 'bmi', 'life_exp', 'qol', 'num_play_int')",0.278340168
"('gdp_usd', 'elo_rating', 'life_exp', 'qol', 'mv_play_dom', 'num_play_dom', 'dom_int_mv_ratio')",0.278286813
"('gdp_usd', 'bmi', 'mv_play_dom', 'num_play_dom', 'mv_play_int')",0.278267385
"('gdp_usd', 'bmi', 'mv_play_dom', 'mv_play_int', 'num_play_int')",0.278124225
"('gdp_usd', 'bmi', 'mv_play_dom', 'num_play_int')",0.278114544
"('power_rating', 'gdp_usd', 'life_exp', 'mv_play_dom', 'dom_int_mv_ratio')",0.277872589
"('gdp_usd', 'num_play_int', 'dom_perc')",0.277805046
"('gdp_usd', 'num_play_int', 'int_perc')",0.277805046
"('gdp_usd', 'num_play_int', 'dom_perc', 'int_perc')",0.277805046
"('power_rating', 'gdp_usd', 'life_exp', 'dom_int_mv_ratio')",0.277488881
"('power_rating', 'gdp_usd', 'bmi', 'life_exp', 'qol', 'dom_perc')",0.277352952
"('power_rating', 'gdp_usd', 'bmi', 'life_exp', 'qol', 'int_perc')",0.277352952
"('power_rating', 'gdp_usd', 'bmi', 'life_exp', 'qol', 'dom_perc', 'int_perc')",0.277352952
"('bmi', 'mv_play_dom', 'num_play_dom', 'mv_play_int', 'num_play_int', 'dom_perc')",0.276772108
"('bmi', 'mv_play_dom', 'num_play_dom', 'mv_play_int', 'num_play_int', 'int_perc')",0.276772108
"('bmi', 'mv_play_dom', 'num_play_dom', 'mv_play_int', 'num_play_int', 'dom_perc', 'int_perc')",0.276772108
"('gdp_usd', 'elo_rating', 'bmi', 'life_exp', 'qol', 'num_play_dom', 'dom_int_mv_ratio')",0.276696418
"('power_rating', 'gdp_usd', 'life_exp', 'qol', 'mv_play_dom', 'num_play_int')",0.276675267
"('power_rating', 'gdp_usd', 'bmi', 'life_exp', 'num_play_dom', 'dom_perc')",0.276673896
"('power_rating', 'gdp_usd', 'bmi', 'life_exp', 'num_play_dom', 'int_perc')",0.276673896
"('power_rating', 'gdp_usd', 'bmi', 'life_exp', 'num_play_dom', 'dom_perc', 'int_perc')",0.276673896
"('power_rating', 'gdp_usd', 'life_exp', 'qol', 'dom_perc')",0.276584605
"('power_rating', 'gdp_usd', 'life_exp', 'qol', 'int_perc')",0.276584605
"('power_rating', 'gdp_usd', 'life_exp', 'qol', 'dom_perc', 'int_perc')",0.276584605
"('power_rating', 'gdp_usd', 'qol', 'mv_play_dom', 'num_play_int')",0.276536179
"('power_rating', 'bmi', 'qol', 'mv_play_dom')",0.276453981
"('gdp_usd', 'mv_usd', 'elo_rating', 'bmi', 'life_exp', 'qol', 'mv_play_dom', 'dom_int_mv_ratio', 'dom_perc')",0.276240423
"('gdp_usd', 'mv_usd', 'elo_rating', 'bmi', 'life_exp', 'qol', 'mv_play_dom', 'dom_int_mv_ratio', 'int_perc')",0.276240423
"('gdp_usd', 'mv_usd', 'elo_rating', 'bmi', 'life_exp', 'qol', 'mv_play_dom', 'dom_int_mv_ratio', 'dom_perc', 'int_perc')",0.276240423
"('gdp_usd', 'elo_rating', 'life_exp', 'qol', 'num_play_dom', 'dom_int_mv_ratio')",0.276220864
"('gdp_usd', 'mv_usd', 'elo_rating', 'bmi', 'qol', 'num_play_dom', 'dom_int_mv_ratio')",0.275950851
"('gdp_usd', 'mv_usd', 'elo_rating', 'qol', 'num_play_dom', 'dom_int_mv_ratio')",0.275870957
"('power_rating', 'gdp_usd', 'life_exp', 'qol', 'mv_play_dom')",0.275730856
"('power_rating', 'gdp_usd', 'qol', 'mv_play_dom')",0.275730507
"('gdp_usd', 'mv_usd', 'bmi', 'life_exp', 'num_play_dom', 'mv_play_int', 'dom_int_mv_ratio')",0.274521014
"('bmi', 'mv_play_dom', 'num_play_dom', 'mv_play_int', 'dom_int_mv_ratio', 'dom_perc')",0.274429989
"('bmi', 'mv_play_dom', 'num_play_dom', 'mv_play_int', 'dom_int_mv_ratio', 'dom_perc', 'int_perc')",0.274429989
"('bmi', 'mv_play_dom', 'num_play_dom', 'mv_play_int', 'dom_int_mv_ratio', 'int_perc')",0.274429989
"('gdp_usd', 'elo_rating', 'bmi', 'life_exp', 'qol', 'mv_play_dom', 'num_play_dom')",0.274415346
"('gdp_usd', 'mv_usd', 'bmi', 'num_play_dom', 'mv_play_int', 'dom_int_mv_ratio')",0.274303343
"('gdp_usd', 'elo_rating', 'bmi', 'life_exp', 'qol', 'num_play_dom')",0.274181442
"('gdp_usd', 'mv_usd', 'elo_rating', 'bmi', 'qol', 'mv_play_int', 'dom_int_mv_ratio', 'dom_perc')",0.274007121
"('gdp_usd', 'mv_usd', 'elo_rating', 'bmi', 'qol', 'mv_play_int', 'dom_int_mv_ratio', 'int_perc')",0.274007121
"('gdp_usd', 'mv_usd', 'elo_rating', 'bmi', 'qol', 'mv_play_int', 'dom_int_mv_ratio', 'dom_perc', 'int_perc')",0.274007121
"('gdp_usd', 'elo_rating', 'life_exp', 'qol', 'mv_play_dom', 'num_play_dom')",0.273961731
"('power_rating', 'gdp_usd', 'bmi', 'qol', 'dom_perc')",0.273940632
"('power_rating', 'gdp_usd', 'bmi', 'qol', 'int_perc')",0.273940632
"('power_rating', 'gdp_usd', 'bmi', 'qol', 'dom_perc', 'int_perc')",0.273940632
"('power_rating', 'gdp_usd', 'qol', 'dom_perc')",0.27385956
"('power_rating', 'gdp_usd', 'qol', 'int_perc')",0.27385956
"('power_rating', 'gdp_usd', 'qol', 'dom_perc', 'int_perc')",0.27385956
"('gdp_usd', 'elo_rating', 'life_exp', 'qol', 'num_play_dom')",0.273593393
"('gdp_usd', 'life_exp', 'mv_play_dom', 'num_play_dom', 'mv_play_int', 'dom_int_mv_ratio')",0.273463741
"('gdp_usd', 'bmi', 'life_exp', 'num_play_dom', 'mv_play_int', 'dom_int_mv_ratio')",0.273221979
"('gdp_usd', 'bmi', 'num_play_dom', 'mv_play_int', 'dom_int_mv_ratio')",0.273124213
"('gdp_usd', 'bmi', 'life_exp', 'qol', 'mv_play_dom', 'num_play_dom', 'dom_int_mv_ratio')",0.273057332
"('gdp_usd', 'life_exp', 'qol', 'mv_play_dom', 'num_play_dom', 'dom_int_mv_ratio')",0.273037813
"('bmi', 'num_play_dom', 'mv_play_int', 'num_play_int', 'dom_perc')",0.272833093
"('bmi', 'num_play_dom', 'mv_play_int', 'num_play_int', 'int_perc')",0.272833093
"('bmi', 'num_play_dom', 'mv_play_int', 'num_play_int', 'dom_perc', 'int_perc')",0.272833093
"('power_rating', 'mv_usd', 'life_exp', 'dom_int_mv_ratio')",0.272639276
"('gdp_usd', 'mv_usd', 'elo_rating', 'bmi', 'life_exp', 'qol', 'mv_play_dom', 'dom_int_mv_ratio')",0.272562559
"('gdp_usd', 'bmi', 'qol', 'num_play_dom', 'mv_play_int')",0.272085847
"('gdp_usd', 'qol', 'num_play_dom', 'mv_play_int')",0.271904835
"('gdp_usd', 'mv_usd', 'elo_rating', 'bmi', 'life_exp', 'mv_play_int', 'dom_int_mv_ratio', 'dom_perc')",0.270964458
"('gdp_usd', 'mv_usd', 'elo_rating', 'bmi', 'life_exp', 'mv_play_int', 'dom_int_mv_ratio', 'int_perc')",0.270964458
"('gdp_usd', 'mv_usd', 'elo_rating', 'bmi', 'life_exp', 'mv_play_int', 'dom_int_mv_ratio', 'dom_perc', 'int_perc')",0.270964458
"('gdp_usd', 'life_exp', 'mv_play_dom', 'num_play_dom', 'mv_play_int')",0.270747387
"('power_rating', 'bmi', 'life_exp', 'qol', 'dom_perc')",0.270433515
"('power_rating', 'bmi', 'life_exp', 'qol', 'int_perc')",0.270433515
"('power_rating', 'bmi', 'life_exp', 'qol', 'dom_perc', 'int_perc')",0.270433515
"('bmi', 'mv_play_dom', 'mv_play_int', 'num_play_int', 'dom_perc')",0.270287272
"('bmi', 'mv_play_dom', 'mv_play_int', 'num_play_int', 'int_perc')",0.270287272
"('bmi', 'mv_play_dom', 'mv_play_int', 'num_play_int', 'dom_perc', 'int_perc')",0.270287272
"('gdp_usd', 'mv_usd', 'elo_rating', 'bmi', 'qol', 'num_play_dom')",0.269983829
"('gdp_usd', 'mv_usd', 'elo_rating', 'bmi', 'life_exp', 'mv_play_dom', 'mv_play_int', 'dom_int_mv_ratio')",0.26997271
"('gdp_usd', 'mv_usd', 'elo_rating', 'qol', 'num_play_dom')",0.269957063
"('power_rating', 'life_exp', 'mv_play_dom', 'dom_int_mv_ratio')",0.269957052
"('bmi', 'mv_play_dom', 'num_play_dom', 'dom_int_mv_ratio', 'dom_perc')",0.26982803
"('bmi', 'mv_play_dom', 'num_play_dom', 'dom_int_mv_ratio', 'int_perc')",0.26982803
"('bmi', 'mv_play_dom', 'num_play_dom', 'dom_int_mv_ratio', 'dom_perc', 'int_perc')",0.26982803
"('gdp_usd', 'mv_play_dom', 'num_play_dom', 'mv_play_int', 'dom_int_mv_ratio')",0.26978295
"('gdp_usd', 'bmi', 'life_exp', 'qol', 'mv_play_dom', 'num_play_dom')",0.269259484
"('power_rating', 'life_exp', 'dom_int_mv_ratio')",0.269226418
"('gdp_usd', 'life_exp', 'qol', 'mv_play_dom', 'num_play_dom')",0.2690872
"('bmi', 'mv_play_int', 'num_play_int', 'dom_perc')",0.268735898
"('bmi', 'mv_play_int', 'num_play_int', 'int_perc')",0.268735898
"('bmi', 'mv_play_int', 'num_play_int', 'dom_perc', 'int_perc')",0.268735898
"('bmi', 'mv_play_dom', 'num_play_dom', 'mv_play_int', 'num_play_int', 'dom_int_mv_ratio')",0.268680443
"('power_rating', 'gdp_usd', 'mv_usd', 'mv_play_dom')",0.26865734
"('bmi', 'mv_play_dom', 'num_play_dom', 'mv_play_int', 'dom_int_mv_ratio')",0.268373863
"('gdp_usd', 'mv_usd', 'elo_rating', 'life_exp', 'mv_play_dom', 'mv_play_int', 'num_play_int', 'dom_int_mv_ratio')",0.268275328
"('gdp_usd', 'mv_play_dom', 'num_play_dom', 'mv_play_int')",0.268251611
"('gdp_usd', 'mv_usd', 'life_exp', 'mv_play_dom', 'mv_play_int', 'num_play_int', 'dom_int_mv_ratio')",0.268233373
"('gdp_usd', 'mv_usd', 'elo_rating', 'mv_play_dom', 'mv_play_int', 'num_play_int', 'dom_int_mv_ratio')",0.26817787
"('gdp_usd', 'mv_usd', 'mv_play_dom', 'mv_play_int', 'num_play_int', 'dom_int_mv_ratio')",0.268112281
"('bmi', 'mv_play_dom', 'num_play_dom', 'num_play_int', 'dom_int_mv_ratio')",0.268034008
"('gdp_usd', 'mv_usd', 'elo_rating', 'bmi', 'life_exp', 'qol', 'mv_play_int', 'dom_perc')",0.268025969
"('gdp_usd', 'mv_usd', 'elo_rating', 'bmi', 'life_exp', 'qol', 'mv_play_int', 'int_perc')",0.268025969
"('gdp_usd', 'mv_usd', 'elo_rating', 'bmi', 'life_exp', 'qol', 'mv_play_int', 'dom_perc', 'int_perc')",0.268025969
"('power_rating', 'life_exp', 'qol', 'dom_perc')",0.268003158
"('power_rating', 'life_exp', 'qol', 'int_perc')",0.268003158
"('power_rating', 'life_exp', 'qol', 'dom_perc', 'int_perc')",0.268003158
"('power_rating', 'gdp_usd', 'bmi', 'life_exp', 'qol', 'num_play_int')",0.267831301
"('gdp_usd', 'mv_usd', 'elo_rating', 'qol', 'mv_play_dom', 'mv_play_int', 'dom_int_mv_ratio', 'dom_perc')",0.267441072
"('gdp_usd', 'mv_usd', 'elo_rating', 'qol', 'mv_play_dom', 'mv_play_int', 'dom_int_mv_ratio', 'int_perc')",0.267441072
"('gdp_usd', 'mv_usd', 'elo_rating', 'qol', 'mv_play_dom', 'mv_play_int', 'dom_int_mv_ratio', 'dom_perc', 'int_perc')",0.267441072
"('power_rating', 'bmi', 'life_exp', 'qol', 'num_play_int')",0.267334275
"('bmi', 'mv_play_dom', 'num_play_dom', 'dom_int_mv_ratio')",0.267236345
"('power_rating', 'gdp_usd', 'life_exp', 'num_play_dom', 'dom_perc')",0.266998725
"('power_rating', 'gdp_usd', 'life_exp', 'num_play_dom', 'int_perc')",0.266998725
"('power_rating', 'gdp_usd', 'life_exp', 'num_play_dom', 'dom_perc', 'int_perc')",0.266998725
"('power_rating', 'life_exp', 'qol', 'mv_play_dom', 'num_play_int')",0.266705615
"('bmi', 'num_play_dom', 'mv_play_int', 'num_play_int', 'dom_int_mv_ratio')",0.266502508
"('power_rating', 'bmi', 'num_play_dom', 'num_play_int')",0.266383027
"('bmi', 'num_play_dom', 'num_play_int', 'dom_int_mv_ratio')",0.266280281
"('power_rating', 'bmi', 'qol', 'dom_perc')",0.265458823
"('power_rating', 'bmi', 'qol', 'int_perc')",0.265458823
"('power_rating', 'bmi', 'qol', 'dom_perc', 'int_perc')",0.265458823
"('power_rating', 'qol', 'mv_play_dom', 'num_play_int')",0.265359473
"('mv_usd', 'num_play_dom', 'num_play_int')",0.265238308
"('mv_play_int', 'num_play_int', 'dom_int_mv_ratio')",0.265231246
"('power_rating', 'gdp_usd', 'num_play_dom', 'num_play_int', 'dom_perc')",0.264986044
"('power_rating', 'gdp_usd', 'num_play_dom', 'num_play_int', 'int_perc')",0.264986044
"('power_rating', 'gdp_usd', 'num_play_dom', 'num_play_int', 'dom_perc', 'int_perc')",0.264986044
"('bmi', 'num_play_dom', 'mv_play_int', 'dom_int_mv_ratio', 'dom_perc')",0.264796717
"('bmi', 'num_play_dom', 'mv_play_int', 'dom_int_mv_ratio', 'int_perc')",0.264796717
"('bmi', 'num_play_dom', 'mv_play_int', 'dom_int_mv_ratio', 'dom_perc', 'int_perc')",0.264796717
"('power_rating', 'qol', 'dom_perc')",0.264617471
"('power_rating', 'qol', 'int_perc')",0.264617471
"('power_rating', 'qol', 'dom_perc', 'int_perc')",0.264617471
"('power_rating', 'gdp_usd', 'bmi', 'mv_play_dom', 'num_play_int', 'dom_int_mv_ratio')",0.264613823
"('power_rating', 'bmi', 'mv_play_dom', 'num_play_int', 'dom_int_mv_ratio')",0.264607186
"('bmi', 'num_play_dom', 'mv_play_int', 'dom_int_mv_ratio')",0.26429459
"('gdp_usd', 'mv_usd', 'elo_rating', 'life_exp', 'mv_play_dom', 'num_play_int', 'dom_int_mv_ratio')",0.263694515
"('power_rating', 'gdp_usd', 'mv_play_dom', 'num_play_int', 'dom_int_mv_ratio')",0.263669638
"('power_rating', 'mv_play_dom', 'num_play_int', 'dom_int_mv_ratio')",0.263636928
"('bmi', 'num_play_dom', 'dom_int_mv_ratio', 'dom_perc')",0.26354096
"('bmi', 'num_play_dom', 'dom_int_mv_ratio', 'int_perc')",0.26354096
"('bmi', 'num_play_dom', 'dom_int_mv_ratio', 'dom_perc', 'int_perc')",0.26354096
"('gdp_usd', 'mv_usd', 'elo_rating', 'bmi', 'mv_play_int', 'dom_int_mv_ratio', 'dom_perc')",0.263535026
"('gdp_usd', 'mv_usd', 'elo_rating', 'bmi', 'mv_play_int', 'dom_int_mv_ratio', 'int_perc')",0.263535026
"('gdp_usd', 'mv_usd', 'elo_rating', 'bmi', 'mv_play_int', 'dom_int_mv_ratio', 'dom_perc', 'int_perc')",0.263535026
"('bmi', 'num_play_dom', 'dom_int_mv_ratio')",0.263445474
"('gdp_usd', 'mv_usd', 'elo_rating', 'mv_play_dom', 'num_play_int', 'dom_int_mv_ratio')",0.263243588
"('mv_usd', 'bmi', 'qol', 'num_play_int')",0.26285326
"('gdp_usd', 'mv_usd', 'life_exp', 'num_play_dom', 'mv_play_int', 'dom_int_mv_ratio')",0.262792149
"('gdp_usd', 'mv_usd', 'elo_rating', 'life_exp', 'mv_play_int', 'num_play_int', 'dom_int_mv_ratio')",0.262357647
"('gdp_usd', 'life_exp', 'num_play_dom', 'mv_play_int', 'dom_int_mv_ratio')",0.262344673
"('gdp_usd', 'life_exp', 'qol', 'mv_play_int', 'num_play_int', 'dom_int_mv_ratio')",0.262190517
"('gdp_usd', 'elo_rating', 'life_exp', 'qol', 'mv_play_int', 'num_play_int')",0.262083929
"('gdp_usd', 'mv_usd', 'elo_rating', 'mv_play_int', 'num_play_int', 'dom_int_mv_ratio')",0.262074183
"('gdp_usd', 'mv_usd', 'life_exp', 'mv_play_int', 'num_play_int', 'dom_int_mv_ratio')",0.261887115
"('gdp_usd', 'mv_usd', 'elo_rating', 'life_exp', 'mv_play_dom', 'mv_play_int', 'num_play_int')",0.261776006
"('gdp_usd', 'mv_usd', 'elo_rating', 'mv_play_dom', 'mv_play_int', 'num_play_int')",0.261723325
"('gdp_usd', 'mv_usd', 'mv_play_int', 'num_play_int', 'dom_int_mv_ratio')",0.261688368
"('gdp_usd', 'mv_usd', 'elo_rating', 'bmi', 'life_exp', 'qol', 'mv_play_dom', 'mv_play_int')",0.26156303
"('power_rating', 'bmi', 'life_exp', 'num_play_dom', 'dom_perc')",0.261536741
"('power_rating', 'bmi', 'life_exp', 'num_play_dom', 'int_perc')",0.261536741
"('power_rating', 'bmi', 'life_exp', 'num_play_dom', 'dom_perc', 'int_perc')",0.261536741
"('gdp_usd', 'elo_rating', 'bmi', 'qol', 'mv_play_int', 'num_play_int', 'dom_int_mv_ratio')",0.261398496
"('gdp_usd', 'mv_usd', 'life_exp', 'mv_play_dom', 'mv_play_int', 'num_play_int')",0.261235261
"('gdp_usd', 'mv_usd', 'mv_play_dom', 'mv_play_int', 'num_play_int')",0.261214352
"('gdp_usd', 'mv_usd', 'elo_rating', 'life_exp', 'num_play_int', 'dom_int_mv_ratio')",0.261003055
"('gdp_usd', 'mv_usd', 'elo_rating', 'bmi', 'qol', 'mv_play_dom', 'mv_play_int', 'dom_int_mv_ratio')",0.260996629
"('gdp_usd', 'mv_usd', 'elo_rating', 'bmi', 'life_exp', 'mv_play_int', 'dom_int_mv_ratio')",0.260682992
"('gdp_usd', 'mv_usd', 'elo_rating', 'num_play_int', 'dom_int_mv_ratio')",0.260512428
"('gdp_usd', 'mv_usd', 'life_exp', 'mv_play_dom', 'num_play_int', 'dom_int_mv_ratio')",0.260444666
"('gdp_usd', 'mv_usd', 'mv_play_dom', 'num_play_int', 'dom_int_mv_ratio')",0.26011971
"('gdp_usd', 'mv_usd', 'elo_rating', 'life_exp', 'qol', 'mv_play_int', 'dom_int_mv_ratio', 'dom_perc')",0.259924542
"('gdp_usd', 'mv_usd', 'elo_rating', 'life_exp', 'qol', 'mv_play_int', 'dom_int_mv_ratio', 'int_perc')",0.259924542
"('gdp_usd', 'mv_usd', 'elo_rating', 'life_exp', 'qol', 'mv_play_int', 'dom_int_mv_ratio', 'dom_perc', 'int_perc')",0.259924542
"('gdp_usd', 'mv_usd', 'num_play_dom', 'mv_play_int', 'dom_int_mv_ratio')",0.259799727
"('power_rating', 'gdp_usd', 'bmi', 'qol', 'num_play_int')",0.259690207
"('gdp_usd', 'num_play_dom', 'mv_play_int', 'dom_int_mv_ratio')",0.259163848
"('power_rating', 'gdp_usd', 'mv_usd', 'bmi', 'num_play_int', 'dom_int_mv_ratio')",0.258545203
"('gdp_usd', 'mv_usd', 'bmi', 'life_exp', 'num_play_dom', 'mv_play_int')",0.25788813
"('power_rating', 'gdp_usd', 'mv_usd', 'num_play_int', 'dom_int_mv_ratio')",0.257879523
"('power_rating', 'bmi', 'qol', 'num_play_int')",0.257773509
"('gdp_usd', 'mv_usd', 'bmi', 'life_exp', 'qol', 'num_play_dom', 'dom_int_mv_ratio')",0.257729074
"('power_rating', 'gdp_usd', 'bmi', 'num_play_int', 'dom_int_mv_ratio')",0.257541141
"('gdp_usd', 'mv_usd', 'life_exp', 'num_play_int', 'dom_int_mv_ratio')",0.257442489
"('power_rating', 'mv_usd', 'bmi', 'num_play_int', 'dom_int_mv_ratio')",0.257358595
"('gdp_usd', 'mv_usd', 'bmi', 'num_play_dom', 'mv_play_int')",0.257187993
"('gdp_usd', 'mv_usd', 'num_play_int', 'dom_int_mv_ratio')",0.257087602
"('power_rating', 'mv_usd', 'num_play_int', 'dom_int_mv_ratio')",0.257082754
"('power_rating', 'gdp_usd', 'life_exp', 'qol', 'num_play_int')",0.257048482
"('power_rating', 'gdp_usd', 'num_play_int', 'dom_int_mv_ratio')",0.256931322
"('power_rating', 'bmi', 'num_play_int', 'dom_int_mv_ratio')",0.256908516
"('gdp_usd', 'mv_usd', 'elo_rating', 'life_exp', 'mv_play_int', 'num_play_int')",0.25673302
"('gdp_usd', 'mv_usd', 'elo_rating', 'mv_play_int', 'num_play_int')",0.256732828
"('gdp_usd', 'mv_usd', 'life_exp', 'mv_play_int', 'num_play_int')",0.256721094
"('gdp_usd', 'mv_usd', 'mv_play_int', 'num_play_int')",0.256721071
"('power_rating', 'life_exp', 'qol', 'mv_play_dom')",0.256633041
"('power_rating', 'num_play_int', 'dom_int_mv_ratio')",0.256580026
"('power_rating', 'qol', 'mv_play_dom')",0.256570263
"('gdp_usd', 'mv_usd', 'life_exp', 'qol', 'num_play_dom', 'dom_int_mv_ratio')",0.256426038
"('gdp_usd', 'mv_usd', 'elo_rating', 'bmi', 'life_exp', 'qol', 'mv_play_int')",0.256399054
"('power_rating', 'gdp_usd', 'num_play_int', 'dom_perc')",0.256232769
"('power_rating', 'gdp_usd', 'num_play_int', 'int_perc')",0.256232769
"('power_rating', 'gdp_usd', 'num_play_int', 'dom_perc', 'int_perc')",0.256232769
"('gdp_usd', 'bmi', 'life_exp', 'qol', 'num_play_dom', 'dom_int_mv_ratio')",0.256176202
"('gdp_usd', 'elo_rating', 'bmi', 'qol', 'mv_play_int', 'num_play_int')",0.256128189
"('gdp_usd', 'mv_usd', 'elo_rating', 'bmi', 'qol', 'mv_play_int', 'dom_int_mv_ratio')",0.255846423
"('gdp_usd', 'mv_usd', 'elo_rating', 'bmi', 'mv_play_dom', 'mv_play_int', 'dom_int_mv_ratio')",0.255602325
"('gdp_usd', 'elo_rating', 'bmi', 'qol', 'mv_play_dom', 'num_play_dom', 'dom_int_mv_ratio')",0.255585292
"('gdp_usd', 'mv_usd', 'bmi', 'life_exp', 'qol', 'num_play_dom')",0.255397246
"('gdp_usd', 'bmi', 'life_exp', 'qol', 'num_play_dom')",0.255359721
"('gdp_usd', 'life_exp', 'qol', 'num_play_dom', 'dom_int_mv_ratio')",0.255313474
"('mv_usd', 'bmi', 'dom_perc')",0.255053263
"('mv_usd', 'bmi', 'int_perc')",0.255053263
"('mv_usd', 'bmi', 'dom_perc', 'int_perc')",0.255053263
"('power_rating', 'mv_usd', 'bmi', 'mv_play_dom')",0.255003776
"('mv_usd', 'bmi', 'num_play_int')",0.254866119
"('gdp_usd', 'elo_rating', 'qol', 'mv_play_dom', 'num_play_dom', 'dom_int_mv_ratio')",0.254862396
"('gdp_usd', 'mv_usd', 'life_exp', 'qol', 'num_play_dom')",0.254545726
"('gdp_usd', 'life_exp', 'qol', 'num_play_dom')",0.254536976
"('power_rating', 'life_exp', 'qol', 'num_play_int')",0.254315282
"('gdp_usd', 'bmi', 'life_exp', 'num_play_dom', 'mv_play_int')",0.254066496
"('gdp_usd', 'elo_rating', 'bmi', 'qol', 'num_play_int', 'dom_int_mv_ratio')",0.254024015
"('power_rating', 'gdp_usd', 'qol', 'num_play_int')",0.253794483
"('gdp_usd', 'elo_rating', 'bmi', 'qol', 'mv_play_dom', 'num_play_dom')",0.253791247
"('gdp_usd', 'elo_rating', 'life_exp', 'qol', 'num_play_int', 'dom_int_mv_ratio')",0.253696767
"('power_rating', 'gdp_usd', 'mv_usd', 'bmi', 'life_exp', 'num_play_int')",0.253410327
"('gdp_usd', 'elo_rating', 'qol', 'mv_play_dom', 'num_play_dom')",0.253407001
"('gdp_usd', 'elo_rating', 'bmi', 'qol', 'num_play_dom', 'dom_int_mv_ratio')",0.25290771
"('gdp_usd', 'elo_rating', 'bmi', 'life_exp', 'mv_play_int', 'num_play_int', 'dom_int_mv_ratio')",0.252733486
"('gdp_usd', 'bmi', 'qol', 'mv_play_dom', 'num_play_dom', 'dom_int_mv_ratio')",0.252726223
"('gdp_usd', 'mv_usd', 'elo_rating', 'bmi', 'life_exp', 'qol', 'mv_play_dom', 'dom_perc')",0.252662638
"('gdp_usd', 'mv_usd', 'elo_rating', 'bmi', 'life_exp', 'qol', 'mv_play_dom', 'int_perc')",0.252662638
"('gdp_usd', 'mv_usd', 'elo_rating', 'bmi', 'life_exp', 'qol', 'mv_play_dom', 'dom_perc', 'int_perc')",0.252662638
"('gdp_usd', 'elo_rating', 'qol', 'num_play_dom', 'dom_int_mv_ratio')",0.25262518
"('power_rating', 'gdp_usd', 'bmi', 'life_exp', 'num_play_dom')",0.252581794
"('gdp_usd', 'elo_rating', 'bmi', 'qol', 'num_play_dom')",0.252465905
"('gdp_usd', 'mv_usd', 'elo_rating', 'life_exp', 'mv_play_dom', 'num_play_int')",0.25241191
"('gdp_usd', 'mv_usd', 'elo_rating', 'mv_play_dom', 'num_play_int')",0.252402197
"('gdp_usd', 'elo_rating', 'qol', 'num_play_dom')",0.252247618
"('mv_usd', 'dom_perc')",0.252241721
"('mv_usd', 'int_perc')",0.252241721
"('mv_usd', 'dom_perc', 'int_perc')",0.252241721
"('power_rating', 'mv_usd', 'bmi', 'life_exp', 'num_play_int')",0.252218837
"('gdp_usd', 'bmi', 'num_play_dom', 'mv_play_int')",0.252144616
"('gdp_usd', 'qol', 'mv_play_dom', 'num_play_dom', 'dom_int_mv_ratio')",0.251750674
"('gdp_usd', 'mv_usd', 'elo_rating', 'life_exp', 'num_play_int')",0.251736772
"('gdp_usd', 'elo_rating', 'bmi', 'qol', 'num_play_int')",0.251715556
"('gdp_usd', 'mv_usd', 'elo_rating', 'num_play_int')",0.251713945
"('gdp_usd', 'bmi', 'qol', 'mv_play_dom', 'num_play_dom')",0.250960079
"('gdp_usd', 'elo_rating', 'bmi', 'life_exp', 'qol', 'mv_play_dom', 'mv_play_int', 'dom_int_mv_ratio', 'dom_perc')",0.250554341
"('gdp_usd', 'elo_rating', 'bmi', 'life_exp', 'qol', 'mv_play_dom', 'mv_play_int', 'dom_int_mv_ratio', 'int_perc')",0.250554341
"('gdp_usd', 'elo_rating', 'bmi', 'life_exp', 'qol', 'mv_play_dom', 'mv_play_int', 'dom_int_mv_ratio', 'dom_perc', 'int_perc')",0.250554341
"('gdp_usd', 'qol', 'mv_play_dom', 'num_play_dom')",0.250382131
"('power_rating', 'qol', 'num_play_int')",0.250057133
"('gdp_usd', 'elo_rating', 'bmi', 'life_exp', 'num_play_int', 'dom_int_mv_ratio')",0.249974547
"('gdp_usd', 'mv_usd', 'elo_rating', 'bmi', 'mv_play_int', 'dom_int_mv_ratio')",0.249413187
"('gdp_usd', 'life_exp', 'qol', 'num_play_int', 'dom_int_mv_ratio')",0.249328029
"('power_rating', 'gdp_usd', 'mv_usd', 'life_exp', 'num_play_int')",0.249236479
"('gdp_usd', 'mv_usd', 'life_exp', 'num_play_dom', 'mv_play_int')",0.249126826
"('gdp_usd', 'mv_usd', 'life_exp', 'mv_play_dom', 'num_play_int')",0.248977906
"('gdp_usd', 'mv_usd', 'mv_play_dom', 'num_play_int')",0.248977735
"('gdp_usd', 'mv_usd', 'elo_rating', 'bmi', 'life_exp', 'mv_play_dom', 'mv_play_int', 'dom_perc')",0.248857573
"('gdp_usd', 'mv_usd', 'elo_rating', 'bmi', 'life_exp', 'mv_play_dom', 'mv_play_int', 'int_perc')",0.248857573
"('gdp_usd', 'mv_usd', 'elo_rating', 'bmi', 'life_exp', 'mv_play_dom', 'mv_play_int', 'dom_perc', 'int_perc')",0.248857573
"('gdp_usd', 'bmi', 'qol', 'mv_play_int', 'num_play_int', 'dom_int_mv_ratio')",0.248767279
"('gdp_usd', 'mv_usd', 'elo_rating', 'life_exp', 'qol', 'mv_play_dom', 'mv_play_int', 'dom_perc')",0.24846738
"('gdp_usd', 'mv_usd', 'elo_rating', 'life_exp', 'qol', 'mv_play_dom', 'mv_play_int', 'int_perc')",0.24846738
"('gdp_usd', 'mv_usd', 'elo_rating', 'life_exp', 'qol', 'mv_play_dom', 'mv_play_int', 'dom_perc', 'int_perc')",0.24846738
"('power_rating', 'gdp_usd', 'bmi', 'life_exp', 'qol')",0.248405953
"('gdp_usd', 'bmi', 'qol', 'num_play_int', 'dom_int_mv_ratio')",0.248332801
"('gdp_usd', 'mv_usd', 'life_exp', 'num_play_int')",0.248147877
"('gdp_usd', 'mv_usd', 'num_play_int')",0.248146077
"('gdp_usd', 'mv_usd', 'elo_rating', 'bmi', 'life_exp', 'qol', 'mv_play_dom')",0.248115006
"('power_rating', 'gdp_usd', 'mv_usd', 'bmi', 'dom_int_mv_ratio')",0.248076728
"('gdp_usd', 'mv_usd', 'num_play_dom', 'mv_play_int')",0.248026019
"('power_rating', 'life_exp', 'num_play_dom', 'dom_perc')",0.248025446
"('power_rating', 'life_exp', 'num_play_dom', 'int_perc')",0.248025446
"('power_rating', 'life_exp', 'num_play_dom', 'dom_perc', 'int_perc')",0.248025446
"('power_rating', 'bmi', 'life_exp', 'num_play_dom')",0.248011638
"('power_rating', 'mv_usd', 'mv_play_dom')",0.247958281
"('power_rating', 'gdp_usd', 'mv_usd', 'dom_int_mv_ratio')",0.24705864
"('gdp_usd', 'mv_usd', 'elo_rating', 'qol', 'mv_play_int', 'dom_int_mv_ratio', 'dom_perc')",0.246803611
"('gdp_usd', 'mv_usd', 'elo_rating', 'qol', 'mv_play_int', 'dom_int_mv_ratio', 'int_perc')",0.246803611
"('gdp_usd', 'mv_usd', 'elo_rating', 'qol', 'mv_play_int', 'dom_int_mv_ratio', 'dom_perc', 'int_perc')",0.246803611
"('gdp_usd', 'elo_rating', 'qol', 'mv_play_int', 'num_play_int', 'dom_int_mv_ratio')",0.246117313
"('power_rating', 'mv_usd', 'life_exp', 'num_play_int')",0.245956863
"('gdp_usd', 'elo_rating', 'bmi', 'life_exp', 'mv_play_int', 'num_play_int')",0.245605949
"('power_rating', 'gdp_usd', 'bmi', 'qol')",0.245069631
"('elo_rating', 'bmi', 'life_exp', 'qol', 'dom_perc')",0.244850734
"('elo_rating', 'bmi', 'life_exp', 'qol', 'int_perc')",0.244850734
"('elo_rating', 'bmi', 'life_exp', 'qol', 'dom_perc', 'int_perc')",0.244850734
"('gdp_usd', 'elo_rating', 'bmi', 'life_exp', 'num_play_int')",0.244845253
"('gdp_usd', 'life_exp', 'num_play_dom', 'mv_play_int')",0.244259206
"('elo_rating', 'bmi', 'qol', 'dom_perc')",0.244143691
"('elo_rating', 'bmi', 'qol', 'int_perc')",0.244143691
"('elo_rating', 'bmi', 'qol', 'dom_perc', 'int_perc')",0.244143691
"('gdp_usd', 'num_play_dom', 'mv_play_int')",0.244010671
"('gdp_usd', 'mv_usd', 'elo_rating', 'bmi', 'qol', 'mv_play_dom', 'mv_play_int', 'dom_perc')",0.243437171
"('gdp_usd', 'mv_usd', 'elo_rating', 'bmi', 'qol', 'mv_play_dom', 'mv_play_int', 'int_perc')",0.243437171
"('gdp_usd', 'mv_usd', 'elo_rating', 'bmi', 'qol', 'mv_play_dom', 'mv_play_int', 'dom_perc', 'int_perc')",0.243437171
"('bmi', 'mv_play_dom', 'num_play_dom', 'mv_play_int', 'dom_perc')",0.242823054
"('bmi', 'mv_play_dom', 'num_play_dom', 'mv_play_int', 'int_perc')",0.242823054
"('bmi', 'mv_play_dom', 'num_play_dom', 'mv_play_int', 'dom_perc', 'int_perc')",0.242823054
"('power_rating', 'gdp_usd', 'mv_usd', 'bmi', 'life_exp')",0.242555984
"('bmi', 'num_play_dom', 'mv_play_int', 'dom_perc')",0.242132146
"('bmi', 'num_play_dom', 'mv_play_int', 'int_perc')",0.242132146
"('bmi', 'num_play_dom', 'mv_play_int', 'dom_perc', 'int_perc')",0.242132146
"('life_exp', 'mv_play_dom', 'num_play_dom', 'mv_play_int', 'num_play_int', 'dom_int_mv_ratio', 'dom_perc')",0.241619488
"('life_exp', 'mv_play_dom', 'num_play_dom', 'mv_play_int', 'num_play_int', 'dom_int_mv_ratio', 'dom_perc', 'int_perc')",0.241619488
"('life_exp', 'mv_play_dom', 'num_play_dom', 'mv_play_int', 'num_play_int', 'dom_int_mv_ratio', 'int_perc')",0.241619488
"('power_rating', 'gdp_usd', 'life_exp', 'num_play_dom')",0.241554537
"('bmi', 'mv_play_dom', 'num_play_dom', 'num_play_int', 'dom_perc')",0.241395497
"('bmi', 'mv_play_dom', 'num_play_dom', 'num_play_int', 'int_perc')",0.241395497
"('bmi', 'mv_play_dom', 'num_play_dom', 'num_play_int', 'dom_perc', 'int_perc')",0.241395497
"('gdp_usd', 'elo_rating', 'bmi', 'mv_play_int', 'num_play_int', 'dom_int_mv_ratio')",0.241021857
"('gdp_usd', 'bmi', 'qol', 'mv_play_int', 'num_play_int')",0.24059709
"('bmi', 'mv_play_dom', 'num_play_int', 'dom_perc')",0.24051256
"('bmi', 'mv_play_dom', 'num_play_int', 'int_perc')",0.24051256
"('bmi', 'mv_play_dom', 'num_play_int', 'dom_perc', 'int_perc')",0.24051256
"('power_rating', 'gdp_usd', 'bmi', 'mv_play_dom', 'dom_int_mv_ratio')",0.240496884
"('gdp_usd', 'mv_usd', 'elo_rating', 'bmi', 'life_exp', 'qol', 'dom_int_mv_ratio', 'dom_perc')",0.240473002
"('gdp_usd', 'mv_usd', 'elo_rating', 'bmi', 'life_exp', 'qol', 'dom_int_mv_ratio', 'int_perc')",0.240473002
"('gdp_usd', 'mv_usd', 'elo_rating', 'bmi', 'life_exp', 'qol', 'dom_int_mv_ratio', 'dom_perc', 'int_perc')",0.240473002
"('power_rating', 'gdp_usd', 'bmi', 'dom_int_mv_ratio')",0.240364062
"('power_rating', 'bmi', 'life_exp', 'qol')",0.240190805
"('gdp_usd', 'elo_rating', 'life_exp', 'qol', 'num_play_int')",0.239713565
"('power_rating', 'gdp_usd', 'mv_usd', 'life_exp')",0.239650419
"('gdp_usd', 'bmi', 'qol', 'num_play_int')",0.239634453
"('gdp_usd', 'elo_rating', 'bmi', 'life_exp', 'qol', 'mv_play_dom', 'mv_play_int', 'dom_perc')",0.23957964
"('gdp_usd', 'elo_rating', 'bmi', 'life_exp', 'qol', 'mv_play_dom', 'mv_play_int', 'int_perc')",0.23957964
"('gdp_usd', 'elo_rating', 'bmi', 'life_exp', 'qol', 'mv_play_dom', 'mv_play_int', 'dom_perc', 'int_perc')",0.23957964
"('power_rating', 'gdp_usd', 'mv_play_dom', 'dom_int_mv_ratio')",0.239476014
"('power_rating', 'gdp_usd', 'dom_int_mv_ratio')",0.239398806
"('gdp_usd', 'mv_usd', 'elo_rating', 'bmi', 'life_exp', 'mv_play_dom', 'dom_int_mv_ratio', 'dom_perc')",0.239365344
"('gdp_usd', 'mv_usd', 'elo_rating', 'bmi', 'life_exp', 'mv_play_dom', 'dom_int_mv_ratio', 'int_perc')",0.239365344
"('gdp_usd', 'mv_usd', 'elo_rating', 'bmi', 'life_exp', 'mv_play_dom', 'dom_int_mv_ratio', 'dom_perc', 'int_perc')",0.239365344
"('power_rating', 'mv_usd', 'bmi', 'dom_int_mv_ratio')",0.239202532
"('power_rating', 'mv_usd', 'dom_int_mv_ratio')",0.239183797
"('gdp_usd', 'bmi', 'life_exp', 'mv_play_int', 'num_play_int', 'dom_int_mv_ratio')",0.239151212
"('bmi', 'mv_play_dom', 'mv_play_int', 'dom_int_mv_ratio', 'dom_perc')",0.239070597
"('bmi', 'mv_play_dom', 'mv_play_int', 'dom_int_mv_ratio', 'int_perc')",0.239070597
"('bmi', 'mv_play_dom', 'mv_play_int', 'dom_int_mv_ratio', 'dom_perc', 'int_perc')",0.239070597
"('power_rating', 'gdp_usd', 'life_exp', 'qol')",0.238859831
"('gdp_usd', 'mv_usd', 'bmi', 'qol', 'num_play_dom', 'dom_int_mv_ratio')",0.238636775
"('gdp_usd', 'mv_usd', 'qol', 'num_play_dom', 'dom_int_mv_ratio')",0.238636087
"('gdp_usd', 'bmi', 'life_exp', 'num_play_int', 'dom_int_mv_ratio')",0.23841082
"('gdp_usd', 'elo_rating', 'bmi', 'num_play_int', 'dom_int_mv_ratio')",0.238409972
"('power_rating', 'gdp_usd', 'qol')",0.238253805
"('gdp_usd', 'mv_usd', 'elo_rating', 'bmi', 'life_exp', 'mv_play_dom', 'dom_int_mv_ratio')",0.23805728
"('life_exp', 'num_play_dom', 'mv_play_int', 'num_play_int', 'dom_int_mv_ratio', 'dom_perc')",0.237901599
"('life_exp', 'num_play_dom', 'mv_play_int', 'num_play_int', 'dom_int_mv_ratio', 'int_perc')",0.237901599
"('life_exp', 'num_play_dom', 'mv_play_int', 'num_play_int', 'dom_int_mv_ratio', 'dom_perc', 'int_perc')",0.237901599
"('gdp_usd', 'mv_usd', 'elo_rating', 'bmi', 'life_exp', 'num_play_dom', 'dom_int_mv_ratio')",0.237504565
"('gdp_usd', 'mv_usd', 'elo_rating', 'bmi', 'life_exp', 'qol', 'dom_int_mv_ratio')",0.237432619
"('gdp_usd', 'bmi', 'qol', 'num_play_dom', 'dom_int_mv_ratio')",0.237306059
"('gdp_usd', 'qol', 'num_play_dom', 'dom_int_mv_ratio')",0.237270232
"('mv_usd', 'qol', 'num_play_int')",0.23697097
"('mv_usd', 'bmi', 'life_exp', 'qol', 'mv_play_int')",0.236859369
"('gdp_usd', 'elo_rating', 'bmi', 'mv_play_int', 'num_play_int')",0.236574
"('mv_usd', 'bmi', 'life_exp', 'mv_play_int')",0.236331646
"('bmi', 'num_play_dom', 'num_play_int', 'dom_perc')",0.236164108
"('bmi', 'num_play_dom', 'num_play_int', 'int_perc')",0.236164108
"('bmi', 'num_play_dom', 'num_play_int', 'dom_perc', 'int_perc')",0.236164108
"('gdp_usd', 'elo_rating', 'bmi', 'life_exp', 'qol', 'mv_play_dom', 'mv_play_int', 'dom_int_mv_ratio')",0.235772041
"('gdp_usd', 'mv_usd', 'elo_rating', 'bmi', 'num_play_dom', 'dom_int_mv_ratio')",0.235641701
"('gdp_usd', 'elo_rating', 'bmi', 'num_play_int')",0.235565454
"('gdp_usd', 'mv_usd', 'elo_rating', 'bmi', 'mv_play_dom', 'mv_play_int', 'int_perc')",0.235263206
"('gdp_usd', 'mv_usd', 'elo_rating', 'bmi', 'mv_play_dom', 'mv_play_int', 'dom_perc', 'int_perc')",0.235263206
"('gdp_usd', 'mv_usd', 'elo_rating', 'bmi', 'mv_play_dom', 'mv_play_int', 'dom_perc')",0.235263206
"('power_rating', 'bmi', 'qol')",0.235163588
"('gdp_usd', 'mv_usd', 'elo_rating', 'bmi', 'life_exp', 'mv_play_int', 'dom_perc')",0.235040094
"('gdp_usd', 'mv_usd', 'elo_rating', 'bmi', 'life_exp', 'mv_play_int', 'int_perc')",0.235040094
"('gdp_usd', 'mv_usd', 'elo_rating', 'bmi', 'life_exp', 'mv_play_int', 'dom_perc', 'int_perc')",0.235040094
"('gdp_usd', 'mv_usd', 'bmi', 'qol', 'num_play_dom')",0.234982307
"('gdp_usd', 'mv_usd', 'qol', 'num_play_dom')",0.234879521
"('gdp_usd', 'bmi', 'qol', 'num_play_dom')",0.234847243
"('power_rating', 'life_exp', 'num_play_dom')",0.234830208
"('gdp_usd', 'qol', 'num_play_dom')",0.234761708
"('bmi', 'mv_play_dom', 'num_play_dom', 'mv_play_int', 'num_play_int')",0.234546553
"('bmi', 'mv_play_dom', 'num_play_dom', 'mv_play_int')",0.234507331
"('bmi', 'num_play_int', 'dom_perc')",0.234213925
"('bmi', 'num_play_int', 'int_perc')",0.234213925
"('bmi', 'num_play_int', 'dom_perc', 'int_perc')",0.234213925
"('power_rating', 'bmi', 'mv_play_dom', 'dom_int_mv_ratio')",0.234031378
"('power_rating', 'mv_play_dom', 'dom_int_mv_ratio')",0.233950699
"('mv_play_dom', 'num_play_int')",0.233878859
"('life_exp', 'mv_play_dom', 'num_play_dom', 'num_play_int', 'dom_int_mv_ratio', 'dom_perc')",0.233831753
"('life_exp', 'mv_play_dom', 'num_play_dom', 'num_play_int', 'dom_int_mv_ratio', 'int_perc')",0.233831753
"('life_exp', 'mv_play_dom', 'num_play_dom', 'num_play_int', 'dom_int_mv_ratio', 'dom_perc', 'int_perc')",0.233831753
"('power_rating', 'bmi', 'dom_int_mv_ratio')",0.233768673
"('power_rating', 'dom_int_mv_ratio')",0.233715848
"('gdp_usd', 'mv_usd', 'elo_rating', 'bmi', 'qol', 'mv_play_dom', 'dom_int_mv_ratio', 'dom_perc')",0.233575371
"('gdp_usd', 'mv_usd', 'elo_rating', 'bmi', 'qol', 'mv_play_dom', 'dom_int_mv_ratio', 'dom_perc', 'int_perc')",0.233575371
"('gdp_usd', 'mv_usd', 'elo_rating', 'bmi', 'qol', 'mv_play_dom', 'dom_int_mv_ratio', 'int_perc')",0.233575371
"('gdp_usd', 'elo_rating', 'qol', 'mv_play_int', 'num_play_int')",0.233458015
"('power_rating', 'mv_usd', 'bmi', 'life_exp')",0.233414454
"('life_exp', 'num_play_dom', 'num_play_int', 'dom_int_mv_ratio', 'dom_perc')",0.23294935
"('life_exp', 'num_play_dom', 'num_play_int', 'dom_int_mv_ratio', 'int_perc')",0.23294935
"('life_exp', 'num_play_dom', 'num_play_int', 'dom_int_mv_ratio', 'dom_perc', 'int_perc')",0.23294935
"('gdp_usd', 'mv_usd', 'elo_rating', 'bmi', 'qol', 'mv_play_int', 'dom_perc')",0.232720473
"('gdp_usd', 'mv_usd', 'elo_rating', 'bmi', 'qol', 'mv_play_int', 'int_perc')",0.232720473
"('gdp_usd', 'mv_usd', 'elo_rating', 'bmi', 'qol', 'mv_play_int', 'dom_perc', 'int_perc')",0.232720473
"('gdp_usd', 'mv_usd', 'elo_rating', 'bmi', 'life_exp', 'num_play_dom')",0.232525607
"('gdp_usd', 'mv_usd', 'elo_rating', 'life_exp', 'qol', 'mv_play_int', 'dom_perc')",0.23237452
"('gdp_usd', 'mv_usd', 'elo_rating', 'life_exp', 'qol', 'mv_play_int', 'int_perc')",0.23237452
"('gdp_usd', 'mv_usd', 'elo_rating', 'life_exp', 'qol', 'mv_play_int', 'dom_perc', 'int_perc')",0.23237452
"('bmi', 'num_play_dom', 'mv_play_int', 'num_play_int')",0.232300554
"('gdp_usd', 'mv_usd', 'elo_rating', 'bmi', 'life_exp', 'mv_play_dom', 'mv_play_int')",0.231722343
"('bmi', 'num_play_dom', 'mv_play_int')",0.231526882
"('bmi', 'mv_play_dom', 'dom_int_mv_ratio', 'dom_perc')",0.230204741
"('bmi', 'mv_play_dom', 'dom_int_mv_ratio', 'int_perc')",0.230204741
"('bmi', 'mv_play_dom', 'dom_int_mv_ratio', 'dom_perc', 'int_perc')",0.230204741
"('gdp_usd', 'mv_usd', 'elo_rating', 'bmi', 'num_play_dom')",0.230201807
"('gdp_usd', 'elo_rating', 'bmi', 'qol', 'mv_play_dom', 'mv_play_int', 'dom_int_mv_ratio', 'dom_perc')",0.229863574
"('gdp_usd', 'elo_rating', 'bmi', 'qol', 'mv_play_dom', 'mv_play_int', 'dom_int_mv_ratio', 'int_perc')",0.229863574
"('gdp_usd', 'elo_rating', 'bmi', 'qol', 'mv_play_dom', 'mv_play_int', 'dom_int_mv_ratio', 'dom_perc', 'int_perc')",0.229863574
"('gdp_usd', 'mv_usd', 'elo_rating', 'bmi', 'qol', 'mv_play_dom', 'dom_int_mv_ratio')",0.229705834
"('gdp_usd', 'bmi', 'mv_play_int', 'num_play_int', 'dom_int_mv_ratio')",0.22923796
"('gdp_usd', 'bmi', 'life_exp', 'mv_play_int', 'num_play_int')",0.228943809
"('gdp_usd', 'bmi', 'num_play_int', 'dom_int_mv_ratio')",0.228723581
"('gdp_usd', 'elo_rating', 'life_exp', 'mv_play_dom', 'mv_play_int', 'num_play_int', 'dom_int_mv_ratio')",0.227863079
"('gdp_usd', 'life_exp', 'mv_play_dom', 'mv_play_int', 'num_play_int', 'dom_int_mv_ratio')",0.227835085
"('gdp_usd', 'elo_rating', 'life_exp', 'mv_play_dom', 'mv_play_int', 'num_play_int')",0.227823189
"('gdp_usd', 'life_exp', 'mv_play_dom', 'mv_play_int', 'num_play_int')",0.227808136
"('gdp_usd', 'elo_rating', 'life_exp', 'mv_play_dom', 'num_play_int', 'dom_int_mv_ratio')",0.227736829
"('gdp_usd', 'elo_rating', 'life_exp', 'mv_play_dom', 'num_play_int')",0.227569711
"('gdp_usd', 'life_exp', 'mv_play_dom', 'num_play_int', 'dom_int_mv_ratio')",0.227378197
"('gdp_usd', 'life_exp', 'mv_play_dom', 'num_play_int')",0.227132265
"('gdp_usd', 'elo_rating', 'mv_play_dom', 'mv_play_int', 'num_play_int', 'dom_int_mv_ratio')",0.227046366
"('gdp_usd', 'mv_play_dom', 'mv_play_int', 'num_play_int', 'dom_int_mv_ratio')",0.227045328
"('gdp_usd', 'elo_rating', 'mv_play_dom', 'mv_play_int', 'num_play_int')",0.227044673
"('gdp_usd', 'mv_play_dom', 'mv_play_int', 'num_play_int')",0.22704292
"('gdp_usd', 'mv_usd', 'elo_rating', 'bmi', 'life_exp', 'qol', 'dom_perc')",0.226846679
"('gdp_usd', 'mv_usd', 'elo_rating', 'bmi', 'life_exp', 'qol', 'int_perc')",0.226846679
"('gdp_usd', 'mv_usd', 'elo_rating', 'bmi', 'life_exp', 'qol', 'dom_perc', 'int_perc')",0.226846679
"('gdp_usd', 'elo_rating', 'mv_play_dom', 'num_play_int', 'dom_int_mv_ratio')",0.226805741
"('gdp_usd', 'elo_rating', 'mv_play_dom', 'num_play_int')",0.226767448
"('power_rating', 'gdp_usd', 'bmi', 'num_play_dom', 'dom_perc')",0.22671392
"('power_rating', 'gdp_usd', 'bmi', 'num_play_dom', 'int_perc')",0.22671392
"('power_rating', 'gdp_usd', 'bmi', 'num_play_dom', 'dom_perc', 'int_perc')",0.22671392
"('gdp_usd', 'qol', 'mv_play_int', 'num_play_int', 'dom_int_mv_ratio')",0.22659834
"('gdp_usd', 'mv_usd', 'elo_rating', 'bmi', 'life_exp', 'mv_play_int')",0.226556219
"('gdp_usd', 'elo_rating', 'qol', 'num_play_int', 'dom_int_mv_ratio')",0.22653932
"('gdp_usd', 'mv_play_dom', 'num_play_int', 'dom_int_mv_ratio')",0.226520246
"('elo_rating', 'life_exp', 'qol', 'dom_perc')",0.226507264
"('elo_rating', 'life_exp', 'qol', 'int_perc')",0.226507264
"('elo_rating', 'life_exp', 'qol', 'dom_perc', 'int_perc')",0.226507264
"('gdp_usd', 'mv_play_dom', 'num_play_int')",0.226439963
"('power_rating', 'mv_usd', 'life_exp')",0.226016288
"('gdp_usd', 'mv_usd', 'elo_rating', 'qol', 'mv_play_dom', 'mv_play_int', 'dom_perc')",0.225924088
"('gdp_usd', 'mv_usd', 'elo_rating', 'qol', 'mv_play_dom', 'mv_play_int', 'int_perc')",0.225924088
"('gdp_usd', 'mv_usd', 'elo_rating', 'qol', 'mv_play_dom', 'mv_play_int', 'dom_perc', 'int_perc')",0.225924088
"('gdp_usd', 'mv_usd', 'elo_rating', 'bmi', 'life_exp', 'qol')",0.225784389
"('mv_usd', 'life_exp', 'qol', 'mv_play_int')",0.225743185
"('gdp_usd', 'elo_rating', 'bmi', 'life_exp', 'qol', 'mv_play_dom', 'mv_play_int')",0.225710852
"('num_play_dom', 'mv_play_int', 'num_play_int', 'dom_int_mv_ratio')",0.225471411
"('gdp_usd', 'mv_usd', 'elo_rating', 'bmi', 'mv_play_dom', 'dom_int_mv_ratio', 'dom_perc')",0.224852463
"('gdp_usd', 'mv_usd', 'elo_rating', 'bmi', 'mv_play_dom', 'dom_int_mv_ratio', 'int_perc')",0.224852463
"('gdp_usd', 'mv_usd', 'elo_rating', 'bmi', 'mv_play_dom', 'dom_int_mv_ratio', 'dom_perc', 'int_perc')",0.224852463
"('gdp_usd', 'mv_usd', 'elo_rating', 'bmi', 'mv_play_int', 'dom_perc')",0.2240382
"('gdp_usd', 'mv_usd', 'elo_rating', 'bmi', 'mv_play_int', 'int_perc')",0.2240382
"('gdp_usd', 'mv_usd', 'elo_rating', 'bmi', 'mv_play_int', 'dom_perc', 'int_perc')",0.2240382
"('power_rating', 'life_exp', 'qol')",0.223824463
"('gdp_usd', 'mv_usd', 'elo_rating', 'life_exp', 'mv_play_dom', 'mv_play_int', 'dom_int_mv_ratio', 'dom_perc')",0.223660259
"('gdp_usd', 'mv_usd', 'elo_rating', 'life_exp', 'mv_play_dom', 'mv_play_int', 'dom_int_mv_ratio', 'int_perc')",0.223660259
"('gdp_usd', 'mv_usd', 'elo_rating', 'life_exp', 'mv_play_dom', 'mv_play_int', 'dom_int_mv_ratio', 'dom_perc', 'int_perc')",0.223660259
"('mv_usd', 'life_exp', 'mv_play_int')",0.223247768
"('gdp_usd', 'elo_rating', 'bmi', 'life_exp', 'mv_play_dom', 'mv_play_int', 'dom_int_mv_ratio', 'dom_perc')",0.22295819
"('gdp_usd', 'elo_rating', 'bmi', 'life_exp', 'mv_play_dom', 'mv_play_int', 'dom_int_mv_ratio', 'int_perc')",0.22295819
"('gdp_usd', 'elo_rating', 'bmi', 'life_exp', 'mv_play_dom', 'mv_play_int', 'dom_int_mv_ratio', 'dom_perc', 'int_perc')",0.22295819
"('bmi', 'mv_play_dom', 'num_play_dom', 'num_play_int')",0.22293719
"('power_rating', 'qol')",0.222928504
"('gdp_usd', 'mv_usd', 'elo_rating', 'bmi', 'mv_play_dom', 'dom_int_mv_ratio')",0.222559106
"('gdp_usd', 'bmi', 'mv_play_int', 'num_play_int')",0.222181872
"('mv_usd', 'bmi', 'qol', 'mv_play_int')",0.221957776
"('mv_play_int', 'dom_int_mv_ratio')",0.221947649
"('gdp_usd', 'elo_rating', 'bmi', 'life_exp', 'qol', 'mv_play_int', 'dom_int_mv_ratio', 'dom_perc')",0.221931867
"('gdp_usd', 'elo_rating', 'bmi', 'life_exp', 'qol', 'mv_play_int', 'dom_int_mv_ratio', 'int_perc')",0.221931867
"('gdp_usd', 'elo_rating', 'bmi', 'life_exp', 'qol', 'mv_play_int', 'dom_int_mv_ratio', 'dom_perc', 'int_perc')",0.221931867
"('power_rating', 'gdp_usd', 'num_play_dom', 'num_play_int')",0.221903093
"('gdp_usd', 'life_exp', 'qol', 'mv_play_int', 'num_play_int')",0.22172473
"('gdp_usd', 'qol', 'num_play_int', 'dom_int_mv_ratio')",0.22165248
"('gdp_usd', 'life_exp', 'qol', 'num_play_int')",0.221566189
"('elo_rating', 'qol', 'dom_perc')",0.221360909
"('elo_rating', 'qol', 'int_perc')",0.221360909
"('elo_rating', 'qol', 'dom_perc', 'int_perc')",0.221360909
"('gdp_usd', 'mv_usd', 'elo_rating', 'mv_play_dom', 'mv_play_int', 'dom_int_mv_ratio', 'dom_perc')",0.221039233
"('gdp_usd', 'mv_usd', 'elo_rating', 'mv_play_dom', 'mv_play_int', 'dom_int_mv_ratio', 'int_perc')",0.221039233
"('gdp_usd', 'mv_usd', 'elo_rating', 'mv_play_dom', 'mv_play_int', 'dom_int_mv_ratio', 'dom_perc', 'int_perc')",0.221039233
"('bmi', 'mv_play_dom', 'num_play_dom', 'dom_perc')",0.220998385
"('bmi', 'mv_play_dom', 'num_play_dom', 'int_perc')",0.220998385
"('bmi', 'mv_play_dom', 'num_play_dom', 'dom_perc', 'int_perc')",0.220998385
"('gdp_usd', 'elo_rating', 'bmi', 'life_exp', 'qol', 'mv_play_int', 'dom_perc')",0.220767651
"('gdp_usd', 'elo_rating', 'bmi', 'life_exp', 'qol', 'mv_play_int', 'int_perc')",0.220767651
"('gdp_usd', 'elo_rating', 'bmi', 'life_exp', 'qol', 'mv_play_int', 'dom_perc', 'int_perc')",0.220767651
"('bmi', 'mv_play_dom', 'num_play_dom')",0.220642264
"('qol', 'mv_play_dom', 'num_play_dom', 'mv_play_int', 'num_play_int', 'dom_int_mv_ratio', 'dom_perc')",0.220514945
"('qol', 'mv_play_dom', 'num_play_dom', 'mv_play_int', 'num_play_int', 'dom_int_mv_ratio', 'int_perc')",0.220514945
"('qol', 'mv_play_dom', 'num_play_dom', 'mv_play_int', 'num_play_int', 'dom_int_mv_ratio', 'dom_perc', 'int_perc')",0.220514945
"('gdp_usd', 'bmi', 'life_exp', 'num_play_int')",0.220346196
"('gdp_usd', 'elo_rating', 'qol', 'num_play_int')",0.219855818
"('gdp_usd', 'elo_rating', 'bmi', 'mv_play_dom', 'mv_play_int', 'dom_int_mv_ratio', 'dom_perc')",0.219009785
"('gdp_usd', 'elo_rating', 'bmi', 'mv_play_dom', 'mv_play_int', 'dom_int_mv_ratio', 'int_perc')",0.219009785
"('gdp_usd', 'elo_rating', 'bmi', 'mv_play_dom', 'mv_play_int', 'dom_int_mv_ratio', 'dom_perc', 'int_perc')",0.219009785
"('gdp_usd', 'mv_usd', 'elo_rating', 'life_exp', 'qol', 'mv_play_dom', 'dom_int_mv_ratio', 'dom_perc')",0.218782407
"('gdp_usd', 'mv_usd', 'elo_rating', 'life_exp', 'qol', 'mv_play_dom', 'dom_int_mv_ratio', 'int_perc')",0.218782407
"('gdp_usd', 'mv_usd', 'elo_rating', 'life_exp', 'qol', 'mv_play_dom', 'dom_int_mv_ratio', 'dom_perc', 'int_perc')",0.218782407
"('gdp_usd', 'mv_usd', 'elo_rating', 'bmi', 'qol', 'mv_play_dom', 'mv_play_int')",0.218595985
"('qol', 'num_play_dom', 'mv_play_int', 'num_play_int', 'dom_int_mv_ratio', 'dom_perc')",0.2177844
"('qol', 'num_play_dom', 'mv_play_int', 'num_play_int', 'dom_int_mv_ratio', 'int_perc')",0.2177844
"('qol', 'num_play_dom', 'mv_play_int', 'num_play_int', 'dom_int_mv_ratio', 'dom_perc', 'int_perc')",0.2177844
"('gdp_usd', 'mv_usd', 'elo_rating', 'bmi', 'qol', 'mv_play_int')",0.21667735
"('gdp_usd', 'mv_usd', 'elo_rating', 'bmi', 'life_exp', 'mv_play_dom', 'dom_perc')",0.216071885
"('gdp_usd', 'mv_usd', 'elo_rating', 'bmi', 'life_exp', 'mv_play_dom', 'int_perc')",0.216071885
"('gdp_usd', 'mv_usd', 'elo_rating', 'bmi', 'life_exp', 'mv_play_dom', 'dom_perc', 'int_perc')",0.216071885
"('gdp_usd', 'bmi', 'num_play_int')",0.215778794
"('power_rating', 'num_play_dom', 'num_play_int', 'dom_perc')",0.215687019
"('power_rating', 'num_play_dom', 'num_play_int', 'int_perc')",0.215687019
"('power_rating', 'num_play_dom', 'num_play_int', 'dom_perc', 'int_perc')",0.215687019
"('gdp_usd', 'elo_rating', 'life_exp', 'qol', 'mv_play_dom', 'mv_play_int', 'dom_int_mv_ratio', 'int_perc')",0.215453205
"('gdp_usd', 'elo_rating', 'life_exp', 'qol', 'mv_play_dom', 'mv_play_int', 'dom_int_mv_ratio', 'dom_perc', 'int_perc')",0.215453205
"('gdp_usd', 'elo_rating', 'life_exp', 'qol', 'mv_play_dom', 'mv_play_int', 'dom_int_mv_ratio', 'dom_perc')",0.215453205
"('bmi', 'mv_play_int', 'dom_int_mv_ratio', 'dom_perc')",0.215409073
"('bmi', 'mv_play_int', 'dom_int_mv_ratio', 'int_perc')",0.215409073
"('bmi', 'mv_play_int', 'dom_int_mv_ratio', 'dom_perc', 'int_perc')",0.215409073
"('bmi', 'num_play_dom', 'dom_perc')",0.214359858
"('bmi', 'num_play_dom', 'int_perc')",0.214359858
"('bmi', 'num_play_dom', 'dom_perc', 'int_perc')",0.214359858
"('gdp_usd', 'mv_usd', 'elo_rating', 'bmi', 'life_exp', 'mv_play_dom')",0.214218719
"('gdp_usd', 'mv_usd', 'elo_rating', 'bmi', 'mv_play_dom', 'mv_play_int')",0.213963701
"('power_rating', 'gdp_usd', 'bmi', 'life_exp', 'mv_play_dom', 'num_play_int')",0.213845059
"('gdp_usd', 'mv_usd', 'elo_rating', 'qol', 'mv_play_int', 'dom_perc')",0.21382403
"('gdp_usd', 'mv_usd', 'elo_rating', 'qol', 'mv_play_int', 'int_perc')",0.21382403
"('gdp_usd', 'mv_usd', 'elo_rating', 'qol', 'mv_play_int', 'dom_perc', 'int_perc')",0.21382403
"('gdp_usd', 'mv_usd', 'bmi', 'life_exp', 'qol', 'mv_play_dom', 'mv_play_int', 'dom_int_mv_ratio', 'dom_perc')",0.21381204
"('gdp_usd', 'mv_usd', 'bmi', 'life_exp', 'qol', 'mv_play_dom', 'mv_play_int', 'dom_int_mv_ratio', 'int_perc')",0.21381204
"('gdp_usd', 'mv_usd', 'bmi', 'life_exp', 'qol', 'mv_play_dom', 'mv_play_int', 'dom_int_mv_ratio', 'dom_perc', 'int_perc')",0.21381204
"('gdp_usd', 'mv_usd', 'elo_rating', 'life_exp', 'num_play_dom', 'dom_int_mv_ratio')",0.213785414
"('gdp_usd', 'elo_rating', 'bmi', 'qol', 'mv_play_dom', 'mv_play_int', 'dom_perc')",0.213626286
"('gdp_usd', 'elo_rating', 'bmi', 'qol', 'mv_play_dom', 'mv_play_int', 'int_perc')",0.213626286
"('gdp_usd', 'elo_rating', 'bmi', 'qol', 'mv_play_dom', 'mv_play_int', 'dom_perc', 'int_perc')",0.213626286
"('power_rating', 'bmi', 'life_exp', 'mv_play_dom', 'num_play_int')",0.213610953
"('bmi', 'dom_int_mv_ratio', 'dom_perc')",0.213326541
"('bmi', 'dom_int_mv_ratio', 'int_perc')",0.213326541
"('bmi', 'dom_int_mv_ratio', 'dom_perc', 'int_perc')",0.213326541
"('gdp_usd', 'mv_usd', 'elo_rating', 'life_exp', 'qol', 'mv_play_dom', 'mv_play_int', 'dom_int_mv_ratio')",0.213091462
"('gdp_usd', 'elo_rating', 'bmi', 'qol', 'mv_play_dom', 'mv_play_int', 'dom_int_mv_ratio')",0.211872745
"('gdp_usd', 'mv_usd', 'elo_rating', 'life_exp', 'num_play_dom')",0.211581306
"('gdp_usd', 'mv_usd', 'elo_rating', 'bmi', 'mv_play_int')",0.211419258
"('gdp_usd', 'elo_rating', 'bmi', 'life_exp', 'mv_play_dom', 'mv_play_int', 'dom_int_mv_ratio')",0.21129018
"('gdp_usd', 'mv_usd', 'elo_rating', 'life_exp', 'qol', 'mv_play_int', 'dom_int_mv_ratio')",0.211215151
"('gdp_usd', 'mv_usd', 'elo_rating', 'num_play_dom', 'dom_int_mv_ratio')",0.211120466
"('gdp_usd', 'elo_rating', 'bmi', 'life_exp', 'mv_play_dom', 'mv_play_int', 'dom_perc')",0.210675325
"('gdp_usd', 'elo_rating', 'bmi', 'life_exp', 'mv_play_dom', 'mv_play_int', 'int_perc')",0.210675325
"('gdp_usd', 'elo_rating', 'bmi', 'life_exp', 'mv_play_dom', 'mv_play_int', 'dom_perc', 'int_perc')",0.210675325
"('qol', 'mv_play_dom', 'num_play_dom', 'mv_play_int', 'num_play_int', 'dom_perc')",0.210174693
"('qol', 'mv_play_dom', 'num_play_dom', 'mv_play_int', 'num_play_int', 'dom_perc', 'int_perc')",0.210174693
"('qol', 'mv_play_dom', 'num_play_dom', 'mv_play_int', 'num_play_int', 'int_perc')",0.210174693
"('qol', 'num_play_dom', 'mv_play_int', 'num_play_int', 'dom_perc')",0.210038928
"('qol', 'num_play_dom', 'mv_play_int', 'num_play_int', 'int_perc')",0.210038928
"('qol', 'num_play_dom', 'mv_play_int', 'num_play_int', 'dom_perc', 'int_perc')",0.210038928
"('mv_usd', 'bmi', 'mv_play_int')",0.209890946
"('gdp_usd', 'mv_usd', 'elo_rating', 'num_play_dom')",0.209697275
"('power_rating', 'bmi', 'num_play_dom', 'dom_perc')",0.209272998
"('power_rating', 'bmi', 'num_play_dom', 'int_perc')",0.209272998
"('power_rating', 'bmi', 'num_play_dom', 'dom_perc', 'int_perc')",0.209272998
"('bmi', 'mv_play_dom', 'mv_play_int', 'dom_perc')",0.20919515
"('bmi', 'mv_play_dom', 'mv_play_int', 'int_perc')",0.20919515
"('bmi', 'mv_play_dom', 'mv_play_int', 'dom_perc', 'int_perc')",0.20919515
"('gdp_usd', 'elo_rating', 'bmi', 'life_exp', 'mv_play_dom', 'num_play_dom', 'dom_int_mv_ratio')",0.208802742
"('gdp_usd', 'mv_usd', 'bmi', 'life_exp', 'num_play_dom', 'dom_int_mv_ratio')",0.208768232
"('gdp_usd', 'elo_rating', 'bmi', 'mv_play_dom', 'num_play_dom', 'dom_int_mv_ratio')",0.208601576
"('gdp_usd', 'elo_rating', 'bmi', 'life_exp', 'num_play_dom', 'dom_int_mv_ratio')",0.208049299
"('power_rating', 'gdp_usd', 'life_exp', 'mv_play_dom', 'num_play_int')",0.20800586
"('power_rating', 'life_exp', 'mv_play_dom', 'num_play_int')",0.20795926
"('bmi', 'num_play_dom', 'num_play_int')",0.20794655
"('gdp_usd', 'mv_usd', 'bmi', 'num_play_dom', 'dom_int_mv_ratio')",0.207907802
"('gdp_usd', 'bmi', 'life_exp', 'mv_play_dom', 'num_play_dom', 'dom_int_mv_ratio')",0.207757636
"('gdp_usd', 'elo_rating', 'bmi', 'num_play_dom', 'dom_int_mv_ratio')",0.207749124
"('gdp_usd', 'bmi', 'mv_play_dom', 'num_play_dom', 'dom_int_mv_ratio')",0.207608838
"('bmi', 'num_play_dom')",0.20760463
"('gdp_usd', 'elo_rating', 'life_exp', 'qol', 'mv_play_dom', 'mv_play_int', 'dom_perc')",0.207461557
"('gdp_usd', 'elo_rating', 'life_exp', 'qol', 'mv_play_dom', 'mv_play_int', 'int_perc')",0.207461557
"('gdp_usd', 'elo_rating', 'life_exp', 'qol', 'mv_play_dom', 'mv_play_int', 'dom_perc', 'int_perc')",0.207461557
"('gdp_usd', 'mv_usd', 'bmi', 'life_exp', 'qol', 'mv_play_dom', 'dom_int_mv_ratio', 'dom_perc')",0.207210718
"('gdp_usd', 'mv_usd', 'bmi', 'life_exp', 'qol', 'mv_play_dom', 'dom_int_mv_ratio', 'int_perc')",0.207210718
"('gdp_usd', 'mv_usd', 'bmi', 'life_exp', 'qol', 'mv_play_dom', 'dom_int_mv_ratio', 'dom_perc', 'int_perc')",0.207210718
"('gdp_usd', 'mv_usd', 'elo_rating', 'bmi', 'qol', 'mv_play_dom', 'dom_perc')",0.206969689
"('gdp_usd', 'mv_usd', 'elo_rating', 'bmi', 'qol', 'mv_play_dom', 'int_perc')",0.206969689
"('gdp_usd', 'mv_usd', 'elo_rating', 'bmi', 'qol', 'mv_play_dom', 'dom_perc', 'int_perc')",0.206969689
"('gdp_usd', 'elo_rating', 'qol', 'mv_play_dom', 'mv_play_int', 'dom_int_mv_ratio', 'dom_perc')",0.206637768
"('gdp_usd', 'elo_rating', 'qol', 'mv_play_dom', 'mv_play_int', 'dom_int_mv_ratio', 'int_perc')",0.206637768
"('gdp_usd', 'elo_rating', 'qol', 'mv_play_dom', 'mv_play_int', 'dom_int_mv_ratio', 'dom_perc', 'int_perc')",0.206637768
"('gdp_usd', 'elo_rating', 'bmi', 'life_exp', 'mv_play_dom', 'num_play_dom')",0.206419741
"('gdp_usd', 'elo_rating', 'bmi', 'life_exp', 'num_play_dom')",0.206376022
"('gdp_usd', 'elo_rating', 'bmi', 'mv_play_dom', 'num_play_dom')",0.206359721
"('qol', 'mv_play_dom', 'num_play_dom', 'mv_play_int', 'dom_int_mv_ratio', 'dom_perc')",0.206332661
"('qol', 'mv_play_dom', 'num_play_dom', 'mv_play_int', 'dom_int_mv_ratio', 'int_perc')",0.206332661
"('qol', 'mv_play_dom', 'num_play_dom', 'mv_play_int', 'dom_int_mv_ratio', 'dom_perc', 'int_perc')",0.206332661
"('gdp_usd', 'elo_rating', 'bmi', 'num_play_dom')",0.20629187
"('num_play_dom', 'mv_play_int', 'dom_int_mv_ratio')",0.206083153
"('gdp_usd', 'mv_usd', 'elo_rating', 'bmi', 'life_exp', 'dom_int_mv_ratio', 'dom_perc')",0.205946924
"('gdp_usd', 'mv_usd', 'elo_rating', 'bmi', 'life_exp', 'dom_int_mv_ratio', 'int_perc')",0.205946924
"('gdp_usd', 'mv_usd', 'elo_rating', 'bmi', 'life_exp', 'dom_int_mv_ratio', 'dom_perc', 'int_perc')",0.205946924
"('gdp_usd', 'mv_usd', 'bmi', 'life_exp', 'num_play_dom')",0.20550467
"('gdp_usd', 'bmi', 'life_exp', 'mv_play_dom', 'num_play_dom')",0.20542664
"('gdp_usd', 'bmi', 'mv_play_dom', 'num_play_dom')",0.205392381
"('qol', 'num_play_dom', 'mv_play_int', 'dom_int_mv_ratio', 'dom_perc')",0.205348372
"('qol', 'num_play_dom', 'mv_play_int', 'dom_int_mv_ratio', 'int_perc')",0.205348372
"('qol', 'num_play_dom', 'mv_play_int', 'dom_int_mv_ratio', 'dom_perc', 'int_perc')",0.205348372
"('gdp_usd', 'qol', 'mv_play_int', 'num_play_int')",0.20507678
"('gdp_usd', 'qol', 'num_play_int')",0.205074336
"('mv_usd', 'bmi', 'life_exp', 'qol', 'num_play_dom')",0.205050026
"('gdp_usd', 'elo_rating', 'bmi', 'qol', 'mv_play_int', 'dom_int_mv_ratio', 'int_perc')",0.204863291
"('gdp_usd', 'elo_rating', 'bmi', 'qol', 'mv_play_int', 'dom_int_mv_ratio', 'dom_perc', 'int_perc')",0.204863291
"('gdp_usd', 'elo_rating', 'bmi', 'qol', 'mv_play_int', 'dom_int_mv_ratio', 'dom_perc')",0.204863291
"('gdp_usd', 'elo_rating', 'bmi', 'mv_play_dom', 'mv_play_int', 'dom_int_mv_ratio')",0.20477509
"('gdp_usd', 'mv_usd', 'elo_rating', 'life_exp', 'qol', 'mv_play_dom', 'dom_perc')",0.204711106
"('gdp_usd', 'mv_usd', 'elo_rating', 'life_exp', 'qol', 'mv_play_dom', 'int_perc')",0.204711106
"('gdp_usd', 'mv_usd', 'elo_rating', 'life_exp', 'qol', 'mv_play_dom', 'dom_perc', 'int_perc')",0.204711106
"('gdp_usd', 'mv_usd', 'bmi', 'num_play_dom')",0.204360298
"('gdp_usd', 'elo_rating', 'bmi', 'mv_play_dom', 'mv_play_int', 'dom_perc')",0.204148831
"('gdp_usd', 'elo_rating', 'bmi', 'mv_play_dom', 'mv_play_int', 'int_perc')",0.204148831
"('gdp_usd', 'elo_rating', 'bmi', 'mv_play_dom', 'mv_play_int', 'dom_perc', 'int_perc')",0.204148831
"('gdp_usd', 'mv_usd', 'elo_rating', 'bmi', 'qol', 'dom_int_mv_ratio', 'dom_perc')",0.203878847
"('gdp_usd', 'mv_usd', 'elo_rating', 'bmi', 'qol', 'dom_int_mv_ratio', 'int_perc')",0.203878847
"('gdp_usd', 'mv_usd', 'elo_rating', 'bmi', 'qol', 'dom_int_mv_ratio', 'dom_perc', 'int_perc')",0.203878847
"('gdp_usd', 'mv_usd', 'bmi', 'life_exp', 'mv_play_dom', 'mv_play_int', 'dom_int_mv_ratio', 'int_perc')",0.203134628
"('gdp_usd', 'mv_usd', 'bmi', 'life_exp', 'mv_play_dom', 'mv_play_int', 'dom_int_mv_ratio', 'dom_perc')",0.203134628
"('gdp_usd', 'mv_usd', 'bmi', 'life_exp', 'mv_play_dom', 'mv_play_int', 'dom_int_mv_ratio', 'dom_perc', 'int_perc')",0.203134628
"('power_rating', 'gdp_usd', 'bmi', 'life_exp', 'num_play_int')",0.202700875
"('gdp_usd', 'bmi', 'life_exp', 'num_play_dom', 'dom_int_mv_ratio')",0.202490764
"('gdp_usd', 'bmi', 'life_exp', 'num_play_dom')",0.202488419
"('gdp_usd', 'mv_usd', 'elo_rating', 'life_exp', 'mv_play_int', 'dom_int_mv_ratio', 'dom_perc')",0.202335099
"('gdp_usd', 'mv_usd', 'elo_rating', 'life_exp', 'mv_play_int', 'dom_int_mv_ratio', 'int_perc')",0.202335099
"('gdp_usd', 'mv_usd', 'elo_rating', 'life_exp', 'mv_play_int', 'dom_int_mv_ratio', 'dom_perc', 'int_perc')",0.202335099
"('gdp_usd', 'mv_usd', 'elo_rating', 'bmi', 'qol', 'mv_play_dom')",0.202141946
"('gdp_usd', 'bmi', 'num_play_dom', 'dom_int_mv_ratio')",0.202123132
"('gdp_usd', 'bmi', 'num_play_dom')",0.202110873
"('gdp_usd', 'mv_usd', 'elo_rating', 'bmi', 'qol', 'dom_int_mv_ratio')",0.202073163
"('bmi', 'mv_play_int', 'dom_perc')",0.201717874
"('bmi', 'mv_play_int', 'int_perc')",0.201717874
"('bmi', 'mv_play_int', 'dom_perc', 'int_perc')",0.201717874
"('gdp_usd', 'elo_rating', 'bmi', 'qol', 'mv_play_int', 'dom_perc')",0.201003821
"('gdp_usd', 'elo_rating', 'bmi', 'qol', 'mv_play_int', 'int_perc')",0.201003821
"('gdp_usd', 'elo_rating', 'bmi', 'qol', 'mv_play_int', 'dom_perc', 'int_perc')",0.201003821
"('gdp_usd', 'mv_usd', 'elo_rating', 'qol', 'mv_play_dom', 'mv_play_int', 'dom_int_mv_ratio')",0.200421886
"('power_rating', 'bmi', 'life_exp', 'num_play_int')",0.200282806
"('gdp_usd', 'elo_rating', 'bmi', 'life_exp', 'mv_play_dom', 'mv_play_int')",0.199937249
"('gdp_usd', 'mv_usd', 'elo_rating', 'bmi', 'life_exp', 'dom_int_mv_ratio')",0.199443756
"('gdp_usd', 'mv_usd', 'elo_rating', 'bmi', 'mv_play_dom', 'dom_perc')",0.199300014
"('gdp_usd', 'mv_usd', 'elo_rating', 'bmi', 'mv_play_dom', 'int_perc')",0.199300014
"('gdp_usd', 'mv_usd', 'elo_rating', 'bmi', 'mv_play_dom', 'dom_perc', 'int_perc')",0.199300014
"('gdp_usd', 'mv_usd', 'elo_rating', 'qol', 'mv_play_int', 'dom_int_mv_ratio')",0.199224102
"('gdp_usd', 'mv_usd', 'elo_rating', 'qol', 'mv_play_dom', 'dom_int_mv_ratio', 'dom_perc')",0.198165704
"('gdp_usd', 'mv_usd', 'elo_rating', 'qol', 'mv_play_dom', 'dom_int_mv_ratio', 'int_perc')",0.198165704
"('gdp_usd', 'mv_usd', 'elo_rating', 'qol', 'mv_play_dom', 'dom_int_mv_ratio', 'dom_perc', 'int_perc')",0.198165704
"('mv_usd', 'qol', 'mv_play_int')",0.198142463
"('gdp_usd', 'mv_usd', 'elo_rating', 'mv_play_int', 'dom_int_mv_ratio', 'dom_perc')",0.198021659
"('gdp_usd', 'mv_usd', 'elo_rating', 'mv_play_int', 'dom_int_mv_ratio', 'int_perc')",0.198021659
"('gdp_usd', 'mv_usd', 'elo_rating', 'mv_play_int', 'dom_int_mv_ratio', 'dom_perc', 'int_perc')",0.198021659
"('power_rating', 'gdp_usd', 'life_exp', 'num_play_int')",0.19795978
"('power_rating', 'life_exp', 'num_play_int')",0.197151606
"('gdp_usd', 'elo_rating', 'bmi', 'life_exp', 'mv_play_int', 'dom_int_mv_ratio', 'dom_perc')",0.19702116
"('gdp_usd', 'elo_rating', 'bmi', 'life_exp', 'mv_play_int', 'dom_int_mv_ratio', 'int_perc')",0.19702116
"('gdp_usd', 'elo_rating', 'bmi', 'life_exp', 'mv_play_int', 'dom_int_mv_ratio', 'dom_perc', 'int_perc')",0.19702116
"('power_rating', 'gdp_usd', 'mv_usd', 'bmi', 'num_play_int')",0.196632749
"('gdp_usd', 'elo_rating', 'bmi', 'qol', 'mv_play_dom', 'mv_play_int')",0.196474564
"('power_rating', 'num_play_int', 'dom_perc')",0.196400795
"('power_rating', 'num_play_int', 'int_perc')",0.196400795
"('power_rating', 'num_play_int', 'dom_perc', 'int_perc')",0.196400795
"('life_exp', 'mv_play_dom', 'num_play_dom', 'mv_play_int', 'num_play_int', 'dom_perc')",0.196223745
"('life_exp', 'mv_play_dom', 'num_play_dom', 'mv_play_int', 'num_play_int', 'int_perc')",0.196223745
"('life_exp', 'mv_play_dom', 'num_play_dom', 'mv_play_int', 'num_play_int', 'dom_perc', 'int_perc')",0.196223745
"('gdp_usd', 'elo_rating', 'life_exp', 'mv_play_dom', 'num_play_dom', 'dom_int_mv_ratio')",0.196205338
"('gdp_usd', 'mv_usd', 'elo_rating', 'bmi', 'mv_play_dom')",0.196157807
"('gdp_usd', 'life_exp', 'mv_play_dom', 'num_play_dom', 'dom_int_mv_ratio')",0.196050913
"('gdp_usd', 'mv_usd', 'bmi', 'life_exp', 'qol', 'mv_play_dom', 'mv_play_int', 'dom_int_mv_ratio')",0.195869575
"('qol', 'mv_play_dom', 'num_play_dom', 'mv_play_int', 'dom_perc')",0.195774787
"('qol', 'mv_play_dom', 'num_play_dom', 'mv_play_int', 'int_perc')",0.195774787
"('qol', 'mv_play_dom', 'num_play_dom', 'mv_play_int', 'dom_perc', 'int_perc')",0.195774787
"('gdp_usd', 'mv_usd', 'bmi', 'life_exp', 'qol', 'mv_play_dom', 'dom_int_mv_ratio')",0.195735712
"('qol', 'num_play_dom', 'mv_play_int', 'dom_perc')",0.195613179
"('qol', 'num_play_dom', 'mv_play_int', 'int_perc')",0.195613179
"('qol', 'num_play_dom', 'mv_play_int', 'dom_perc', 'int_perc')",0.195613179
"('mv_usd', 'life_exp', 'qol', 'num_play_dom')",0.195463181
"('life_exp', 'num_play_dom', 'mv_play_int', 'num_play_int', 'dom_perc')",0.195396702
"('life_exp', 'num_play_dom', 'mv_play_int', 'num_play_int', 'int_perc')",0.195396702
"('life_exp', 'num_play_dom', 'mv_play_int', 'num_play_int', 'dom_perc', 'int_perc')",0.195396702
"('gdp_usd', 'elo_rating', 'bmi', 'life_exp', 'mv_play_int', 'dom_perc')",0.195048029
"('gdp_usd', 'elo_rating', 'bmi', 'life_exp', 'mv_play_int', 'int_perc')",0.195048029
"('gdp_usd', 'elo_rating', 'bmi', 'life_exp', 'mv_play_int', 'dom_perc', 'int_perc')",0.195048029
"('gdp_usd', 'elo_rating', 'qol', 'mv_play_dom', 'mv_play_int', 'dom_perc')",0.19495675
"('gdp_usd', 'elo_rating', 'qol', 'mv_play_dom', 'mv_play_int', 'int_perc')",0.19495675
"('gdp_usd', 'elo_rating', 'qol', 'mv_play_dom', 'mv_play_int', 'dom_perc', 'int_perc')",0.19495675
"('gdp_usd', 'mv_usd', 'elo_rating', 'bmi', 'dom_int_mv_ratio', 'dom_perc')",0.194635134
"('gdp_usd', 'mv_usd', 'elo_rating', 'bmi', 'dom_int_mv_ratio', 'int_perc')",0.194635134
"('gdp_usd', 'mv_usd', 'elo_rating', 'bmi', 'dom_int_mv_ratio', 'dom_perc', 'int_perc')",0.194635134
"('gdp_usd', 'elo_rating', 'bmi', 'mv_play_int', 'dom_int_mv_ratio', 'dom_perc')",0.194241072
"('gdp_usd', 'elo_rating', 'bmi', 'mv_play_int', 'dom_int_mv_ratio', 'int_perc')",0.194241072
"('gdp_usd', 'elo_rating', 'bmi', 'mv_play_int', 'dom_int_mv_ratio', 'dom_perc', 'int_perc')",0.194241072
"('gdp_usd', 'elo_rating', 'life_exp', 'qol', 'mv_play_int', 'dom_int_mv_ratio', 'dom_perc')",0.19410729
"('gdp_usd', 'elo_rating', 'life_exp', 'qol', 'mv_play_int', 'dom_int_mv_ratio', 'int_perc')",0.19410729
"('gdp_usd', 'elo_rating', 'life_exp', 'qol', 'mv_play_int', 'dom_int_mv_ratio', 'dom_perc', 'int_perc')",0.19410729
"('gdp_usd', 'mv_usd', 'elo_rating', 'life_exp', 'qol', 'mv_play_dom', 'dom_int_mv_ratio')",0.194035817
"('gdp_usd', 'elo_rating', 'life_exp', 'num_play_dom', 'dom_int_mv_ratio')",0.193545746
"('gdp_usd', 'elo_rating', 'life_exp', 'qol', 'mv_play_int', 'dom_perc')",0.19325991
"('gdp_usd', 'elo_rating', 'life_exp', 'qol', 'mv_play_int', 'dom_perc', 'int_perc')",0.19325991
"('gdp_usd', 'elo_rating', 'life_exp', 'qol', 'mv_play_int', 'int_perc')",0.19325991
"('gdp_usd', 'mv_usd', 'bmi', 'life_exp', 'mv_play_dom', 'dom_int_mv_ratio', 'dom_perc')",0.193123032
"('gdp_usd', 'mv_usd', 'bmi', 'life_exp', 'mv_play_dom', 'dom_int_mv_ratio', 'int_perc')",0.193123032
"('gdp_usd', 'mv_usd', 'bmi', 'life_exp', 'mv_play_dom', 'dom_int_mv_ratio', 'dom_perc', 'int_perc')",0.193123032
"('gdp_usd', 'elo_rating', 'mv_play_dom', 'num_play_dom', 'dom_int_mv_ratio')",0.192911427
"('gdp_usd', 'mv_play_dom', 'num_play_dom', 'dom_int_mv_ratio')",0.192814233
"('gdp_usd', 'mv_usd', 'life_exp', 'num_play_dom', 'dom_int_mv_ratio')",0.192799594
"('mv_usd', 'num_play_int')",0.192743486
"('mv_usd', 'bmi', 'qol', 'num_play_dom')",0.192719584
"('gdp_usd', 'mv_usd', 'elo_rating', 'bmi', 'life_exp', 'dom_perc')",0.192226594
"('gdp_usd', 'mv_usd', 'elo_rating', 'bmi', 'life_exp', 'int_perc')",0.192226594
"('gdp_usd', 'mv_usd', 'elo_rating', 'bmi', 'life_exp', 'dom_perc', 'int_perc')",0.192226594
"('gdp_usd', 'elo_rating', 'life_exp', 'mv_play_dom', 'num_play_dom')",0.192208128
"('gdp_usd', 'life_exp', 'mv_play_dom', 'num_play_dom')",0.192109929
"('power_rating', 'gdp_usd', 'mv_usd', 'bmi')",0.191571183
"('gdp_usd', 'elo_rating', 'life_exp', 'num_play_dom')",0.191471335
"('gdp_usd', 'mv_usd', 'elo_rating', 'life_exp', 'qol', 'mv_play_dom', 'mv_play_int')",0.191269385
"('gdp_usd', 'mv_usd', 'life_exp', 'num_play_dom')",0.191269055
"('gdp_usd', 'elo_rating', 'bmi', 'mv_play_int', 'dom_perc')",0.191076677
"('gdp_usd', 'elo_rating', 'bmi', 'mv_play_int', 'int_perc')",0.191076677
"('gdp_usd', 'elo_rating', 'bmi', 'mv_play_int', 'dom_perc', 'int_perc')",0.191076677
"('power_rating', 'mv_usd', 'bmi', 'num_play_int')",0.190913573
"('gdp_usd', 'mv_usd', 'elo_rating', 'bmi', 'dom_int_mv_ratio')",0.19060213
"('gdp_usd', 'mv_usd', 'elo_rating', 'life_exp', 'qol', 'mv_play_int')",0.190461502
"('power_rating', 'gdp_usd', 'mv_usd', 'num_play_int')",0.190411101
"('gdp_usd', 'mv_usd', 'num_play_dom', 'dom_int_mv_ratio')",0.190406169
"('gdp_usd', 'elo_rating', 'bmi', 'mv_play_dom', 'mv_play_int')",0.190395878
"('gdp_usd', 'mv_usd', 'elo_rating', 'life_exp', 'mv_play_dom', 'mv_play_int', 'dom_perc')",0.190263417
"('gdp_usd', 'mv_usd', 'elo_rating', 'life_exp', 'mv_play_dom', 'mv_play_int', 'int_perc')",0.190263417
"('gdp_usd', 'mv_usd', 'elo_rating', 'life_exp', 'mv_play_dom', 'mv_play_int', 'dom_perc', 'int_perc')",0.190263417
"('gdp_usd', 'elo_rating', 'num_play_dom', 'dom_int_mv_ratio')",0.190231784
"('gdp_usd', 'mv_usd', 'bmi', 'qol', 'mv_play_dom', 'mv_play_int', 'dom_int_mv_ratio', 'int_perc')",0.190096505
"('gdp_usd', 'mv_usd', 'bmi', 'qol', 'mv_play_dom', 'mv_play_int', 'dom_int_mv_ratio', 'dom_perc', 'int_perc')",0.190096505
"('gdp_usd', 'mv_usd', 'bmi', 'qol', 'mv_play_dom', 'mv_play_int', 'dom_int_mv_ratio', 'dom_perc')",0.190096505
"('power_rating', 'gdp_usd', 'bmi', 'num_play_dom')",0.190041235
"('gdp_usd', 'mv_usd', 'elo_rating', 'mv_play_dom', 'mv_play_int', 'dom_perc')",0.189829497
"('gdp_usd', 'mv_usd', 'elo_rating', 'mv_play_dom', 'mv_play_int', 'int_perc')",0.189829497
"('gdp_usd', 'mv_usd', 'elo_rating', 'mv_play_dom', 'mv_play_int', 'dom_perc', 'int_perc')",0.189829497
"('gdp_usd', 'mv_usd', 'bmi', 'mv_play_dom', 'mv_play_int', 'dom_int_mv_ratio', 'dom_perc')",0.189593346
"('gdp_usd', 'mv_usd', 'bmi', 'mv_play_dom', 'mv_play_int', 'dom_int_mv_ratio', 'int_perc')",0.189593346
"('gdp_usd', 'mv_usd', 'bmi', 'mv_play_dom', 'mv_play_int', 'dom_int_mv_ratio', 'dom_perc', 'int_perc')",0.189593346
"('gdp_usd', 'mv_usd', 'num_play_dom')",0.189487448
"('gdp_usd', 'mv_usd', 'elo_rating', 'bmi', 'life_exp')",0.18881935
"('gdp_usd', 'life_exp', 'num_play_dom', 'dom_int_mv_ratio')",0.188788793
"('gdp_usd', 'life_exp', 'num_play_dom')",0.188682594
"('mv_usd', 'qol', 'num_play_dom')",0.187642309
"('power_rating', 'mv_usd', 'num_play_int')",0.187174323
"('gdp_usd', 'mv_usd', 'elo_rating', 'bmi', 'qol', 'dom_perc')",0.187141484
"('gdp_usd', 'mv_usd', 'elo_rating', 'bmi', 'qol', 'int_perc')",0.187141484
"('gdp_usd', 'mv_usd', 'elo_rating', 'bmi', 'qol', 'dom_perc', 'int_perc')",0.187141484
"('power_rating', 'gdp_usd', 'bmi', 'life_exp', 'mv_play_dom')",0.187053397
"('gdp_usd', 'mv_usd', 'bmi', 'life_exp', 'mv_play_dom', 'mv_play_int', 'dom_int_mv_ratio')",0.18700293
"('gdp_usd', 'mv_usd', 'elo_rating', 'bmi', 'qol')",0.186870574
"('gdp_usd', 'elo_rating', 'mv_play_dom', 'num_play_dom')",0.186570003
"('gdp_usd', 'mv_play_dom', 'num_play_dom')",0.186537708
"('gdp_usd', 'elo_rating', 'qol', 'mv_play_int', 'dom_int_mv_ratio', 'dom_perc')",0.186478741
"('gdp_usd', 'elo_rating', 'qol', 'mv_play_int', 'dom_int_mv_ratio', 'int_perc')",0.186478741
"('gdp_usd', 'elo_rating', 'qol', 'mv_play_int', 'dom_int_mv_ratio', 'dom_perc', 'int_perc')",0.186478741
"('gdp_usd', 'elo_rating', 'num_play_dom')",0.186223256
"('power_rating', 'bmi', 'num_play_dom')",0.18617517
"('gdp_usd', 'num_play_dom', 'dom_int_mv_ratio')",0.185924318
"('gdp_usd', 'mv_usd', 'bmi', 'life_exp', 'mv_play_dom', 'dom_int_mv_ratio')",0.185735717
"('power_rating', 'gdp_usd', 'mv_usd')",0.184956983
"('gdp_usd', 'num_play_dom')",0.184937571
"('gdp_usd', 'elo_rating', 'life_exp', 'mv_play_int', 'num_play_int', 'dom_int_mv_ratio')",0.184798259
"('gdp_usd', 'mv_usd', 'bmi', 'life_exp', 'qol', 'mv_play_dom', 'mv_play_int', 'dom_perc')",0.184210161
"('gdp_usd', 'mv_usd', 'bmi', 'life_exp', 'qol', 'mv_play_dom', 'mv_play_int', 'int_perc')",0.184210161
"('gdp_usd', 'mv_usd', 'bmi', 'life_exp', 'qol', 'mv_play_dom', 'mv_play_int', 'dom_perc', 'int_perc')",0.184210161
"('gdp_usd', 'elo_rating', 'mv_play_int', 'num_play_int', 'dom_int_mv_ratio')",0.184179405
"('gdp_usd', 'elo_rating', 'qol', 'mv_play_int', 'dom_perc')",0.184006792
"('gdp_usd', 'elo_rating', 'qol', 'mv_play_int', 'int_perc')",0.184006792
"('gdp_usd', 'elo_rating', 'qol', 'mv_play_int', 'dom_perc', 'int_perc')",0.184006792
"('qol', 'mv_play_dom', 'num_play_dom', 'num_play_int', 'dom_int_mv_ratio', 'dom_perc')",0.183339875
"('qol', 'mv_play_dom', 'num_play_dom', 'num_play_int', 'dom_int_mv_ratio', 'int_perc')",0.183339875
"('qol', 'mv_play_dom', 'num_play_dom', 'num_play_int', 'dom_int_mv_ratio', 'dom_perc', 'int_perc')",0.183339875
"('qol', 'num_play_dom', 'num_play_int', 'dom_int_mv_ratio', 'dom_perc')",0.18282862
"('qol', 'num_play_dom', 'num_play_int', 'dom_int_mv_ratio', 'int_perc')",0.18282862
"('qol', 'num_play_dom', 'num_play_int', 'dom_int_mv_ratio', 'dom_perc', 'int_perc')",0.18282862
"('power_rating', 'bmi', 'life_exp', 'mv_play_dom')",0.182723937
"('gdp_usd', 'mv_usd', 'bmi', 'life_exp', 'qol', 'mv_play_dom', 'dom_perc')",0.182696666
"('gdp_usd', 'mv_usd', 'bmi', 'life_exp', 'qol', 'mv_play_dom', 'int_perc')",0.182696666
"('gdp_usd', 'mv_usd', 'bmi', 'life_exp', 'qol', 'mv_play_dom', 'dom_perc', 'int_perc')",0.182696666
"('power_rating', 'gdp_usd', 'life_exp', 'mv_play_dom')",0.182448381
"('gdp_usd', 'mv_usd', 'elo_rating', 'life_exp', 'qol', 'dom_int_mv_ratio', 'dom_perc')",0.181932893
"('gdp_usd', 'mv_usd', 'elo_rating', 'life_exp', 'qol', 'dom_int_mv_ratio', 'int_perc')",0.181932893
"('gdp_usd', 'mv_usd', 'elo_rating', 'life_exp', 'qol', 'dom_int_mv_ratio', 'dom_perc', 'int_perc')",0.181932893
"('gdp_usd', 'mv_usd', 'elo_rating', 'qol', 'mv_play_dom', 'dom_perc')",0.180549161
"('gdp_usd', 'mv_usd', 'elo_rating', 'qol', 'mv_play_dom', 'int_perc')",0.180549161
"('gdp_usd', 'mv_usd', 'elo_rating', 'qol', 'mv_play_dom', 'dom_perc', 'int_perc')",0.180549161
"('gdp_usd', 'mv_usd', 'elo_rating', 'life_exp', 'qol', 'mv_play_dom')",0.180389082
"('gdp_usd', 'mv_usd', 'elo_rating', 'life_exp', 'qol', 'dom_int_mv_ratio')",0.179110526
"('gdp_usd', 'mv_usd', 'bmi', 'qol', 'mv_play_dom', 'dom_int_mv_ratio', 'dom_perc')",0.178935648
"('gdp_usd', 'mv_usd', 'bmi', 'qol', 'mv_play_dom', 'dom_int_mv_ratio', 'int_perc')",0.178935648
"('gdp_usd', 'mv_usd', 'bmi', 'qol', 'mv_play_dom', 'dom_int_mv_ratio', 'dom_perc', 'int_perc')",0.178935648
"('gdp_usd', 'mv_usd', 'elo_rating', 'bmi', 'dom_perc')",0.178860613
"('gdp_usd', 'mv_usd', 'elo_rating', 'bmi', 'int_perc')",0.178860613
"('gdp_usd', 'mv_usd', 'elo_rating', 'bmi', 'dom_perc', 'int_perc')",0.178860613
"('bmi', 'mv_play_dom', 'dom_perc')",0.178844388
"('bmi', 'mv_play_dom', 'dom_perc', 'int_perc')",0.178844388
"('bmi', 'mv_play_dom', 'int_perc')",0.178844388
"('bmi', 'dom_perc')",0.178263413
"('bmi', 'int_perc')",0.178263413
"('bmi', 'dom_perc', 'int_perc')",0.178263413
"('gdp_usd', 'mv_usd', 'bmi', 'mv_play_dom', 'dom_int_mv_ratio', 'dom_perc')",0.177810265
"('gdp_usd', 'mv_usd', 'bmi', 'mv_play_dom', 'dom_int_mv_ratio', 'int_perc')",0.177810265
"('gdp_usd', 'mv_usd', 'bmi', 'mv_play_dom', 'dom_int_mv_ratio', 'dom_perc', 'int_perc')",0.177810265
"('gdp_usd', 'mv_usd', 'elo_rating', 'qol', 'mv_play_dom', 'dom_int_mv_ratio')",0.177799281
"('gdp_usd', 'mv_usd', 'elo_rating', 'bmi')",0.17748078
"('qol', 'mv_play_dom', 'num_play_dom', 'dom_int_mv_ratio', 'dom_perc')",0.177399033
"('qol', 'mv_play_dom', 'num_play_dom', 'dom_int_mv_ratio', 'int_perc')",0.177399033
"('qol', 'mv_play_dom', 'num_play_dom', 'dom_int_mv_ratio', 'dom_perc', 'int_perc')",0.177399033
"('power_rating', 'mv_usd', 'bmi')",0.176560095
"('qol', 'num_play_dom', 'dom_int_mv_ratio', 'dom_perc')",0.17645494
"('qol', 'num_play_dom', 'dom_int_mv_ratio', 'int_perc')",0.17645494
"('qol', 'num_play_dom', 'dom_int_mv_ratio', 'dom_perc', 'int_perc')",0.17645494
"('gdp_usd', 'mv_usd', 'elo_rating', 'life_exp', 'mv_play_int', 'dom_perc')",0.176277444
"('gdp_usd', 'mv_usd', 'elo_rating', 'life_exp', 'mv_play_int', 'int_perc')",0.176277444
"('gdp_usd', 'mv_usd', 'elo_rating', 'life_exp', 'mv_play_int', 'dom_perc', 'int_perc')",0.176277444
"('gdp_usd', 'elo_rating', 'bmi', 'life_exp', 'qol', 'mv_play_dom', 'dom_int_mv_ratio', 'int_perc')",0.175969684
"('gdp_usd', 'elo_rating', 'bmi', 'life_exp', 'qol', 'mv_play_dom', 'dom_int_mv_ratio', 'dom_perc', 'int_perc')",0.175969684
"('gdp_usd', 'elo_rating', 'bmi', 'life_exp', 'qol', 'mv_play_dom', 'dom_int_mv_ratio', 'dom_perc')",0.175969684
"('gdp_usd', 'elo_rating', 'bmi', 'life_exp', 'qol', 'mv_play_dom', 'dom_perc')",0.175968167
"('gdp_usd', 'elo_rating', 'bmi', 'life_exp', 'qol', 'mv_play_dom', 'int_perc')",0.175968167
"('gdp_usd', 'elo_rating', 'bmi', 'life_exp', 'qol', 'mv_play_dom', 'dom_perc', 'int_perc')",0.175968167
"('gdp_usd', 'mv_usd', 'elo_rating', 'life_exp', 'qol', 'dom_perc')",0.175587638
"('gdp_usd', 'mv_usd', 'elo_rating', 'life_exp', 'qol', 'int_perc')",0.175587638
"('gdp_usd', 'mv_usd', 'elo_rating', 'life_exp', 'qol', 'dom_perc', 'int_perc')",0.175587638
"('gdp_usd', 'mv_usd', 'elo_rating', 'mv_play_int', 'dom_perc')",0.174967854
"('gdp_usd', 'mv_usd', 'elo_rating', 'mv_play_int', 'int_perc')",0.174967854
"('gdp_usd', 'mv_usd', 'elo_rating', 'mv_play_int', 'dom_perc', 'int_perc')",0.174967854
"('power_rating', 'life_exp', 'mv_play_dom')",0.174398281
"('gdp_usd', 'elo_rating', 'bmi', 'life_exp', 'qol', 'mv_play_dom', 'dom_int_mv_ratio')",0.174380904
"('gdp_usd', 'elo_rating', 'bmi', 'life_exp', 'qol', 'mv_play_dom')",0.174312676
"('power_rating', 'mv_usd')",0.174150872
"('gdp_usd', 'mv_usd', 'elo_rating', 'qol', 'mv_play_dom', 'mv_play_int')",0.174126375
"('gdp_usd', 'mv_usd', 'elo_rating', 'qol', 'mv_play_int')",0.173853484
"('qol', 'mv_play_dom', 'num_play_dom', 'mv_play_int', 'num_play_int', 'dom_int_mv_ratio')",0.173773449
"('gdp_usd', 'mv_usd', 'bmi', 'life_exp', 'mv_play_dom', 'mv_play_int', 'dom_perc')",0.172261591
"('gdp_usd', 'mv_usd', 'bmi', 'life_exp', 'mv_play_dom', 'mv_play_int', 'int_perc')",0.172261591
"('gdp_usd', 'mv_usd', 'bmi', 'life_exp', 'mv_play_dom', 'mv_play_int', 'dom_perc', 'int_perc')",0.172261591
"('qol', 'mv_play_dom', 'mv_play_int', 'num_play_int', 'dom_int_mv_ratio', 'dom_perc')",0.171559834
"('qol', 'mv_play_dom', 'mv_play_int', 'num_play_int', 'dom_int_mv_ratio', 'int_perc')",0.171559834
"('qol', 'mv_play_dom', 'mv_play_int', 'num_play_int', 'dom_int_mv_ratio', 'dom_perc', 'int_perc')",0.171559834
"('qol', 'mv_play_int', 'num_play_int', 'dom_int_mv_ratio', 'dom_perc')",0.171460993
"('qol', 'mv_play_int', 'num_play_int', 'dom_int_mv_ratio', 'int_perc')",0.171460993
"('qol', 'mv_play_int', 'num_play_int', 'dom_int_mv_ratio', 'dom_perc', 'int_perc')",0.171460993
"('qol', 'num_play_dom', 'mv_play_int', 'num_play_int', 'dom_int_mv_ratio')",0.171430758
"('gdp_usd', 'elo_rating', 'life_exp', 'num_play_int', 'dom_int_mv_ratio')",0.171368403
"('gdp_usd', 'mv_usd', 'elo_rating', 'life_exp', 'qol')",0.171286987
"('qol', 'mv_play_dom', 'mv_play_int', 'num_play_int', 'dom_int_mv_ratio')",0.171145617
"('power_rating', 'gdp_usd', 'bmi', 'life_exp', 'dom_perc')",0.170518161
"('power_rating', 'gdp_usd', 'bmi', 'life_exp', 'int_perc')",0.170518161
"('power_rating', 'gdp_usd', 'bmi', 'life_exp', 'dom_perc', 'int_perc')",0.170518161
"('gdp_usd', 'elo_rating', 'life_exp', 'qol', 'mv_play_dom', 'mv_play_int', 'dom_int_mv_ratio')",0.17045165
"('qol', 'mv_play_int', 'num_play_int', 'dom_int_mv_ratio')",0.170431742
"('gdp_usd', 'mv_usd', 'bmi', 'life_exp', 'qol', 'mv_play_dom', 'mv_play_int')",0.170338818
"('gdp_usd', 'mv_usd', 'bmi', 'life_exp', 'qol', 'mv_play_dom')",0.169582486
"('gdp_usd', 'elo_rating', 'num_play_int', 'dom_int_mv_ratio')",0.169520538
"('gdp_usd', 'mv_usd', 'bmi', 'qol', 'mv_play_dom', 'mv_play_int', 'dom_int_mv_ratio')",0.169319536
"('gdp_usd', 'mv_usd', 'bmi', 'mv_play_dom', 'mv_play_int', 'dom_int_mv_ratio')",0.169301609
"('power_rating', 'gdp_usd', 'life_exp', 'dom_perc')",0.169205853
"('power_rating', 'gdp_usd', 'life_exp', 'int_perc')",0.169205853
"('power_rating', 'gdp_usd', 'life_exp', 'dom_perc', 'int_perc')",0.169205853
"('gdp_usd', 'mv_usd', 'bmi', 'life_exp', 'mv_play_dom', 'dom_perc')",0.168928711
"('gdp_usd', 'mv_usd', 'bmi', 'life_exp', 'mv_play_dom', 'int_perc')",0.168928711
"('gdp_usd', 'mv_usd', 'bmi', 'life_exp', 'mv_play_dom', 'dom_perc', 'int_perc')",0.168928711
"('power_rating', 'bmi', 'life_exp', 'dom_perc')",0.168563314
"('power_rating', 'bmi', 'life_exp', 'int_perc')",0.168563314
"('power_rating', 'bmi', 'life_exp', 'dom_perc', 'int_perc')",0.168563314
"('gdp_usd', 'mv_usd', 'bmi', 'qol', 'mv_play_dom', 'dom_int_mv_ratio')",0.168139447
"('gdp_usd', 'mv_usd', 'bmi', 'mv_play_dom', 'dom_int_mv_ratio')",0.168008412
"('power_rating', 'life_exp', 'dom_perc')",0.167931248
"('power_rating', 'life_exp', 'int_perc')",0.167931248
"('power_rating', 'life_exp', 'dom_perc', 'int_perc')",0.167931248
"('mv_usd', 'bmi', 'life_exp', 'num_play_dom')",0.167337314
"('gdp_usd', 'elo_rating', 'life_exp', 'mv_play_int', 'num_play_int')",0.166937156
"('power_rating', 'num_play_dom', 'num_play_int')",0.166417731
"('mv_usd', 'life_exp', 'num_play_dom')",0.166356234
"('gdp_usd', 'elo_rating', 'life_exp', 'mv_play_dom', 'mv_play_int', 'dom_int_mv_ratio', 'dom_perc')",0.166140108
"('gdp_usd', 'elo_rating', 'life_exp', 'mv_play_dom', 'mv_play_int', 'dom_int_mv_ratio', 'int_perc')",0.166140108
"('gdp_usd', 'elo_rating', 'life_exp', 'mv_play_dom', 'mv_play_int', 'dom_int_mv_ratio', 'dom_perc', 'int_perc')",0.166140108
"('gdp_usd', 'mv_usd', 'elo_rating', 'qol', 'dom_int_mv_ratio', 'dom_perc')",0.165920746
"('gdp_usd', 'mv_usd', 'elo_rating', 'qol', 'dom_int_mv_ratio', 'int_perc')",0.165920746
"('gdp_usd', 'mv_usd', 'elo_rating', 'qol', 'dom_int_mv_ratio', 'dom_perc', 'int_perc')",0.165920746
"('gdp_usd', 'elo_rating', 'life_exp', 'qol', 'mv_play_dom', 'mv_play_int')",0.165064593
"('gdp_usd', 'elo_rating', 'bmi', 'life_exp', 'qol', 'mv_play_int', 'dom_int_mv_ratio')",0.164733829
"('gdp_usd', 'mv_usd', 'elo_rating', 'qol', 'dom_int_mv_ratio')",0.163907423
"('life_exp', 'mv_play_dom', 'num_play_dom', 'num_play_int', 'dom_perc')",0.163090005
"('life_exp', 'mv_play_dom', 'num_play_dom', 'num_play_int', 'int_perc')",0.163090005
"('life_exp', 'mv_play_dom', 'num_play_dom', 'num_play_int', 'dom_perc', 'int_perc')",0.163090005
"('gdp_usd', 'elo_rating', 'qol', 'mv_play_dom', 'mv_play_int', 'dom_int_mv_ratio')",0.162891855
"('gdp_usd', 'elo_rating', 'bmi', 'life_exp', 'qol', 'mv_play_int')",0.162444463
"('gdp_usd', 'elo_rating', 'mv_play_int', 'num_play_int')",0.162110796
"('qol', 'mv_play_dom', 'num_play_dom', 'num_play_int', 'dom_int_mv_ratio')",0.161495114
"('qol', 'mv_play_dom', 'num_play_dom', 'mv_play_int', 'num_play_int')",0.161450465
"('gdp_usd', 'mv_usd', 'elo_rating', 'qol', 'mv_play_dom')",0.160992652
"('gdp_usd', 'elo_rating', 'mv_play_dom', 'mv_play_int', 'dom_int_mv_ratio', 'dom_perc')",0.160387806
"('gdp_usd', 'elo_rating', 'mv_play_dom', 'mv_play_int', 'dom_int_mv_ratio', 'int_perc')",0.160387806
"('gdp_usd', 'elo_rating', 'mv_play_dom', 'mv_play_int', 'dom_int_mv_ratio', 'dom_perc', 'int_perc')",0.160387806
"('gdp_usd', 'elo_rating', 'life_exp', 'num_play_int')",0.160297489
"('qol', 'mv_play_dom', 'mv_play_int', 'num_play_int', 'dom_perc')",0.160293834
"('qol', 'mv_play_dom', 'mv_play_int', 'num_play_int', 'int_perc')",0.160293834
"('qol', 'mv_play_dom', 'mv_play_int', 'num_play_int', 'dom_perc', 'int_perc')",0.160293834
"('gdp_usd', 'mv_usd', 'bmi', 'life_exp', 'mv_play_dom', 'mv_play_int')",0.160162118
"('gdp_usd', 'mv_usd', 'bmi', 'life_exp', 'mv_play_dom')",0.160151352
"('gdp_usd', 'life_exp', 'mv_play_int', 'num_play_int', 'dom_int_mv_ratio')",0.15995345
"('qol', 'mv_play_dom', 'mv_play_int', 'num_play_int')",0.159492504
"('gdp_usd', 'life_exp', 'num_play_int', 'dom_int_mv_ratio')",0.159422251
"('life_exp', 'mv_play_dom', 'mv_play_int', 'num_play_int', 'dom_int_mv_ratio', 'dom_perc')",0.158375547
"('life_exp', 'mv_play_dom', 'mv_play_int', 'num_play_int', 'dom_int_mv_ratio', 'int_perc')",0.158375547
"('life_exp', 'mv_play_dom', 'mv_play_int', 'num_play_int', 'dom_int_mv_ratio', 'dom_perc', 'int_perc')",0.158375547
"('life_exp', 'mv_play_dom', 'num_play_int', 'dom_int_mv_ratio', 'dom_perc')",0.158214404
"('life_exp', 'mv_play_dom', 'num_play_int', 'dom_int_mv_ratio', 'int_perc')",0.158214404
"('life_exp', 'mv_play_dom', 'num_play_int', 'dom_int_mv_ratio', 'dom_perc', 'int_perc')",0.158214404
"('life_exp', 'mv_play_int', 'num_play_int', 'dom_int_mv_ratio', 'dom_perc')",0.157958298
"('life_exp', 'mv_play_int', 'num_play_int', 'dom_int_mv_ratio', 'int_perc')",0.157958298
"('life_exp', 'mv_play_int', 'num_play_int', 'dom_int_mv_ratio', 'dom_perc', 'int_perc')",0.157958298
"('gdp_usd', 'elo_rating', 'life_exp', 'mv_play_dom', 'mv_play_int', 'dom_perc')",0.157538479
"('gdp_usd', 'elo_rating', 'life_exp', 'mv_play_dom', 'mv_play_int', 'int_perc')",0.157538479
"('gdp_usd', 'elo_rating', 'life_exp', 'mv_play_dom', 'mv_play_int', 'dom_perc', 'int_perc')",0.157538479
"('life_exp', 'num_play_int', 'dom_int_mv_ratio', 'dom_perc')",0.157534074
"('life_exp', 'num_play_int', 'dom_int_mv_ratio', 'int_perc')",0.157534074
"('life_exp', 'num_play_int', 'dom_int_mv_ratio', 'dom_perc', 'int_perc')",0.157534074
"('gdp_usd', 'mv_play_int', 'num_play_int', 'dom_int_mv_ratio')",0.157076136
"('gdp_usd', 'mv_usd', 'elo_rating', 'qol', 'dom_perc')",0.156880989
"('gdp_usd', 'mv_usd', 'elo_rating', 'qol', 'int_perc')",0.156880989
"('gdp_usd', 'mv_usd', 'elo_rating', 'qol', 'dom_perc', 'int_perc')",0.156880989
"('qol', 'mv_play_int', 'num_play_int', 'dom_perc')",0.156462513
"('qol', 'mv_play_int', 'num_play_int', 'int_perc')",0.156462513
"('qol', 'mv_play_int', 'num_play_int', 'dom_perc', 'int_perc')",0.156462513
"('gdp_usd', 'num_play_int', 'dom_int_mv_ratio')",0.15639963
"('gdp_usd', 'mv_usd', 'bmi', 'qol', 'mv_play_dom', 'mv_play_int', 'int_perc')",0.155854067
"('gdp_usd', 'mv_usd', 'bmi', 'qol', 'mv_play_dom', 'mv_play_int', 'dom_perc', 'int_perc')",0.155854067
"('gdp_usd', 'mv_usd', 'bmi', 'qol', 'mv_play_dom', 'mv_play_int', 'dom_perc')",0.155854067
"('qol', 'num_play_dom', 'num_play_int', 'dom_int_mv_ratio')",0.155644737
"('mv_play_dom', 'num_play_dom')",0.155559779
"('gdp_usd', 'mv_usd', 'bmi', 'mv_play_dom', 'mv_play_int', 'dom_perc')",0.155444139
"('gdp_usd', 'mv_usd', 'bmi', 'mv_play_dom', 'mv_play_int', 'int_perc')",0.155444139
"('gdp_usd', 'mv_usd', 'bmi', 'mv_play_dom', 'mv_play_int', 'dom_perc', 'int_perc')",0.155444139
"('gdp_usd', 'elo_rating', 'qol', 'mv_play_dom', 'mv_play_int')",0.154633737
"('gdp_usd', 'elo_rating', 'num_play_int')",0.154602936
"('gdp_usd', 'elo_rating', 'mv_play_dom', 'mv_play_int', 'dom_perc')",0.154404526
"('gdp_usd', 'elo_rating', 'mv_play_dom', 'mv_play_int', 'int_perc')",0.154404526
"('gdp_usd', 'elo_rating', 'mv_play_dom', 'mv_play_int', 'dom_perc', 'int_perc')",0.154404526
"('gdp_usd', 'mv_usd', 'elo_rating', 'qol')",0.153417072
"('gdp_usd', 'mv_usd', 'elo_rating', 'life_exp', 'mv_play_dom', 'mv_play_int', 'dom_int_mv_ratio')",0.152959742
"('gdp_usd', 'mv_usd', 'life_exp', 'qol', 'mv_play_dom', 'mv_play_int', 'dom_int_mv_ratio', 'dom_perc')",0.152822067
"('gdp_usd', 'mv_usd', 'life_exp', 'qol', 'mv_play_dom', 'mv_play_int', 'dom_int_mv_ratio', 'int_perc')",0.152822067
"('gdp_usd', 'mv_usd', 'life_exp', 'qol', 'mv_play_dom', 'mv_play_int', 'dom_int_mv_ratio', 'dom_perc', 'int_perc')",0.152822067
"('qol', 'mv_play_dom', 'num_play_int', 'dom_int_mv_ratio', 'dom_perc')",0.152113642
"('qol', 'mv_play_dom', 'num_play_int', 'dom_int_mv_ratio', 'int_perc')",0.152113642
"('qol', 'mv_play_dom', 'num_play_int', 'dom_int_mv_ratio', 'dom_perc', 'int_perc')",0.152113642
"('gdp_usd', 'mv_usd', 'bmi', 'qol', 'mv_play_dom', 'dom_perc')",0.151983861
"('gdp_usd', 'mv_usd', 'bmi', 'qol', 'mv_play_dom', 'int_perc')",0.151983861
"('gdp_usd', 'mv_usd', 'bmi', 'qol', 'mv_play_dom', 'dom_perc', 'int_perc')",0.151983861
"('gdp_usd', 'mv_usd', 'elo_rating', 'life_exp', 'mv_play_int', 'dom_int_mv_ratio')",0.151877955
"('elo_rating', 'bmi', 'life_exp', 'qol', 'num_play_dom')",0.15126508
"('gdp_usd', 'mv_usd', 'bmi', 'mv_play_dom', 'dom_perc')",0.151241887
"('gdp_usd', 'mv_usd', 'bmi', 'mv_play_dom', 'int_perc')",0.151241887
"('gdp_usd', 'mv_usd', 'bmi', 'mv_play_dom', 'dom_perc', 'int_perc')",0.151241887
"('power_rating', 'gdp_usd', 'num_play_dom', 'dom_perc')",0.15095446
"('power_rating', 'gdp_usd', 'num_play_dom', 'int_perc')",0.15095446
"('power_rating', 'gdp_usd', 'num_play_dom', 'dom_perc', 'int_perc')",0.15095446
"('qol', 'mv_play_dom', 'num_play_dom', 'mv_play_int', 'dom_int_mv_ratio')",0.150737682
"('elo_rating', 'bmi', 'qol', 'num_play_dom')",0.150466031
"('elo_rating', 'life_exp', 'qol', 'num_play_dom')",0.150383635
"('elo_rating', 'bmi', 'life_exp', 'qol')",0.150350606
"('life_exp', 'mv_play_dom', 'num_play_dom', 'mv_play_int', 'num_play_int', 'dom_int_mv_ratio')",0.150145762
"('life_exp', 'mv_play_dom', 'mv_play_int', 'num_play_int', 'dom_int_mv_ratio')",0.150111661
"('elo_rating', 'life_exp', 'qol')",0.150097343
"('gdp_usd', 'elo_rating', 'life_exp', 'mv_play_int', 'dom_int_mv_ratio', 'dom_perc')",0.149964404
"('gdp_usd', 'elo_rating', 'life_exp', 'mv_play_int', 'dom_int_mv_ratio', 'int_perc')",0.149964404
"('gdp_usd', 'elo_rating', 'life_exp', 'mv_play_int', 'dom_int_mv_ratio', 'dom_perc', 'int_perc')",0.149964404
"('gdp_usd', 'mv_usd', 'elo_rating', 'life_exp', 'mv_play_dom', 'dom_int_mv_ratio', 'dom_perc', 'int_perc')",0.149933782
"('gdp_usd', 'mv_usd', 'elo_rating', 'life_exp', 'mv_play_dom', 'dom_int_mv_ratio', 'dom_perc')",0.149933782
"('gdp_usd', 'mv_usd', 'elo_rating', 'life_exp', 'mv_play_dom', 'dom_int_mv_ratio', 'int_perc')",0.149933782
"('elo_rating', 'bmi', 'qol')",0.149608233
"('gdp_usd', 'elo_rating', 'bmi', 'qol', 'mv_play_dom', 'dom_int_mv_ratio', 'dom_perc')",0.149528406
"('gdp_usd', 'elo_rating', 'bmi', 'qol', 'mv_play_dom', 'dom_int_mv_ratio', 'int_perc')",0.149528406
"('gdp_usd', 'elo_rating', 'bmi', 'qol', 'mv_play_dom', 'dom_int_mv_ratio', 'dom_perc', 'int_perc')",0.149528406
"('gdp_usd', 'elo_rating', 'bmi', 'qol', 'mv_play_dom', 'dom_perc')",0.14900061
"('gdp_usd', 'elo_rating', 'bmi', 'qol', 'mv_play_dom', 'int_perc')",0.14900061
"('gdp_usd', 'elo_rating', 'bmi', 'qol', 'mv_play_dom', 'dom_perc', 'int_perc')",0.14900061
"('elo_rating', 'qol', 'num_play_dom')",0.148986759
"('elo_rating', 'qol')",0.148904633
"('gdp_usd', 'mv_usd', 'bmi', 'life_exp', 'qol', 'mv_play_int', 'dom_int_mv_ratio', 'dom_perc')",0.148705711
"('gdp_usd', 'mv_usd', 'bmi', 'life_exp', 'qol', 'mv_play_int', 'dom_int_mv_ratio', 'int_perc')",0.148705711
"('gdp_usd', 'mv_usd', 'bmi', 'life_exp', 'qol', 'mv_play_int', 'dom_int_mv_ratio', 'dom_perc', 'int_perc')",0.148705711
"('bmi', 'mv_play_dom', 'mv_play_int', 'num_play_int', 'dom_int_mv_ratio')",0.148633651
"('qol', 'num_play_int', 'dom_int_mv_ratio', 'dom_perc')",0.148593648
"('qol', 'num_play_int', 'dom_int_mv_ratio', 'int_perc')",0.148593648
"('qol', 'num_play_int', 'dom_int_mv_ratio', 'dom_perc', 'int_perc')",0.148593648
"('gdp_usd', 'elo_rating', 'bmi', 'qol', 'mv_play_dom', 'dom_int_mv_ratio')",0.148576825
"('gdp_usd', 'elo_rating', 'bmi', 'qol', 'mv_play_dom')",0.148321649
"('gdp_usd', 'mv_usd', 'bmi', 'life_exp', 'qol', 'mv_play_int', 'dom_int_mv_ratio')",0.148276337
"('gdp_usd', 'elo_rating', 'life_exp', 'mv_play_int', 'dom_perc')",0.148239591
"('gdp_usd', 'elo_rating', 'life_exp', 'mv_play_int', 'int_perc')",0.148239591
"('gdp_usd', 'elo_rating', 'life_exp', 'mv_play_int', 'dom_perc', 'int_perc')",0.148239591
"('gdp_usd', 'elo_rating', 'bmi', 'life_exp', 'mv_play_int', 'dom_int_mv_ratio')",0.148193007
"('qol', 'num_play_dom', 'mv_play_int', 'num_play_int')",0.148110398
"('life_exp', 'mv_play_dom', 'num_play_dom', 'num_play_int', 'dom_int_mv_ratio')",0.148041679
"('qol', 'mv_play_dom', 'num_play_dom', 'num_play_int', 'dom_perc', 'int_perc')",0.147886556
"('qol', 'mv_play_dom', 'num_play_dom', 'num_play_int', 'dom_perc')",0.147886556
"('qol', 'mv_play_dom', 'num_play_dom', 'num_play_int', 'int_perc')",0.147886556
"('gdp_usd', 'mv_usd', 'elo_rating', 'mv_play_dom', 'dom_int_mv_ratio', 'dom_perc')",0.147778413
"('gdp_usd', 'mv_usd', 'elo_rating', 'mv_play_dom', 'dom_int_mv_ratio', 'int_perc')",0.147778413
"('gdp_usd', 'mv_usd', 'elo_rating', 'mv_play_dom', 'dom_int_mv_ratio', 'dom_perc', 'int_perc')",0.147778413
"('gdp_usd', 'elo_rating', 'bmi', 'life_exp', 'qol', 'dom_int_mv_ratio', 'dom_perc')",0.147716722
"('gdp_usd', 'elo_rating', 'bmi', 'life_exp', 'qol', 'dom_int_mv_ratio', 'int_perc')",0.147716722
"('gdp_usd', 'elo_rating', 'bmi', 'life_exp', 'qol', 'dom_int_mv_ratio', 'dom_perc', 'int_perc')",0.147716722
"('life_exp', 'mv_play_dom', 'num_play_int', 'dom_int_mv_ratio')",0.147661366
"('gdp_usd', 'mv_usd', 'elo_rating', 'mv_play_dom', 'mv_play_int', 'dom_int_mv_ratio')",0.14751831
"('qol', 'mv_play_int', 'num_play_int')",0.147197707
"('gdp_usd', 'elo_rating', 'bmi', 'life_exp', 'mv_play_int')",0.1470763
"('qol', 'mv_play_dom', 'num_play_dom', 'dom_int_mv_ratio')",0.146968141
"('gdp_usd', 'elo_rating', 'bmi', 'life_exp', 'mv_play_dom', 'dom_int_mv_ratio', 'dom_perc')",0.146750067
"('gdp_usd', 'elo_rating', 'bmi', 'life_exp', 'mv_play_dom', 'dom_int_mv_ratio', 'int_perc')",0.146750067
"('gdp_usd', 'elo_rating', 'bmi', 'life_exp', 'mv_play_dom', 'dom_int_mv_ratio', 'dom_perc', 'int_perc')",0.146750067
"('gdp_usd', 'elo_rating', 'bmi', 'life_exp', 'mv_play_dom', 'dom_perc')",0.146705516
"('gdp_usd', 'elo_rating', 'bmi', 'life_exp', 'mv_play_dom', 'int_perc')",0.146705516
"('gdp_usd', 'elo_rating', 'bmi', 'life_exp', 'mv_play_dom', 'dom_perc', 'int_perc')",0.146705516
"('qol', 'mv_play_dom', 'num_play_int', 'dom_int_mv_ratio')",0.14651083
"('gdp_usd', 'mv_usd', 'qol', 'mv_play_dom', 'mv_play_int', 'dom_int_mv_ratio', 'dom_perc')",0.146162754
"('gdp_usd', 'mv_usd', 'qol', 'mv_play_dom', 'mv_play_int', 'dom_int_mv_ratio', 'int_perc')",0.146162754
"('gdp_usd', 'mv_usd', 'qol', 'mv_play_dom', 'mv_play_int', 'dom_int_mv_ratio', 'dom_perc', 'int_perc')",0.146162754
"('gdp_usd', 'mv_usd', 'elo_rating', 'mv_play_int', 'dom_int_mv_ratio')",0.146078781
"('qol', 'num_play_int', 'dom_int_mv_ratio')",0.145891582
"('mv_usd', 'mv_play_int')",0.144814285
"('gdp_usd', 'elo_rating', 'mv_play_int', 'dom_int_mv_ratio', 'dom_perc')",0.144559843
"('gdp_usd', 'elo_rating', 'mv_play_int', 'dom_int_mv_ratio', 'int_perc')",0.144559843
"('gdp_usd', 'elo_rating', 'mv_play_int', 'dom_int_mv_ratio', 'dom_perc', 'int_perc')",0.144559843
"('gdp_usd', 'elo_rating', 'bmi', 'qol', 'mv_play_int', 'dom_int_mv_ratio')",0.144316724
"('qol', 'mv_play_dom', 'num_play_dom', 'dom_perc')",0.144144683
"('qol', 'mv_play_dom', 'num_play_dom', 'int_perc')",0.144144683
"('qol', 'mv_play_dom', 'num_play_dom', 'dom_perc', 'int_perc')",0.144144683
"('life_exp', 'mv_play_dom', 'num_play_dom', 'mv_play_int', 'dom_int_mv_ratio', 'dom_perc')",0.144002978
"('life_exp', 'mv_play_dom', 'num_play_dom', 'mv_play_int', 'dom_int_mv_ratio', 'int_perc')",0.144002978
"('life_exp', 'mv_play_dom', 'num_play_dom', 'mv_play_int', 'dom_int_mv_ratio', 'dom_perc', 'int_perc')",0.144002978
"('life_exp', 'num_play_dom', 'mv_play_int', 'dom_int_mv_ratio', 'dom_perc')",0.143978643
"('life_exp', 'num_play_dom', 'mv_play_int', 'dom_int_mv_ratio', 'int_perc')",0.143978643
"('life_exp', 'num_play_dom', 'mv_play_int', 'dom_int_mv_ratio', 'dom_perc', 'int_perc')",0.143978643
"('gdp_usd', 'elo_rating', 'mv_play_int', 'dom_perc')",0.143978254
"('gdp_usd', 'elo_rating', 'mv_play_int', 'int_perc')",0.143978254
"('gdp_usd', 'elo_rating', 'mv_play_int', 'dom_perc', 'int_perc')",0.143978254
"('gdp_usd', 'elo_rating', 'bmi', 'qol', 'mv_play_int')",0.143924885
"('life_exp', 'mv_play_dom', 'num_play_dom', 'dom_int_mv_ratio', 'dom_perc')",0.143702871
"('life_exp', 'mv_play_dom', 'num_play_dom', 'dom_int_mv_ratio', 'int_perc')",0.143702871
"('life_exp', 'mv_play_dom', 'num_play_dom', 'dom_int_mv_ratio', 'dom_perc', 'int_perc')",0.143702871
"('life_exp', 'num_play_dom', 'dom_int_mv_ratio', 'dom_perc')",0.143701254
"('life_exp', 'num_play_dom', 'dom_int_mv_ratio', 'int_perc')",0.143701254
"('life_exp', 'num_play_dom', 'dom_int_mv_ratio', 'dom_perc', 'int_perc')",0.143701254
"('life_exp', 'num_play_dom', 'mv_play_int', 'num_play_int', 'dom_int_mv_ratio')",0.143547105
"('life_exp', 'mv_play_dom', 'mv_play_int', 'dom_int_mv_ratio', 'dom_perc')",0.143484354
"('life_exp', 'mv_play_dom', 'mv_play_int', 'dom_int_mv_ratio', 'int_perc')",0.143484354
"('life_exp', 'mv_play_dom', 'mv_play_int', 'dom_int_mv_ratio', 'dom_perc', 'int_perc')",0.143484354
"('life_exp', 'mv_play_int', 'dom_int_mv_ratio', 'dom_perc')",0.143482965
"('life_exp', 'mv_play_int', 'dom_int_mv_ratio', 'int_perc')",0.143482965
"('life_exp', 'mv_play_int', 'dom_int_mv_ratio', 'dom_perc', 'int_perc')",0.143482965
"('life_exp', 'mv_play_dom', 'dom_int_mv_ratio', 'dom_perc')",0.143277766
"('life_exp', 'mv_play_dom', 'dom_int_mv_ratio', 'int_perc')",0.143277766
"('life_exp', 'mv_play_dom', 'dom_int_mv_ratio', 'dom_perc', 'int_perc')",0.143277766
"('life_exp', 'dom_int_mv_ratio', 'dom_perc')",0.143237904
"('life_exp', 'dom_int_mv_ratio', 'int_perc')",0.143237904
"('life_exp', 'dom_int_mv_ratio', 'dom_perc', 'int_perc')",0.143237904
"('gdp_usd', 'elo_rating', 'bmi', 'life_exp', 'mv_play_dom', 'dom_int_mv_ratio')",0.143185231
"('gdp_usd', 'elo_rating', 'bmi', 'life_exp', 'mv_play_dom')",0.143132226
"('gdp_usd', 'mv_usd', 'bmi', 'life_exp', 'mv_play_int', 'dom_int_mv_ratio', 'dom_perc')",0.143023184
"('gdp_usd', 'mv_usd', 'bmi', 'life_exp', 'mv_play_int', 'dom_int_mv_ratio', 'int_perc')",0.143023184
"('gdp_usd', 'mv_usd', 'bmi', 'life_exp', 'mv_play_int', 'dom_int_mv_ratio', 'dom_perc', 'int_perc')",0.143023184
"('life_exp', 'num_play_dom', 'num_play_int', 'dom_int_mv_ratio')",0.142784851
"('gdp_usd', 'mv_usd', 'bmi', 'life_exp', 'mv_play_int', 'dom_int_mv_ratio')",0.14266053
"('elo_rating', 'bmi', 'life_exp', 'dom_perc')",0.142579782
"('elo_rating', 'bmi', 'life_exp', 'int_perc')",0.142579782
"('elo_rating', 'bmi', 'life_exp', 'dom_perc', 'int_perc')",0.142579782
"('qol', 'mv_play_dom', 'mv_play_int', 'dom_int_mv_ratio', 'dom_perc')",0.142317212
"('qol', 'mv_play_dom', 'mv_play_int', 'dom_int_mv_ratio', 'int_perc')",0.142317212
"('qol', 'mv_play_dom', 'mv_play_int', 'dom_int_mv_ratio', 'dom_perc', 'int_perc')",0.142317212
"('gdp_usd', 'mv_usd', 'life_exp', 'qol', 'mv_play_dom', 'dom_int_mv_ratio', 'dom_perc')",0.142204214
"('gdp_usd', 'mv_usd', 'life_exp', 'qol', 'mv_play_dom', 'dom_int_mv_ratio', 'int_perc')",0.142204214
"('gdp_usd', 'mv_usd', 'life_exp', 'qol', 'mv_play_dom', 'dom_int_mv_ratio', 'dom_perc', 'int_perc')",0.142204214
"('life_exp', 'mv_play_int', 'num_play_int', 'dom_int_mv_ratio')",0.142031163
"('gdp_usd', 'mv_usd', 'bmi', 'life_exp', 'qol', 'dom_int_mv_ratio', 'dom_perc')",0.141440351
"('gdp_usd', 'mv_usd', 'bmi', 'life_exp', 'qol', 'dom_int_mv_ratio', 'int_perc')",0.141440351
"('gdp_usd', 'mv_usd', 'bmi', 'life_exp', 'qol', 'dom_int_mv_ratio', 'dom_perc', 'int_perc')",0.141440351
"('gdp_usd', 'elo_rating', 'bmi', 'life_exp', 'qol', 'dom_int_mv_ratio')",0.14133376
"('qol', 'mv_play_int', 'dom_int_mv_ratio', 'dom_perc')",0.140918091
"('qol', 'mv_play_int', 'dom_int_mv_ratio', 'dom_perc', 'int_perc')",0.140918091
"('qol', 'mv_play_int', 'dom_int_mv_ratio', 'int_perc')",0.140918091
"('gdp_usd', 'elo_rating', 'bmi', 'mv_play_int', 'dom_int_mv_ratio')",0.140876467
"('life_exp', 'mv_play_dom', 'num_play_dom', 'mv_play_int', 'dom_int_mv_ratio')",0.14074281
"('life_exp', 'mv_play_dom', 'num_play_dom', 'dom_int_mv_ratio')",0.140583937
"('gdp_usd', 'elo_rating', 'bmi', 'mv_play_int')",0.140491451
"('gdp_usd', 'elo_rating', 'bmi', 'mv_play_dom', 'dom_int_mv_ratio', 'dom_perc')",0.140007792
"('gdp_usd', 'elo_rating', 'bmi', 'mv_play_dom', 'dom_int_mv_ratio', 'int_perc')",0.140007792
"('gdp_usd', 'elo_rating', 'bmi', 'mv_play_dom', 'dom_int_mv_ratio', 'dom_perc', 'int_perc')",0.140007792
"('gdp_usd', 'mv_usd', 'bmi', 'life_exp', 'qol', 'dom_int_mv_ratio')",0.139925324
"('gdp_usd', 'elo_rating', 'bmi', 'life_exp', 'qol', 'dom_perc')",0.139882915
"('gdp_usd', 'elo_rating', 'bmi', 'life_exp', 'qol', 'int_perc')",0.139882915
"('gdp_usd', 'elo_rating', 'bmi', 'life_exp', 'qol', 'dom_perc', 'int_perc')",0.139882915
"('life_exp', 'mv_play_dom', 'mv_play_int', 'dom_int_mv_ratio')",0.139757051
"('gdp_usd', 'elo_rating', 'bmi', 'mv_play_dom', 'dom_perc')",0.139678118
"('gdp_usd', 'elo_rating', 'bmi', 'mv_play_dom', 'dom_perc', 'int_perc')",0.139678118
"('gdp_usd', 'elo_rating', 'bmi', 'mv_play_dom', 'int_perc')",0.139678118
"('gdp_usd', 'mv_usd', 'bmi', 'qol', 'mv_play_dom', 'mv_play_int')",0.139582197
"('gdp_usd', 'mv_usd', 'bmi', 'mv_play_dom', 'mv_play_int')",0.139564426
"('gdp_usd', 'mv_usd', 'bmi', 'qol', 'mv_play_dom')",0.139548247
"('gdp_usd', 'mv_usd', 'bmi', 'mv_play_dom')",0.139538842
"('life_exp', 'num_play_int', 'dom_int_mv_ratio')",0.139475343
"('life_exp', 'num_play_dom', 'mv_play_int', 'dom_int_mv_ratio')",0.13929952
"('life_exp', 'num_play_dom', 'dom_int_mv_ratio')",0.139202384
"('life_exp', 'mv_play_dom', 'dom_int_mv_ratio')",0.13894094
"('elo_rating', 'life_exp', 'dom_perc')",0.138579713
"('elo_rating', 'life_exp', 'int_perc')",0.138579713
"('elo_rating', 'life_exp', 'dom_perc', 'int_perc')",0.138579713
"('gdp_usd', 'mv_usd', 'elo_rating', 'life_exp', 'mv_play_dom', 'dom_perc')",0.138544066
"('gdp_usd', 'mv_usd', 'elo_rating', 'life_exp', 'mv_play_dom', 'dom_perc', 'int_perc')",0.138544066
"('gdp_usd', 'mv_usd', 'elo_rating', 'life_exp', 'mv_play_dom', 'int_perc')",0.138544066
"('qol', 'mv_play_dom', 'mv_play_int', 'dom_int_mv_ratio')",0.137755253
"('gdp_usd', 'mv_usd', 'elo_rating', 'mv_play_dom', 'dom_perc')",0.13772203
"('gdp_usd', 'mv_usd', 'elo_rating', 'mv_play_dom', 'int_perc')",0.13772203
"('gdp_usd', 'mv_usd', 'elo_rating', 'mv_play_dom', 'dom_perc', 'int_perc')",0.13772203
"('gdp_usd', 'elo_rating', 'bmi', 'mv_play_dom', 'dom_int_mv_ratio')",0.137656526
"('gdp_usd', 'elo_rating', 'bmi', 'mv_play_dom')",0.137620709
"('life_exp', 'mv_play_int', 'dom_int_mv_ratio')",0.136826358
"('gdp_usd', 'bmi', 'life_exp', 'qol', 'mv_play_dom', 'mv_play_int', 'dom_int_mv_ratio', 'dom_perc')",0.136610441
"('gdp_usd', 'bmi', 'life_exp', 'qol', 'mv_play_dom', 'mv_play_int', 'dom_int_mv_ratio', 'dom_perc', 'int_perc')",0.136610441
"('gdp_usd', 'bmi', 'life_exp', 'qol', 'mv_play_dom', 'mv_play_int', 'dom_int_mv_ratio', 'int_perc')",0.136610441
"('gdp_usd', 'bmi', 'life_exp', 'qol', 'mv_play_int', 'dom_int_mv_ratio', 'dom_perc')",0.136461753
"('gdp_usd', 'bmi', 'life_exp', 'qol', 'mv_play_int', 'dom_int_mv_ratio', 'int_perc')",0.136461753
"('gdp_usd', 'bmi', 'life_exp', 'qol', 'mv_play_int', 'dom_int_mv_ratio', 'dom_perc', 'int_perc')",0.136461753
"('qol', 'mv_play_dom', 'num_play_dom', 'mv_play_int')",0.136221875
"('life_exp', 'dom_int_mv_ratio')",0.135635228
"('gdp_usd', 'life_exp', 'mv_play_int', 'num_play_int')",0.133666108
"('gdp_usd', 'mv_usd', 'bmi', 'qol', 'mv_play_int', 'dom_int_mv_ratio', 'dom_perc')",0.133581189
"('gdp_usd', 'mv_usd', 'bmi', 'qol', 'mv_play_int', 'dom_int_mv_ratio', 'int_perc')",0.133581189
"('gdp_usd', 'mv_usd', 'bmi', 'qol', 'mv_play_int', 'dom_int_mv_ratio', 'dom_perc', 'int_perc')",0.133581189
"('gdp_usd', 'mv_usd', 'bmi', 'mv_play_int', 'dom_int_mv_ratio', 'dom_perc')",0.133476063
"('gdp_usd', 'mv_usd', 'bmi', 'mv_play_int', 'dom_int_mv_ratio', 'int_perc')",0.133476063
"('gdp_usd', 'mv_usd', 'bmi', 'mv_play_int', 'dom_int_mv_ratio', 'dom_perc', 'int_perc')",0.133476063
"('gdp_usd', 'mv_usd', 'bmi', 'life_exp', 'qol', 'mv_play_int', 'dom_perc')",0.133471483
"('gdp_usd', 'mv_usd', 'bmi', 'life_exp', 'qol', 'mv_play_int', 'int_perc')",0.133471483
"('gdp_usd', 'mv_usd', 'bmi', 'life_exp', 'qol', 'mv_play_int', 'dom_perc', 'int_perc')",0.133471483
"('gdp_usd', 'mv_usd', 'bmi', 'life_exp', 'dom_int_mv_ratio', 'dom_perc')",0.133168396
"('gdp_usd', 'mv_usd', 'bmi', 'life_exp', 'dom_int_mv_ratio', 'int_perc')",0.133168396
"('gdp_usd', 'mv_usd', 'bmi', 'life_exp', 'dom_int_mv_ratio', 'dom_perc', 'int_perc')",0.133168396
"('gdp_usd', 'mv_usd', 'bmi', 'life_exp', 'qol', 'mv_play_int')",0.133079658
"('gdp_usd', 'mv_usd', 'qol', 'mv_play_dom', 'dom_int_mv_ratio', 'dom_perc')",0.133009303
"('gdp_usd', 'mv_usd', 'qol', 'mv_play_dom', 'dom_int_mv_ratio', 'int_perc')",0.133009303
"('gdp_usd', 'mv_usd', 'qol', 'mv_play_dom', 'dom_int_mv_ratio', 'dom_perc', 'int_perc')",0.133009303
"('qol', 'mv_play_dom', 'num_play_dom', 'num_play_int')",0.132940227
"('gdp_usd', 'mv_usd', 'elo_rating', 'life_exp', 'mv_play_dom', 'mv_play_int')",0.13290646
"('gdp_usd', 'bmi', 'life_exp', 'qol', 'mv_play_dom', 'mv_play_int', 'dom_perc')",0.132801798
"('gdp_usd', 'bmi', 'life_exp', 'qol', 'mv_play_dom', 'mv_play_int', 'int_perc')",0.132801798
"('gdp_usd', 'bmi', 'life_exp', 'qol', 'mv_play_dom', 'mv_play_int', 'dom_perc', 'int_perc')",0.132801798
"('gdp_usd', 'mv_usd', 'elo_rating', 'life_exp', 'mv_play_int')",0.132556708
"('gdp_usd', 'mv_usd', 'life_exp', 'qol', 'mv_play_dom', 'mv_play_int', 'dom_perc')",0.132479089
"('gdp_usd', 'mv_usd', 'life_exp', 'qol', 'mv_play_dom', 'mv_play_int', 'int_perc')",0.132479089
"('gdp_usd', 'mv_usd', 'life_exp', 'qol', 'mv_play_dom', 'mv_play_int', 'dom_perc', 'int_perc')",0.132479089
"('gdp_usd', 'elo_rating', 'bmi', 'life_exp', 'qol')",0.132250358
"('gdp_usd', 'mv_usd', 'bmi', 'qol', 'mv_play_int', 'dom_int_mv_ratio')",0.132145144
"('gdp_usd', 'mv_usd', 'bmi', 'mv_play_int', 'dom_int_mv_ratio')",0.132110406
"('power_rating', 'gdp_usd', 'bmi', 'mv_play_dom', 'num_play_int')",0.131561855
"('power_rating', 'bmi', 'mv_play_dom', 'num_play_int')",0.131072515
"('gdp_usd', 'bmi', 'life_exp', 'qol', 'mv_play_int', 'dom_perc')",0.13088411
"('gdp_usd', 'bmi', 'life_exp', 'qol', 'mv_play_int', 'int_perc')",0.13088411
"('gdp_usd', 'bmi', 'life_exp', 'qol', 'mv_play_int', 'dom_perc', 'int_perc')",0.13088411
"('power_rating', 'gdp_usd', 'bmi', 'life_exp')",0.130597471
"('gdp_usd', 'mv_usd', 'elo_rating', 'mv_play_dom', 'mv_play_int')",0.130555876
"('gdp_usd', 'mv_usd', 'bmi', 'life_exp', 'qol', 'dom_perc')",0.130466557
"('gdp_usd', 'mv_usd', 'bmi', 'life_exp', 'qol', 'int_perc')",0.130466557
"('gdp_usd', 'mv_usd', 'bmi', 'life_exp', 'qol', 'dom_perc', 'int_perc')",0.130466557
"('qol', 'mv_play_dom', 'mv_play_int', 'dom_perc')",0.130323253
"('qol', 'mv_play_dom', 'mv_play_int', 'int_perc')",0.130323253
"('qol', 'mv_play_dom', 'mv_play_int', 'dom_perc', 'int_perc')",0.130323253
"('qol', 'num_play_dom', 'mv_play_int', 'dom_int_mv_ratio')",0.130298606
"('gdp_usd', 'mv_usd', 'bmi', 'life_exp', 'dom_int_mv_ratio')",0.130255101
"('gdp_usd', 'mv_usd', 'bmi', 'life_exp', 'qol')",0.130119229
"('gdp_usd', 'mv_usd', 'elo_rating', 'mv_play_int')",0.130024572
"('gdp_usd', 'bmi', 'life_exp', 'mv_play_dom', 'mv_play_int', 'dom_int_mv_ratio', 'int_perc')",0.129701787
"('gdp_usd', 'bmi', 'life_exp', 'mv_play_dom', 'mv_play_int', 'dom_int_mv_ratio', 'dom_perc', 'int_perc')",0.129701787
"('gdp_usd', 'bmi', 'life_exp', 'mv_play_dom', 'mv_play_int', 'dom_int_mv_ratio', 'dom_perc')",0.129701787
"('gdp_usd', 'bmi', 'life_exp', 'mv_play_int', 'dom_int_mv_ratio', 'dom_perc')",0.129688829
"('gdp_usd', 'bmi', 'life_exp', 'mv_play_int', 'dom_int_mv_ratio', 'int_perc')",0.129688829
"('gdp_usd', 'bmi', 'life_exp', 'mv_play_int', 'dom_int_mv_ratio', 'dom_perc', 'int_perc')",0.129688829
"('gdp_usd', 'bmi', 'life_exp', 'qol', 'mv_play_dom', 'mv_play_int', 'dom_int_mv_ratio')",0.129486624
"('gdp_usd', 'life_exp', 'num_play_int')",0.129223912
"('power_rating', 'gdp_usd', 'life_exp')",0.129104624
"('mv_usd', 'bmi', 'life_exp', 'qol')",0.128767945
"('bmi', 'mv_play_int', 'num_play_int', 'dom_int_mv_ratio')",0.128721702
"('life_exp', 'num_play_dom', 'num_play_int', 'dom_perc', 'int_perc')",0.128696179
"('life_exp', 'num_play_dom', 'num_play_int', 'dom_perc')",0.128696179
"('life_exp', 'num_play_dom', 'num_play_int', 'int_perc')",0.128696179
"('gdp_usd', 'mv_usd', 'elo_rating', 'life_exp', 'mv_play_dom', 'dom_int_mv_ratio')",0.128400335
"('power_rating', 'bmi', 'life_exp')",0.128012073
"('gdp_usd', 'mv_usd', 'life_exp', 'qol', 'mv_play_dom', 'dom_perc')",0.127939728
"('gdp_usd', 'mv_usd', 'life_exp', 'qol', 'mv_play_dom', 'int_perc')",0.127939728
"('gdp_usd', 'mv_usd', 'life_exp', 'qol', 'mv_play_dom', 'dom_perc', 'int_perc')",0.127939728
"('gdp_usd', 'elo_rating', 'life_exp', 'qol', 'mv_play_dom', 'dom_int_mv_ratio', 'dom_perc')",0.127421759
"('gdp_usd', 'elo_rating', 'life_exp', 'qol', 'mv_play_dom', 'dom_int_mv_ratio', 'int_perc')",0.127421759
"('gdp_usd', 'elo_rating', 'life_exp', 'qol', 'mv_play_dom', 'dom_int_mv_ratio', 'dom_perc', 'int_perc')",0.127421759
"('gdp_usd', 'mv_usd', 'bmi', 'life_exp', 'mv_play_int', 'dom_perc')",0.126630701
"('gdp_usd', 'mv_usd', 'bmi', 'life_exp', 'mv_play_int', 'int_perc')",0.126630701
"('gdp_usd', 'mv_usd', 'bmi', 'life_exp', 'mv_play_int', 'dom_perc', 'int_perc')",0.126630701
"('gdp_usd', 'elo_rating', 'life_exp', 'qol', 'mv_play_dom', 'dom_perc')",0.126544897
"('gdp_usd', 'elo_rating', 'life_exp', 'qol', 'mv_play_dom', 'int_perc')",0.126544897
"('gdp_usd', 'elo_rating', 'life_exp', 'qol', 'mv_play_dom', 'dom_perc', 'int_perc')",0.126544897
"('gdp_usd', 'mv_usd', 'bmi', 'life_exp', 'mv_play_int')",0.126309802
"('qol', 'mv_play_int', 'dom_int_mv_ratio')",0.126191299
"('gdp_usd', 'bmi', 'life_exp', 'qol', 'mv_play_int', 'dom_int_mv_ratio')",0.125952791
"('gdp_usd', 'bmi', 'life_exp', 'qol', 'mv_play_dom', 'mv_play_int')",0.125913236
"('gdp_usd', 'mv_usd', 'life_exp', 'mv_play_dom', 'mv_play_int', 'dom_int_mv_ratio', 'dom_perc')",0.125481651
"('gdp_usd', 'mv_usd', 'life_exp', 'mv_play_dom', 'mv_play_int', 'dom_int_mv_ratio', 'int_perc')",0.125481651
"('gdp_usd', 'mv_usd', 'life_exp', 'mv_play_dom', 'mv_play_int', 'dom_int_mv_ratio', 'dom_perc', 'int_perc')",0.125481651
"('gdp_usd', 'elo_rating', 'bmi', 'qol', 'dom_int_mv_ratio', 'dom_perc')",0.125369452
"('gdp_usd', 'elo_rating', 'bmi', 'qol', 'dom_int_mv_ratio', 'int_perc')",0.125369452
"('gdp_usd', 'elo_rating', 'bmi', 'qol', 'dom_int_mv_ratio', 'dom_perc', 'int_perc')",0.125369452
"('mv_usd', 'life_exp', 'qol')",0.125142105
"('bmi', 'mv_play_dom', 'mv_play_int', 'dom_int_mv_ratio')",0.125117151
"('qol', 'num_play_dom', 'dom_int_mv_ratio')",0.125109994
"('gdp_usd', 'bmi', 'life_exp', 'mv_play_dom', 'mv_play_int', 'dom_perc')",0.125097161
"('gdp_usd', 'bmi', 'life_exp', 'mv_play_dom', 'mv_play_int', 'int_perc')",0.125097161
"('gdp_usd', 'bmi', 'life_exp', 'mv_play_dom', 'mv_play_int', 'dom_perc', 'int_perc')",0.125097161
"('gdp_usd', 'bmi', 'life_exp', 'qol', 'mv_play_int')",0.125077844
"('power_rating', 'life_exp')",0.124780265
"('gdp_usd', 'elo_rating', 'life_exp', 'qol', 'mv_play_dom', 'dom_int_mv_ratio')",0.124663029
"('gdp_usd', 'mv_usd', 'elo_rating', 'mv_play_dom', 'dom_int_mv_ratio')",0.124464577
"('qol', 'mv_play_dom', 'mv_play_int')",0.124423435
"('gdp_usd', 'elo_rating', 'life_exp', 'qol', 'mv_play_dom')",0.124273052
"('gdp_usd', 'bmi', 'qol', 'mv_play_dom', 'mv_play_int', 'dom_int_mv_ratio', 'dom_perc')",0.124074645
"('gdp_usd', 'bmi', 'qol', 'mv_play_dom', 'mv_play_int', 'dom_int_mv_ratio', 'int_perc')",0.124074645
"('gdp_usd', 'bmi', 'qol', 'mv_play_dom', 'mv_play_int', 'dom_int_mv_ratio', 'dom_perc', 'int_perc')",0.124074645
"('gdp_usd', 'mv_usd', 'mv_play_dom', 'mv_play_int', 'dom_int_mv_ratio', 'dom_perc')",0.123898893
"('gdp_usd', 'mv_usd', 'mv_play_dom', 'mv_play_int', 'dom_int_mv_ratio', 'int_perc')",0.123898893
"('gdp_usd', 'mv_usd', 'mv_play_dom', 'mv_play_int', 'dom_int_mv_ratio', 'dom_perc', 'int_perc')",0.123898893
"('gdp_usd', 'bmi', 'qol', 'mv_play_int', 'dom_int_mv_ratio', 'dom_perc')",0.123814867
"('gdp_usd', 'bmi', 'qol', 'mv_play_int', 'dom_int_mv_ratio', 'int_perc')",0.123814867
"('gdp_usd', 'bmi', 'qol', 'mv_play_int', 'dom_int_mv_ratio', 'dom_perc', 'int_perc')",0.123814867
"('gdp_usd', 'bmi', 'life_exp', 'mv_play_int', 'dom_perc')",0.123739202
"('gdp_usd', 'bmi', 'life_exp', 'mv_play_int', 'int_perc')",0.123739202
"('gdp_usd', 'bmi', 'life_exp', 'mv_play_int', 'dom_perc', 'int_perc')",0.123739202
"('qol', 'mv_play_dom', 'dom_int_mv_ratio', 'dom_perc')",0.123517601
"('qol', 'mv_play_dom', 'dom_int_mv_ratio', 'int_perc')",0.123517601
"('qol', 'mv_play_dom', 'dom_int_mv_ratio', 'dom_perc', 'int_perc')",0.123517601
"('gdp_usd', 'bmi', 'mv_play_dom', 'mv_play_int', 'dom_int_mv_ratio', 'dom_perc')",0.123385601
"('gdp_usd', 'bmi', 'mv_play_dom', 'mv_play_int', 'dom_int_mv_ratio', 'int_perc')",0.123385601
"('gdp_usd', 'bmi', 'mv_play_dom', 'mv_play_int', 'dom_int_mv_ratio', 'dom_perc', 'int_perc')",0.123385601
"('gdp_usd', 'bmi', 'life_exp', 'mv_play_dom', 'mv_play_int', 'dom_int_mv_ratio')",0.123344902
"('gdp_usd', 'bmi', 'mv_play_int', 'dom_int_mv_ratio', 'int_perc')",0.12323173
"('gdp_usd', 'bmi', 'mv_play_int', 'dom_int_mv_ratio', 'dom_perc')",0.12323173
"('gdp_usd', 'bmi', 'mv_play_int', 'dom_int_mv_ratio', 'dom_perc', 'int_perc')",0.12323173
"('qol', 'mv_play_dom', 'dom_int_mv_ratio')",0.123126471
"('power_rating', 'gdp_usd', 'mv_play_dom', 'num_play_int')",0.122971815
"('power_rating', 'mv_play_dom', 'num_play_int')",0.122968212
"('gdp_usd', 'mv_usd', 'bmi', 'qol', 'dom_int_mv_ratio', 'dom_perc')",0.12258795
"('gdp_usd', 'mv_usd', 'bmi', 'qol', 'dom_int_mv_ratio', 'int_perc')",0.12258795
"('gdp_usd', 'mv_usd', 'bmi', 'qol', 'dom_int_mv_ratio', 'dom_perc', 'int_perc')",0.12258795
"('gdp_usd', 'mv_usd', 'qol', 'mv_play_dom', 'mv_play_int', 'dom_perc')",0.12241011
"('gdp_usd', 'mv_usd', 'qol', 'mv_play_dom', 'mv_play_int', 'int_perc')",0.12241011
"('gdp_usd', 'mv_usd', 'qol', 'mv_play_dom', 'mv_play_int', 'dom_perc', 'int_perc')",0.12241011
"('gdp_usd', 'mv_usd', 'bmi', 'dom_int_mv_ratio', 'dom_perc', 'int_perc')",0.122136249
"('gdp_usd', 'mv_usd', 'bmi', 'dom_int_mv_ratio', 'dom_perc')",0.122136249
"('gdp_usd', 'mv_usd', 'bmi', 'dom_int_mv_ratio', 'int_perc')",0.122136249
"('qol', 'mv_play_dom', 'num_play_int', 'dom_perc')",0.122083706
"('qol', 'mv_play_dom', 'num_play_int', 'int_perc')",0.122083706
"('qol', 'mv_play_dom', 'num_play_int', 'dom_perc', 'int_perc')",0.122083706
"('gdp_usd', 'mv_usd', 'bmi', 'life_exp', 'dom_perc')",0.121903225
"('gdp_usd', 'mv_usd', 'bmi', 'life_exp', 'int_perc')",0.121903225
"('gdp_usd', 'mv_usd', 'bmi', 'life_exp', 'dom_perc', 'int_perc')",0.121903225
"('qol', 'mv_play_dom', 'num_play_dom')",0.121812907
"('gdp_usd', 'elo_rating', 'bmi', 'qol', 'dom_perc')",0.121692565
"('gdp_usd', 'elo_rating', 'bmi', 'qol', 'int_perc')",0.121692565
"('gdp_usd', 'elo_rating', 'bmi', 'qol', 'dom_perc', 'int_perc')",0.121692565
"('gdp_usd', 'mv_usd', 'bmi', 'qol', 'dom_int_mv_ratio')",0.121629452
"('gdp_usd', 'elo_rating', 'bmi', 'life_exp', 'dom_int_mv_ratio', 'int_perc')",0.121246614
"('gdp_usd', 'elo_rating', 'bmi', 'life_exp', 'dom_int_mv_ratio', 'dom_perc')",0.121246614
"('gdp_usd', 'elo_rating', 'bmi', 'life_exp', 'dom_int_mv_ratio', 'dom_perc', 'int_perc')",0.121246614
"('qol', 'mv_play_int', 'dom_perc')",0.121207772
"('qol', 'mv_play_int', 'int_perc')",0.121207772
"('qol', 'mv_play_int', 'dom_perc', 'int_perc')",0.121207772
"('gdp_usd', 'mv_usd', 'bmi', 'dom_int_mv_ratio')",0.120793951
"('gdp_usd', 'mv_usd', 'bmi', 'life_exp')",0.120767567
"('bmi', 'mv_play_dom', 'num_play_int', 'dom_int_mv_ratio')",0.120131174
"('gdp_usd', 'mv_play_int', 'num_play_int')",0.119877754
"('gdp_usd', 'bmi', 'life_exp', 'qol', 'mv_play_dom', 'dom_int_mv_ratio', 'dom_perc')",0.119385374
"('gdp_usd', 'bmi', 'life_exp', 'qol', 'mv_play_dom', 'dom_int_mv_ratio', 'int_perc')",0.119385374
"('gdp_usd', 'bmi', 'life_exp', 'qol', 'mv_play_dom', 'dom_int_mv_ratio', 'dom_perc', 'int_perc')",0.119385374
"('gdp_usd', 'bmi', 'life_exp', 'qol', 'mv_play_dom', 'dom_int_mv_ratio')",0.11929338
"('gdp_usd', 'elo_rating', 'life_exp', 'mv_play_dom', 'mv_play_int', 'dom_int_mv_ratio')",0.119250519
"('gdp_usd', 'bmi', 'life_exp', 'qol', 'mv_play_dom', 'dom_perc')",0.1191606
"('gdp_usd', 'bmi', 'life_exp', 'qol', 'mv_play_dom', 'int_perc')",0.1191606
"('gdp_usd', 'bmi', 'life_exp', 'qol', 'mv_play_dom', 'dom_perc', 'int_perc')",0.1191606
"('gdp_usd', 'bmi', 'life_exp', 'mv_play_dom', 'mv_play_int')",0.119028745
"('gdp_usd', 'bmi', 'life_exp', 'qol', 'mv_play_dom')",0.11897067
"('gdp_usd', 'bmi', 'life_exp', 'mv_play_int', 'dom_int_mv_ratio')",0.118914761
"('gdp_usd', 'elo_rating', 'bmi', 'qol', 'dom_int_mv_ratio')",0.118799609
"('gdp_usd', 'elo_rating', 'bmi', 'life_exp', 'dom_int_mv_ratio')",0.118651401
"('gdp_usd', 'bmi', 'life_exp', 'qol', 'dom_int_mv_ratio', 'dom_perc')",0.118354886
"('gdp_usd', 'bmi', 'life_exp', 'qol', 'dom_int_mv_ratio', 'int_perc')",0.118354886
"('gdp_usd', 'bmi', 'life_exp', 'qol', 'dom_int_mv_ratio', 'dom_perc', 'int_perc')",0.118354886
"('gdp_usd', 'bmi', 'life_exp', 'qol', 'dom_perc')",0.118307571
"('gdp_usd', 'bmi', 'life_exp', 'qol', 'int_perc')",0.118307571
"('gdp_usd', 'bmi', 'life_exp', 'qol', 'dom_perc', 'int_perc')",0.118307571
"('gdp_usd', 'bmi', 'life_exp', 'mv_play_int')",0.117910547
"('gdp_usd', 'bmi', 'qol', 'mv_play_dom', 'mv_play_int', 'dom_perc')",0.117519782
"('gdp_usd', 'bmi', 'qol', 'mv_play_dom', 'mv_play_int', 'int_perc')",0.117519782
"('gdp_usd', 'bmi', 'qol', 'mv_play_dom', 'mv_play_int', 'dom_perc', 'int_perc')",0.117519782
"('bmi', 'mv_play_int', 'dom_int_mv_ratio')",0.117421812
"('gdp_usd', 'mv_usd', 'elo_rating', 'life_exp', 'mv_play_dom')",0.117310312
"('mv_usd', 'bmi', 'life_exp')",0.117269479
"('gdp_usd', 'bmi', 'life_exp', 'qol', 'dom_int_mv_ratio')",0.116919436
"('gdp_usd', 'bmi', 'mv_play_dom', 'mv_play_int', 'dom_perc')",0.11691424
"('gdp_usd', 'bmi', 'mv_play_dom', 'mv_play_int', 'int_perc')",0.11691424
"('gdp_usd', 'bmi', 'mv_play_dom', 'mv_play_int', 'dom_perc', 'int_perc')",0.11691424
"('gdp_usd', 'bmi', 'life_exp', 'qol')",0.116650371
"('gdp_usd', 'elo_rating', 'qol', 'mv_play_dom', 'dom_int_mv_ratio', 'dom_perc')",0.116478851
"('gdp_usd', 'elo_rating', 'qol', 'mv_play_dom', 'dom_int_mv_ratio', 'int_perc')",0.116478851
"('gdp_usd', 'elo_rating', 'qol', 'mv_play_dom', 'dom_int_mv_ratio', 'dom_perc', 'int_perc')",0.116478851
"('gdp_usd', 'elo_rating', 'qol', 'mv_play_dom', 'dom_perc')",0.116360278
"('gdp_usd', 'elo_rating', 'qol', 'mv_play_dom', 'int_perc')",0.116360278
"('gdp_usd', 'elo_rating', 'qol', 'mv_play_dom', 'dom_perc', 'int_perc')",0.116360278
"('gdp_usd', 'mv_usd', 'qol', 'mv_play_dom', 'dom_perc')",0.11633186
"('gdp_usd', 'mv_usd', 'qol', 'mv_play_dom', 'int_perc')",0.11633186
"('gdp_usd', 'mv_usd', 'qol', 'mv_play_dom', 'dom_perc', 'int_perc')",0.11633186
"('gdp_usd', 'mv_usd', 'elo_rating', 'life_exp', 'dom_int_mv_ratio', 'dom_perc')",0.116150988
"('gdp_usd', 'mv_usd', 'elo_rating', 'life_exp', 'dom_int_mv_ratio', 'int_perc')",0.116150988
"('gdp_usd', 'mv_usd', 'elo_rating', 'life_exp', 'dom_int_mv_ratio', 'dom_perc', 'int_perc')",0.116150988
"('gdp_usd', 'elo_rating', 'bmi', 'dom_int_mv_ratio', 'dom_perc')",0.116055435
"('gdp_usd', 'elo_rating', 'bmi', 'dom_int_mv_ratio', 'int_perc')",0.116055435
"('gdp_usd', 'elo_rating', 'bmi', 'dom_int_mv_ratio', 'dom_perc', 'int_perc')",0.116055435
"('qol', 'dom_int_mv_ratio', 'dom_perc')",0.115779216
"('qol', 'dom_int_mv_ratio', 'int_perc')",0.115779216
"('qol', 'dom_int_mv_ratio', 'dom_perc', 'int_perc')",0.115779216
"('gdp_usd', 'mv_usd', 'elo_rating', 'mv_play_dom')",0.115261717
"('power_rating', 'num_play_dom', 'dom_perc')",0.11519773
"('power_rating', 'num_play_dom', 'int_perc')",0.11519773
"('power_rating', 'num_play_dom', 'dom_perc', 'int_perc')",0.11519773
"('gdp_usd', 'elo_rating', 'bmi', 'life_exp', 'dom_perc')",0.115098875
"('gdp_usd', 'elo_rating', 'bmi', 'life_exp', 'int_perc')",0.115098875
"('gdp_usd', 'elo_rating', 'bmi', 'life_exp', 'dom_perc', 'int_perc')",0.115098875
"('gdp_usd', 'bmi', 'qol', 'mv_play_dom', 'mv_play_int', 'dom_int_mv_ratio')",0.114943701
"('gdp_usd', 'bmi', 'mv_play_dom', 'mv_play_int', 'dom_int_mv_ratio')",0.114754402
"('gdp_usd', 'mv_usd', 'bmi', 'qol', 'mv_play_int', 'dom_perc', 'int_perc')",0.114646472
"('gdp_usd', 'mv_usd', 'bmi', 'qol', 'mv_play_int', 'dom_perc')",0.114646472
"('gdp_usd', 'mv_usd', 'bmi', 'qol', 'mv_play_int', 'int_perc')",0.114646472
"('gdp_usd', 'mv_usd', 'bmi', 'mv_play_int', 'dom_perc')",0.114543927
"('gdp_usd', 'mv_usd', 'bmi', 'mv_play_int', 'int_perc')",0.114543927
"('gdp_usd', 'mv_usd', 'bmi', 'mv_play_int', 'dom_perc', 'int_perc')",0.114543927
"('gdp_usd', 'elo_rating', 'qol', 'mv_play_dom', 'dom_int_mv_ratio')",0.114379276
"('gdp_usd', 'elo_rating', 'qol', 'mv_play_dom')",0.114373638
"('gdp_usd', 'elo_rating', 'bmi', 'qol')",0.114251261
"('mv_usd', 'bmi', 'qol')",0.114227376
"('qol', 'dom_int_mv_ratio')",0.114058062
"('gdp_usd', 'bmi', 'qol', 'mv_play_int', 'dom_perc')",0.114032794
"('gdp_usd', 'bmi', 'qol', 'mv_play_int', 'int_perc')",0.114032794
"('gdp_usd', 'bmi', 'qol', 'mv_play_int', 'dom_perc', 'int_perc')",0.114032794
"('gdp_usd', 'mv_usd', 'elo_rating', 'life_exp', 'dom_int_mv_ratio')",0.114023923
"('gdp_usd', 'bmi', 'mv_play_int', 'dom_perc')",0.113821948
"('gdp_usd', 'bmi', 'mv_play_int', 'int_perc')",0.113821948
"('gdp_usd', 'bmi', 'mv_play_int', 'dom_perc', 'int_perc')",0.113821948
"('mv_play_int', 'num_play_int', 'dom_perc', 'int_perc')",0.113588612
"('mv_play_int', 'num_play_int', 'dom_perc')",0.113588612
"('mv_play_int', 'num_play_int', 'int_perc')",0.113588612
"('gdp_usd', 'elo_rating', 'life_exp', 'mv_play_dom', 'mv_play_int')",0.113402061
"('power_rating', 'gdp_usd', 'bmi', 'mv_play_dom')",0.113148712
"('gdp_usd', 'mv_usd', 'bmi', 'qol', 'mv_play_int')",0.113131504
"('gdp_usd', 'mv_usd', 'bmi', 'mv_play_int')",0.113099628
"('gdp_usd', 'num_play_int')",0.112692895
"('qol', 'num_play_dom', 'num_play_int', 'dom_perc')",0.112400251
"('qol', 'num_play_dom', 'num_play_int', 'int_perc')",0.112400251
"('qol', 'num_play_dom', 'num_play_int', 'dom_perc', 'int_perc')",0.112400251
"('gdp_usd', 'elo_rating', 'bmi', 'dom_int_mv_ratio')",0.112338707
"('gdp_usd', 'mv_usd', 'elo_rating', 'dom_int_mv_ratio', 'dom_perc')",0.112018458
"('gdp_usd', 'mv_usd', 'elo_rating', 'dom_int_mv_ratio', 'int_perc')",0.112018458
"('gdp_usd', 'mv_usd', 'elo_rating', 'dom_int_mv_ratio', 'dom_perc', 'int_perc')",0.112018458
"('gdp_usd', 'elo_rating', 'bmi', 'dom_perc')",0.111719995
"('gdp_usd', 'elo_rating', 'bmi', 'int_perc')",0.111719995
"('gdp_usd', 'elo_rating', 'bmi', 'dom_perc', 'int_perc')",0.111719995
"('gdp_usd', 'elo_rating', 'bmi', 'life_exp')",0.111663231
"('gdp_usd', 'mv_usd', 'elo_rating', 'life_exp', 'dom_perc')",0.111328246
"('gdp_usd', 'mv_usd', 'elo_rating', 'life_exp', 'int_perc')",0.111328246
"('gdp_usd', 'mv_usd', 'elo_rating', 'life_exp', 'dom_perc', 'int_perc')",0.111328246
"('gdp_usd', 'elo_rating', 'mv_play_dom', 'mv_play_int', 'dom_int_mv_ratio')",0.111225526
"('gdp_usd', 'bmi', 'qol', 'mv_play_int', 'dom_int_mv_ratio')",0.110819601
"('life_exp', 'mv_play_dom', 'mv_play_int', 'num_play_int', 'dom_perc')",0.110463838
"('life_exp', 'mv_play_dom', 'mv_play_int', 'num_play_int', 'int_perc')",0.110463838
"('life_exp', 'mv_play_dom', 'mv_play_int', 'num_play_int', 'dom_perc', 'int_perc')",0.110463838
"('gdp_usd', 'bmi', 'mv_play_int', 'dom_int_mv_ratio')",0.110462429
"('mv_usd', 'life_exp')",0.109972168
"('qol', 'mv_play_dom', 'num_play_int')",0.109577384
"('gdp_usd', 'mv_usd', 'elo_rating', 'dom_int_mv_ratio')",0.109480741
"('gdp_usd', 'mv_usd', 'bmi', 'qol', 'dom_perc')",0.109352302
"('gdp_usd', 'mv_usd', 'bmi', 'qol', 'int_perc')",0.109352302
"('gdp_usd', 'mv_usd', 'bmi', 'qol', 'dom_perc', 'int_perc')",0.109352302
"('gdp_usd', 'mv_usd', 'bmi', 'qol')",0.109290662
"('gdp_usd', 'mv_usd', 'bmi', 'dom_perc')",0.109026501
"('gdp_usd', 'mv_usd', 'bmi', 'int_perc')",0.109026501
"('gdp_usd', 'mv_usd', 'bmi', 'dom_perc', 'int_perc')",0.109026501
"('gdp_usd', 'mv_usd', 'bmi')",0.1088722
"('gdp_usd', 'mv_usd', 'elo_rating', 'dom_perc')",0.108656519
"('gdp_usd', 'mv_usd', 'elo_rating', 'int_perc')",0.108656519
"('gdp_usd', 'mv_usd', 'elo_rating', 'dom_perc', 'int_perc')",0.108656519
"('gdp_usd', 'bmi', 'qol', 'mv_play_dom', 'mv_play_int')",0.108507594
"('gdp_usd', 'bmi', 'mv_play_dom', 'mv_play_int')",0.108358825
"('gdp_usd', 'bmi', 'life_exp', 'mv_play_dom', 'dom_int_mv_ratio', 'int_perc')",0.108313242
"('gdp_usd', 'bmi', 'life_exp', 'mv_play_dom', 'dom_int_mv_ratio', 'dom_perc')",0.108313242
"('gdp_usd', 'bmi', 'life_exp', 'mv_play_dom', 'dom_int_mv_ratio', 'dom_perc', 'int_perc')",0.108313242
"('gdp_usd', 'bmi', 'life_exp', 'mv_play_dom', 'dom_int_mv_ratio')",0.108206918
"('gdp_usd', 'bmi', 'qol', 'mv_play_int')",0.108149161
"('gdp_usd', 'mv_usd', 'elo_rating', 'life_exp')",0.108070672
"('gdp_usd', 'bmi', 'life_exp', 'mv_play_dom', 'dom_perc')",0.108037043
"('gdp_usd', 'bmi', 'life_exp', 'mv_play_dom', 'int_perc')",0.108037043
"('gdp_usd', 'bmi', 'life_exp', 'mv_play_dom', 'dom_perc', 'int_perc')",0.108037043
"('gdp_usd', 'bmi', 'life_exp', 'mv_play_dom')",0.107996974
"('gdp_usd', 'elo_rating', 'mv_play_dom', 'mv_play_int')",0.107985931
"('gdp_usd', 'bmi', 'mv_play_int')",0.107939492
"('gdp_usd', 'elo_rating', 'life_exp', 'qol', 'dom_int_mv_ratio', 'dom_perc')",0.10770749
"('gdp_usd', 'elo_rating', 'life_exp', 'qol', 'dom_int_mv_ratio', 'int_perc')",0.10770749
"('gdp_usd', 'elo_rating', 'life_exp', 'qol', 'dom_int_mv_ratio', 'dom_perc', 'int_perc')",0.10770749
"('gdp_usd', 'elo_rating', 'bmi')",0.107387471
"('qol', 'num_play_dom', 'dom_perc')",0.107046373
"('qol', 'num_play_dom', 'int_perc')",0.107046373
"('qol', 'num_play_dom', 'dom_perc', 'int_perc')",0.107046373
"('gdp_usd', 'mv_usd', 'life_exp', 'mv_play_dom', 'dom_int_mv_ratio', 'dom_perc')",0.106485413
"('gdp_usd', 'mv_usd', 'life_exp', 'mv_play_dom', 'dom_int_mv_ratio', 'int_perc')",0.106485413
"('gdp_usd', 'mv_usd', 'life_exp', 'mv_play_dom', 'dom_int_mv_ratio', 'dom_perc', 'int_perc')",0.106485413
"('elo_rating', 'bmi', 'dom_perc')",0.10609813
"('elo_rating', 'bmi', 'dom_perc', 'int_perc')",0.10609813
"('elo_rating', 'bmi', 'int_perc')",0.10609813
"('gdp_usd', 'bmi', 'life_exp', 'dom_int_mv_ratio', 'dom_perc')",0.105787578
"('gdp_usd', 'bmi', 'life_exp', 'dom_int_mv_ratio', 'int_perc')",0.105787578
"('gdp_usd', 'bmi', 'life_exp', 'dom_int_mv_ratio', 'dom_perc', 'int_perc')",0.105787578
"('bmi', 'mv_play_dom', 'dom_int_mv_ratio')",0.105664048
"('bmi', 'mv_play_dom', 'mv_play_int', 'num_play_int')",0.105638727
"('gdp_usd', 'bmi', 'life_exp', 'dom_perc')",0.105380746
"('gdp_usd', 'bmi', 'life_exp', 'int_perc')",0.105380746
"('gdp_usd', 'bmi', 'life_exp', 'dom_perc', 'int_perc')",0.105380746
"('gdp_usd', 'mv_usd', 'elo_rating')",0.105174919
"('gdp_usd', 'bmi', 'life_exp', 'dom_int_mv_ratio')",0.105120108
"('gdp_usd', 'mv_usd', 'mv_play_dom', 'dom_int_mv_ratio', 'dom_perc')",0.104903131
"('gdp_usd', 'mv_usd', 'mv_play_dom', 'dom_int_mv_ratio', 'int_perc')",0.104903131
"('gdp_usd', 'mv_usd', 'mv_play_dom', 'dom_int_mv_ratio', 'dom_perc', 'int_perc')",0.104903131
"('gdp_usd', 'mv_usd', 'life_exp', 'mv_play_dom', 'mv_play_int', 'dom_perc')",0.104862821
"('gdp_usd', 'mv_usd', 'life_exp', 'mv_play_dom', 'mv_play_int', 'int_perc')",0.104862821
"('gdp_usd', 'mv_usd', 'life_exp', 'mv_play_dom', 'mv_play_int', 'dom_perc', 'int_perc')",0.104862821
"('power_rating', 'bmi', 'mv_play_dom')",0.104658761
"('gdp_usd', 'mv_usd', 'mv_play_dom', 'mv_play_int', 'dom_perc')",0.104594561
"('gdp_usd', 'mv_usd', 'mv_play_dom', 'mv_play_int', 'int_perc')",0.104594561
"('gdp_usd', 'mv_usd', 'mv_play_dom', 'mv_play_int', 'dom_perc', 'int_perc')",0.104594561
"('power_rating', 'gdp_usd', 'mv_play_dom')",0.104588173
"('power_rating', 'gdp_usd', 'bmi', 'num_play_int')",0.104452489
"('gdp_usd', 'bmi', 'life_exp')",0.104401912
"('power_rating', 'bmi', 'num_play_int')",0.103811043
"('elo_rating', 'dom_perc')",0.103546381
"('elo_rating', 'int_perc')",0.103546381
"('elo_rating', 'dom_perc', 'int_perc')",0.103546381
"('mv_usd', 'qol')",0.102873264
"('gdp_usd', 'bmi', 'qol', 'mv_play_dom', 'dom_int_mv_ratio', 'dom_perc')",0.102566437
"('gdp_usd', 'bmi', 'qol', 'mv_play_dom', 'dom_int_mv_ratio', 'int_perc')",0.102566437
"('gdp_usd', 'bmi', 'qol', 'mv_play_dom', 'dom_int_mv_ratio', 'dom_perc', 'int_perc')",0.102566437
"('gdp_usd', 'bmi', 'qol', 'mv_play_dom', 'dom_int_mv_ratio')",0.10239577
"('gdp_usd', 'bmi', 'qol', 'mv_play_dom', 'dom_perc')",0.10157171
"('gdp_usd', 'bmi', 'qol', 'mv_play_dom', 'int_perc')",0.10157171
"('gdp_usd', 'bmi', 'qol', 'mv_play_dom', 'dom_perc', 'int_perc')",0.10157171
"('gdp_usd', 'bmi', 'qol', 'dom_int_mv_ratio', 'dom_perc')",0.101479788
"('gdp_usd', 'bmi', 'qol', 'dom_int_mv_ratio', 'int_perc')",0.101479788
"('gdp_usd', 'bmi', 'qol', 'dom_int_mv_ratio', 'dom_perc', 'int_perc')",0.101479788
"('gdp_usd', 'bmi', 'qol', 'dom_perc')",0.101292927
"('gdp_usd', 'bmi', 'qol', 'int_perc')",0.101292927
"('gdp_usd', 'bmi', 'qol', 'dom_perc', 'int_perc')",0.101292927
"('gdp_usd', 'bmi', 'qol', 'mv_play_dom')",0.101094035
"('gdp_usd', 'bmi', 'mv_play_dom', 'dom_int_mv_ratio', 'dom_perc')",0.100786285
"('gdp_usd', 'bmi', 'mv_play_dom', 'dom_int_mv_ratio', 'int_perc')",0.100786285
"('gdp_usd', 'bmi', 'mv_play_dom', 'dom_int_mv_ratio', 'dom_perc', 'int_perc')",0.100786285
"('gdp_usd', 'bmi', 'mv_play_dom', 'dom_int_mv_ratio')",0.10077693
"('gdp_usd', 'bmi', 'mv_play_dom', 'dom_perc')",0.099946872
"('gdp_usd', 'bmi', 'mv_play_dom', 'int_perc')",0.099946872
"('gdp_usd', 'bmi', 'mv_play_dom', 'dom_perc', 'int_perc')",0.099946872
"('power_rating', 'mv_play_dom')",0.099923052
"('gdp_usd', 'bmi', 'mv_play_dom')",0.099812076
"('bmi', 'num_play_int', 'dom_int_mv_ratio')",0.099655348
"('gdp_usd', 'bmi', 'qol', 'dom_int_mv_ratio')",0.099626085
"('gdp_usd', 'bmi', 'qol')",0.099612973
"('life_exp', 'mv_play_dom', 'num_play_int', 'dom_perc')",0.099395846
"('life_exp', 'mv_play_dom', 'num_play_int', 'dom_perc', 'int_perc')",0.099395846
"('life_exp', 'mv_play_dom', 'num_play_int', 'int_perc')",0.099395846
"('gdp_usd', 'bmi', 'dom_int_mv_ratio', 'dom_perc', 'int_perc')",0.099033517
"('gdp_usd', 'bmi', 'dom_int_mv_ratio', 'dom_perc')",0.099033517
"('gdp_usd', 'bmi', 'dom_int_mv_ratio', 'int_perc')",0.099033517
"('gdp_usd', 'bmi', 'dom_perc')",0.099030841
"('gdp_usd', 'bmi', 'int_perc')",0.099030841
"('gdp_usd', 'bmi', 'dom_perc', 'int_perc')",0.099030841
"('life_exp', 'mv_play_dom', 'num_play_dom', 'mv_play_int', 'num_play_int')",0.09899381
"('life_exp', 'mv_play_dom', 'mv_play_int', 'num_play_int')",0.09891895
"('mv_usd', 'bmi', 'num_play_dom')",0.098736075
"('gdp_usd', 'elo_rating', 'qol', 'dom_int_mv_ratio', 'dom_perc')",0.098058333
"('gdp_usd', 'elo_rating', 'qol', 'dom_int_mv_ratio', 'int_perc')",0.098058333
"('gdp_usd', 'elo_rating', 'qol', 'dom_int_mv_ratio', 'dom_perc', 'int_perc')",0.098058333
"('mv_play_int', 'dom_perc')",0.098051683
"('mv_play_int', 'int_perc')",0.098051683
"('mv_play_int', 'dom_perc', 'int_perc')",0.098051683
"('gdp_usd', 'bmi', 'dom_int_mv_ratio')",0.097751585
"('gdp_usd', 'bmi')",0.097716964
"('bmi', 'mv_play_dom', 'num_play_int')",0.097598231
"('life_exp', 'mv_play_dom', 'num_play_dom', 'mv_play_int', 'dom_perc')",0.097410309
"('life_exp', 'mv_play_dom', 'num_play_dom', 'mv_play_int', 'dom_perc', 'int_perc')",0.097410309
"('life_exp', 'mv_play_dom', 'num_play_dom', 'mv_play_int', 'int_perc')",0.097410309
"('life_exp', 'mv_play_dom', 'num_play_dom', 'num_play_int')",0.096690765
"('life_exp', 'mv_play_dom', 'mv_play_int', 'int_perc')",0.096596795
"('life_exp', 'mv_play_dom', 'mv_play_int', 'dom_perc')",0.096596795
"('life_exp', 'mv_play_dom', 'mv_play_int', 'dom_perc', 'int_perc')",0.096596795
"('gdp_usd', 'elo_rating', 'life_exp', 'qol', 'dom_perc')",0.096364444
"('gdp_usd', 'elo_rating', 'life_exp', 'qol', 'int_perc')",0.096364444
"('gdp_usd', 'elo_rating', 'life_exp', 'qol', 'dom_perc', 'int_perc')",0.096364444
"('life_exp', 'mv_play_dom', 'num_play_int')",0.096341467
"('gdp_usd', 'mv_usd', 'life_exp', 'qol', 'mv_play_dom', 'mv_play_int', 'dom_int_mv_ratio')",0.095347443
"('bmi', 'dom_int_mv_ratio')",0.095030266
"('dom_int_mv_ratio', 'dom_perc')",0.095000013
"('dom_int_mv_ratio', 'dom_perc', 'int_perc')",0.095000013
"('dom_int_mv_ratio', 'int_perc')",0.095000013
"('gdp_usd', 'mv_usd', 'life_exp', 'qol', 'mv_play_dom', 'dom_int_mv_ratio')",0.094347901
"('gdp_usd', 'mv_usd', 'life_exp', 'mv_play_dom', 'int_perc')",0.094311162
"('gdp_usd', 'mv_usd', 'life_exp', 'mv_play_dom', 'dom_perc', 'int_perc')",0.094311162
"('gdp_usd', 'mv_usd', 'life_exp', 'mv_play_dom', 'dom_perc')",0.094311162
"('life_exp', 'mv_play_int', 'num_play_int', 'dom_perc')",0.094191526
"('life_exp', 'mv_play_int', 'num_play_int', 'int_perc')",0.094191526
"('life_exp', 'mv_play_int', 'num_play_int', 'dom_perc', 'int_perc')",0.094191526
"('power_rating', 'gdp_usd', 'num_play_dom')",0.094134344
"('gdp_usd', 'mv_usd', 'mv_play_dom', 'dom_perc')",0.093860535
"('gdp_usd', 'mv_usd', 'mv_play_dom', 'int_perc')",0.093860535
"('gdp_usd', 'mv_usd', 'mv_play_dom', 'dom_perc', 'int_perc')",0.093860535
"('qol', 'mv_play_dom', 'dom_perc', 'int_perc')",0.092563886
"('qol', 'mv_play_dom', 'dom_perc')",0.092563886
"('qol', 'mv_play_dom', 'int_perc')",0.092563886
"('life_exp', 'mv_play_dom', 'num_play_dom', 'mv_play_int')",0.092047969
"('gdp_usd', 'mv_usd', 'qol', 'mv_play_dom', 'mv_play_int', 'dom_int_mv_ratio')",0.090619173
"('gdp_usd', 'elo_rating', 'qol', 'dom_perc')",0.090596572
"('gdp_usd', 'elo_rating', 'qol', 'int_perc')",0.090596572
"('gdp_usd', 'elo_rating', 'qol', 'dom_perc', 'int_perc')",0.090596572
"('life_exp', 'mv_play_dom', 'mv_play_int')",0.090335281
"('gdp_usd', 'mv_usd', 'qol', 'mv_play_dom', 'dom_int_mv_ratio')",0.090262929
"('qol', 'mv_play_dom')",0.089265746
"('life_exp', 'num_play_dom', 'mv_play_int', 'dom_perc')",0.088608911
"('life_exp', 'num_play_dom', 'mv_play_int', 'int_perc')",0.088608911
"('life_exp', 'num_play_dom', 'mv_play_int', 'dom_perc', 'int_perc')",0.088608911
"('power_rating', 'gdp_usd', 'num_play_int')",0.087208356
"('num_play_dom', 'mv_play_int', 'num_play_int')",0.087198008
"('num_play_dom', 'mv_play_int')",0.087182061
"('gdp_usd', 'elo_rating', 'life_exp', 'qol', 'mv_play_int', 'dom_int_mv_ratio')",0.086736664
"('gdp_usd', 'life_exp', 'qol', 'mv_play_dom', 'mv_play_int', 'dom_int_mv_ratio', 'dom_perc')",0.085914859
"('gdp_usd', 'life_exp', 'qol', 'mv_play_dom', 'mv_play_int', 'dom_int_mv_ratio', 'dom_perc', 'int_perc')",0.085914859
"('gdp_usd', 'life_exp', 'qol', 'mv_play_dom', 'mv_play_int', 'dom_int_mv_ratio', 'int_perc')",0.085914859
"('life_exp', 'mv_play_dom', 'num_play_dom', 'dom_perc')",0.085554237
"('life_exp', 'mv_play_dom', 'num_play_dom', 'int_perc')",0.085554237
"('life_exp', 'mv_play_dom', 'num_play_dom', 'dom_perc', 'int_perc')",0.085554237
"('life_exp', 'mv_play_dom', 'dom_perc')",0.085361539
"('life_exp', 'mv_play_dom', 'dom_perc', 'int_perc')",0.085361539
"('life_exp', 'mv_play_dom', 'int_perc')",0.085361539
"('num_play_int', 'dom_int_mv_ratio')",0.085212756
"('life_exp', 'mv_play_dom', 'num_play_dom')",0.085117868
"('life_exp', 'mv_play_dom')",0.085092357
"('life_exp', 'mv_play_int', 'dom_perc')",0.085000421
"('life_exp', 'mv_play_int', 'int_perc')",0.085000421
"('life_exp', 'mv_play_int', 'dom_perc', 'int_perc')",0.085000421
"('gdp_usd', 'mv_usd', 'life_exp', 'qol', 'mv_play_int', 'dom_int_mv_ratio', 'dom_perc')",0.084607237
"('gdp_usd', 'mv_usd', 'life_exp', 'qol', 'mv_play_int', 'dom_int_mv_ratio', 'int_perc')",0.084607237
"('gdp_usd', 'mv_usd', 'life_exp', 'qol', 'mv_play_int', 'dom_int_mv_ratio', 'dom_perc', 'int_perc')",0.084607237
"('bmi', 'mv_play_dom', 'mv_play_int')",0.084598598
"('gdp_usd', 'life_exp', 'qol', 'mv_play_dom', 'mv_play_int', 'dom_perc', 'int_perc')",0.084345816
"('gdp_usd', 'life_exp', 'qol', 'mv_play_dom', 'mv_play_int', 'dom_perc')",0.084345816
"('gdp_usd', 'life_exp', 'qol', 'mv_play_dom', 'mv_play_int', 'int_perc')",0.084345816
"('gdp_usd', 'mv_usd', 'life_exp', 'qol', 'mv_play_dom', 'mv_play_int')",0.08388014
"('gdp_usd', 'qol', 'mv_play_dom', 'mv_play_int', 'dom_int_mv_ratio', 'int_perc')",0.083774604
"('gdp_usd', 'qol', 'mv_play_dom', 'mv_play_int', 'dom_int_mv_ratio', 'dom_perc')",0.083774604
"('gdp_usd', 'qol', 'mv_play_dom', 'mv_play_int', 'dom_int_mv_ratio', 'dom_perc', 'int_perc')",0.083774604
"('gdp_usd', 'mv_usd', 'qol', 'mv_play_int', 'dom_int_mv_ratio', 'dom_perc')",0.082531038
"('gdp_usd', 'mv_usd', 'qol', 'mv_play_int', 'dom_int_mv_ratio', 'int_perc')",0.082531038
"('gdp_usd', 'mv_usd', 'qol', 'mv_play_int', 'dom_int_mv_ratio', 'dom_perc', 'int_perc')",0.082531038
"('power_rating', 'num_play_dom')",0.082410388
"('gdp_usd', 'elo_rating', 'qol', 'mv_play_int', 'dom_int_mv_ratio')",0.082311503
"('gdp_usd', 'life_exp', 'qol', 'mv_play_int', 'dom_int_mv_ratio', 'dom_perc')",0.081835034
"('gdp_usd', 'life_exp', 'qol', 'mv_play_int', 'dom_int_mv_ratio', 'int_perc')",0.081835034
"('gdp_usd', 'life_exp', 'qol', 'mv_play_int', 'dom_int_mv_ratio', 'dom_perc', 'int_perc')",0.081835034
"('power_rating', 'num_play_int')",0.081650604
"('gdp_usd', 'qol', 'mv_play_dom', 'mv_play_int', 'dom_perc')",0.08127287
"('gdp_usd', 'qol', 'mv_play_dom', 'mv_play_int', 'int_perc')",0.08127287
"('gdp_usd', 'qol', 'mv_play_dom', 'mv_play_int', 'dom_perc', 'int_perc')",0.08127287
"('bmi', 'mv_play_dom')",0.08101656
"('gdp_usd', 'mv_usd', 'life_exp', 'qol', 'mv_play_dom')",0.080658318
"('gdp_usd', 'qol', 'mv_play_int', 'dom_int_mv_ratio', 'int_perc')",0.079891482
"('gdp_usd', 'qol', 'mv_play_int', 'dom_int_mv_ratio', 'dom_perc')",0.079891482
"('gdp_usd', 'qol', 'mv_play_int', 'dom_int_mv_ratio', 'dom_perc', 'int_perc')",0.079891482
"('power_rating', 'gdp_usd', 'bmi', 'dom_perc')",0.077956222
"('power_rating', 'gdp_usd', 'bmi', 'dom_perc', 'int_perc')",0.077956222
"('power_rating', 'gdp_usd', 'bmi', 'int_perc')",0.077956222
"('gdp_usd', 'mv_usd', 'qol', 'mv_play_dom', 'mv_play_int')",0.07680816
"('gdp_usd', 'elo_rating', 'life_exp', 'qol', 'mv_play_int')",0.076807998
"('gdp_usd', 'elo_rating', 'life_exp', 'qol', 'dom_int_mv_ratio')",0.076491392
"('gdp_usd', 'mv_usd', 'life_exp', 'qol', 'mv_play_int', 'dom_perc')",0.076321762
"('gdp_usd', 'mv_usd', 'life_exp', 'qol', 'mv_play_int', 'int_perc')",0.076321762
"('gdp_usd', 'mv_usd', 'life_exp', 'qol', 'mv_play_int', 'dom_perc', 'int_perc')",0.076321762
"('gdp_usd', 'life_exp', 'qol', 'mv_play_int', 'dom_perc')",0.076306278
"('gdp_usd', 'life_exp', 'qol', 'mv_play_int', 'int_perc')",0.076306278
"('gdp_usd', 'life_exp', 'qol', 'mv_play_int', 'dom_perc', 'int_perc')",0.076306278
"('mv_usd', 'num_play_dom')",0.075866635
"('qol', 'num_play_dom', 'num_play_int')",0.075166492
"('gdp_usd', 'elo_rating', 'qol', 'mv_play_int')",0.075076765
"('gdp_usd', 'mv_usd', 'qol', 'mv_play_dom')",0.074923029
"('power_rating', 'bmi', 'dom_perc')",0.073055917
"('power_rating', 'bmi', 'int_perc')",0.073055917
"('power_rating', 'bmi', 'dom_perc', 'int_perc')",0.073055917
"('gdp_usd', 'mv_usd', 'life_exp', 'qol', 'dom_int_mv_ratio', 'dom_perc', 'int_perc')",0.073008868
"('gdp_usd', 'mv_usd', 'life_exp', 'qol', 'dom_int_mv_ratio', 'dom_perc')",0.073008868
"('gdp_usd', 'mv_usd', 'life_exp', 'qol', 'dom_int_mv_ratio', 'int_perc')",0.073008868
"('gdp_usd', 'mv_usd', 'qol', 'mv_play_int', 'dom_perc')",0.072619369
"('gdp_usd', 'mv_usd', 'qol', 'mv_play_int', 'int_perc')",0.072619369
"('gdp_usd', 'mv_usd', 'qol', 'mv_play_int', 'dom_perc', 'int_perc')",0.072619369
"('gdp_usd', 'qol', 'mv_play_int', 'dom_perc', 'int_perc')",0.072598842
"('gdp_usd', 'qol', 'mv_play_int', 'dom_perc')",0.072598842
"('gdp_usd', 'qol', 'mv_play_int', 'int_perc')",0.072598842
"('qol', 'num_play_int', 'dom_perc')",0.072487205
"('qol', 'num_play_int', 'dom_perc', 'int_perc')",0.072487205
"('qol', 'num_play_int', 'int_perc')",0.072487205
"('qol', 'num_play_int')",0.072487203
"('gdp_usd', 'elo_rating', 'life_exp', 'mv_play_dom', 'dom_int_mv_ratio', 'int_perc')",0.071255201
"('gdp_usd', 'elo_rating', 'life_exp', 'mv_play_dom', 'dom_int_mv_ratio', 'dom_perc')",0.071255201
"('gdp_usd', 'elo_rating', 'life_exp', 'mv_play_dom', 'dom_int_mv_ratio', 'dom_perc', 'int_perc')",0.071255201
"('gdp_usd', 'elo_rating', 'qol', 'dom_int_mv_ratio')",0.070441188
"('gdp_usd', 'elo_rating', 'life_exp', 'mv_play_dom', 'dom_perc')",0.070310383
"('gdp_usd', 'elo_rating', 'life_exp', 'mv_play_dom', 'int_perc')",0.070310383
"('gdp_usd', 'elo_rating', 'life_exp', 'mv_play_dom', 'dom_perc', 'int_perc')",0.070310383
"('gdp_usd', 'mv_usd', 'qol', 'dom_int_mv_ratio', 'dom_perc')",0.069407227
"('gdp_usd', 'mv_usd', 'qol', 'dom_int_mv_ratio', 'dom_perc', 'int_perc')",0.069407227
"('gdp_usd', 'mv_usd', 'qol', 'dom_int_mv_ratio', 'int_perc')",0.069407227
"('gdp_usd', 'mv_usd', 'life_exp', 'qol', 'dom_perc')",0.068950963
"('gdp_usd', 'mv_usd', 'life_exp', 'qol', 'int_perc')",0.068950963
"('gdp_usd', 'mv_usd', 'life_exp', 'qol', 'dom_perc', 'int_perc')",0.068950963
"('gdp_usd', 'elo_rating', 'life_exp', 'mv_play_dom', 'dom_int_mv_ratio')",0.06874662
"('elo_rating', 'bmi', 'life_exp', 'num_play_dom')",0.06835397
"('gdp_usd', 'elo_rating', 'life_exp', 'mv_play_dom')",0.06828961
"('mv_usd', 'bmi')",0.067660694
"('gdp_usd', 'mv_usd', 'life_exp', 'qol', 'mv_play_int', 'dom_int_mv_ratio')",0.067402287
"('gdp_usd', 'mv_usd', 'life_exp', 'mv_play_dom', 'mv_play_int', 'dom_int_mv_ratio')",0.066747757
"('gdp_usd', 'mv_usd', 'life_exp', 'mv_play_dom', 'dom_int_mv_ratio')",0.066712572
"('qol', 'num_play_dom', 'mv_play_int')",0.066515176
"('gdp_usd', 'mv_usd', 'life_exp', 'qol', 'dom_int_mv_ratio')",0.066314484
"('gdp_usd', 'life_exp', 'mv_play_dom', 'mv_play_int', 'dom_int_mv_ratio', 'dom_perc')",0.065942167
"('gdp_usd', 'life_exp', 'mv_play_dom', 'mv_play_int', 'dom_int_mv_ratio', 'dom_perc', 'int_perc')",0.065942167
"('gdp_usd', 'life_exp', 'mv_play_dom', 'mv_play_int', 'dom_int_mv_ratio', 'int_perc')",0.065942167
"('qol', 'mv_play_int')",0.065673185
"('gdp_usd', 'elo_rating', 'mv_play_dom', 'dom_int_mv_ratio', 'dom_perc')",0.065666218
"('gdp_usd', 'elo_rating', 'mv_play_dom', 'dom_int_mv_ratio', 'int_perc')",0.065666218
"('gdp_usd', 'elo_rating', 'mv_play_dom', 'dom_int_mv_ratio', 'dom_perc', 'int_perc')",0.065666218
"('gdp_usd', 'mv_usd', 'life_exp', 'mv_play_int', 'dom_int_mv_ratio', 'dom_perc')",0.065631242
"('gdp_usd', 'mv_usd', 'life_exp', 'mv_play_int', 'dom_int_mv_ratio', 'dom_perc', 'int_perc')",0.065631242
"('gdp_usd', 'mv_usd', 'life_exp', 'mv_play_int', 'dom_int_mv_ratio', 'int_perc')",0.065631242
"('gdp_usd', 'mv_usd', 'qol', 'mv_play_int', 'dom_int_mv_ratio')",0.065149657
"('gdp_usd', 'mv_usd', 'qol', 'dom_perc')",0.064210417
"('gdp_usd', 'mv_usd', 'qol', 'int_perc')",0.064210417
"('gdp_usd', 'mv_usd', 'qol', 'dom_perc', 'int_perc')",0.064210417
"('gdp_usd', 'life_exp', 'qol', 'mv_play_dom', 'dom_int_mv_ratio', 'dom_perc')",0.063917597
"('gdp_usd', 'life_exp', 'qol', 'mv_play_dom', 'dom_int_mv_ratio', 'int_perc')",0.063917597
"('gdp_usd', 'life_exp', 'qol', 'mv_play_dom', 'dom_int_mv_ratio', 'dom_perc', 'int_perc')",0.063917597
"('gdp_usd', 'life_exp', 'mv_play_dom', 'mv_play_int', 'int_perc')",0.063761805
"('gdp_usd', 'life_exp', 'mv_play_dom', 'mv_play_int', 'dom_perc', 'int_perc')",0.063761805
"('gdp_usd', 'life_exp', 'mv_play_dom', 'mv_play_int', 'dom_perc')",0.063761805
"('gdp_usd', 'life_exp', 'qol', 'mv_play_dom', 'int_perc')",0.063625161
"('gdp_usd', 'life_exp', 'qol', 'mv_play_dom', 'dom_perc')",0.063625161
"('gdp_usd', 'life_exp', 'qol', 'mv_play_dom', 'dom_perc', 'int_perc')",0.063625161
"('gdp_usd', 'life_exp', 'qol', 'dom_int_mv_ratio', 'int_perc')",0.063599519
"('gdp_usd', 'life_exp', 'qol', 'dom_int_mv_ratio', 'dom_perc')",0.063599519
"('gdp_usd', 'life_exp', 'qol', 'dom_int_mv_ratio', 'dom_perc', 'int_perc')",0.063599519
"('gdp_usd', 'life_exp', 'qol', 'dom_perc')",0.063541115
"('gdp_usd', 'life_exp', 'qol', 'int_perc')",0.063541115
"('gdp_usd', 'life_exp', 'qol', 'dom_perc', 'int_perc')",0.063541115
"('gdp_usd', 'mv_usd', 'qol', 'dom_int_mv_ratio')",0.063485606
"('elo_rating', 'bmi', 'life_exp')",0.063288227
"('gdp_usd', 'elo_rating', 'mv_play_dom', 'dom_perc', 'int_perc')",0.063069139
"('gdp_usd', 'elo_rating', 'mv_play_dom', 'dom_perc')",0.063069139
"('gdp_usd', 'elo_rating', 'mv_play_dom', 'int_perc')",0.063069139
"('gdp_usd', 'mv_usd', 'mv_play_dom', 'mv_play_int', 'dom_int_mv_ratio')",0.063012942
"('gdp_usd', 'mv_usd', 'mv_play_dom', 'dom_int_mv_ratio')",0.063007029
"('gdp_usd', 'life_exp', 'mv_play_int', 'dom_int_mv_ratio', 'int_perc')",0.06275503
"('gdp_usd', 'life_exp', 'mv_play_int', 'dom_int_mv_ratio', 'dom_perc', 'int_perc')",0.06275503
"('gdp_usd', 'life_exp', 'mv_play_int', 'dom_int_mv_ratio', 'dom_perc')",0.06275503
"('mv_play_dom', 'mv_play_int')",0.062549053
"('gdp_usd', 'elo_rating', 'mv_play_dom', 'dom_int_mv_ratio')",0.062514821
"('elo_rating', 'life_exp', 'num_play_dom')",0.062423797
"('gdp_usd', 'mv_usd', 'mv_play_int', 'dom_int_mv_ratio', 'dom_perc')",0.061766031
"('gdp_usd', 'mv_usd', 'mv_play_int', 'dom_int_mv_ratio', 'int_perc')",0.061766031
"('gdp_usd', 'mv_usd', 'mv_play_int', 'dom_int_mv_ratio', 'dom_perc', 'int_perc')",0.061766031
"('gdp_usd', 'mv_play_dom', 'mv_play_int', 'dom_int_mv_ratio', 'dom_perc')",0.061756768
"('gdp_usd', 'mv_play_dom', 'mv_play_int', 'dom_int_mv_ratio', 'int_perc')",0.061756768
"('gdp_usd', 'mv_play_dom', 'mv_play_int', 'dom_int_mv_ratio', 'dom_perc', 'int_perc')",0.061756768
"('elo_rating', 'life_exp')",0.060882097
"('gdp_usd', 'elo_rating', 'mv_play_dom')",0.060796905
"('gdp_usd', 'mv_play_dom', 'mv_play_int', 'dom_perc')",0.060679698
"('gdp_usd', 'mv_play_dom', 'mv_play_int', 'int_perc')",0.060679698
"('gdp_usd', 'mv_play_dom', 'mv_play_int', 'dom_perc', 'int_perc')",0.060679698
"('gdp_usd', 'mv_usd', 'life_exp', 'qol', 'mv_play_int')",0.060566865
"('gdp_usd', 'mv_usd', 'life_exp', 'qol')",0.060497838
"('gdp_usd', 'qol', 'mv_play_dom', 'dom_int_mv_ratio', 'dom_perc')",0.059950766
"('gdp_usd', 'qol', 'mv_play_dom', 'dom_int_mv_ratio', 'int_perc')",0.059950766
"('gdp_usd', 'qol', 'mv_play_dom', 'dom_int_mv_ratio', 'dom_perc', 'int_perc')",0.059950766
"('gdp_usd', 'qol', 'mv_play_dom', 'dom_perc')",0.059912665
"('gdp_usd', 'qol', 'mv_play_dom', 'dom_perc', 'int_perc')",0.059912665
"('gdp_usd', 'qol', 'mv_play_dom', 'int_perc')",0.059912665
"('gdp_usd', 'qol', 'dom_int_mv_ratio', 'dom_perc')",0.059775563
"('gdp_usd', 'qol', 'dom_int_mv_ratio', 'int_perc')",0.059775563
"('gdp_usd', 'qol', 'dom_int_mv_ratio', 'dom_perc', 'int_perc')",0.059775563
"('gdp_usd', 'qol', 'dom_perc')",0.059768597
"('gdp_usd', 'qol', 'dom_perc', 'int_perc')",0.059768597
"('gdp_usd', 'qol', 'int_perc')",0.059768597
"('gdp_usd', 'elo_rating', 'life_exp', 'qol')",0.059513634
"('gdp_usd', 'mv_play_int', 'dom_int_mv_ratio', 'int_perc')",0.058578921
"('gdp_usd', 'mv_play_int', 'dom_int_mv_ratio', 'dom_perc')",0.058578921
"('gdp_usd', 'mv_play_int', 'dom_int_mv_ratio', 'dom_perc', 'int_perc')",0.058578921
"('gdp_usd', 'elo_rating', 'qol')",0.057300144
"('gdp_usd', 'elo_rating', 'life_exp', 'dom_int_mv_ratio', 'dom_perc')",0.056876101
"('gdp_usd', 'elo_rating', 'life_exp', 'dom_int_mv_ratio', 'dom_perc', 'int_perc')",0.056876101
"('gdp_usd', 'elo_rating', 'life_exp', 'dom_int_mv_ratio', 'int_perc')",0.056876101
"('gdp_usd', 'mv_usd', 'qol', 'mv_play_int')",0.056801067
"('gdp_usd', 'mv_usd', 'life_exp', 'mv_play_int', 'dom_perc', 'int_perc')",0.056597748
"('gdp_usd', 'mv_usd', 'life_exp', 'mv_play_int', 'int_perc')",0.056597748
"('gdp_usd', 'mv_usd', 'life_exp', 'mv_play_int', 'dom_perc')",0.056597748
"('gdp_usd', 'life_exp', 'mv_play_int', 'dom_perc')",0.056591487
"('gdp_usd', 'life_exp', 'mv_play_int', 'int_perc')",0.056591487
"('gdp_usd', 'life_exp', 'mv_play_int', 'dom_perc', 'int_perc')",0.056591487
"('gdp_usd', 'mv_usd', 'qol')",0.056566067
"('gdp_usd', 'mv_usd', 'life_exp', 'mv_play_dom', 'mv_play_int')",0.055154761
"('gdp_usd', 'mv_usd', 'life_exp', 'mv_play_dom')",0.054795814
"('gdp_usd', 'mv_usd', 'mv_play_int', 'dom_perc')",0.054563825
"('gdp_usd', 'mv_usd', 'mv_play_int', 'int_perc')",0.054563825
"('gdp_usd', 'mv_usd', 'mv_play_int', 'dom_perc', 'int_perc')",0.054563825
"('gdp_usd', 'mv_play_int', 'dom_perc')",0.054449822
"('gdp_usd', 'mv_play_int', 'int_perc')",0.054449822
"('gdp_usd', 'mv_play_int', 'dom_perc', 'int_perc')",0.054449822
"('gdp_usd', 'mv_usd', 'mv_play_dom', 'mv_play_int')",0.053361166
"('gdp_usd', 'mv_usd', 'mv_play_dom')",0.052974102
"('life_exp', 'num_play_dom', 'mv_play_int', 'num_play_int')",0.052540463
"('gdp_usd', 'elo_rating', 'dom_int_mv_ratio', 'dom_perc')",0.051609084
"('gdp_usd', 'elo_rating', 'dom_int_mv_ratio', 'int_perc')",0.051609084
"('gdp_usd', 'elo_rating', 'dom_int_mv_ratio', 'dom_perc', 'int_perc')",0.051609084
"('gdp_usd', 'life_exp', 'qol', 'mv_play_dom', 'mv_play_int', 'dom_int_mv_ratio')",0.051543311
"('gdp_usd', 'life_exp', 'qol', 'mv_play_dom', 'mv_play_int')",0.0507978
"('gdp_usd', 'qol', 'mv_play_dom', 'mv_play_int', 'dom_int_mv_ratio')",0.049780212
"('gdp_usd', 'life_exp', 'qol', 'mv_play_dom', 'dom_int_mv_ratio')",0.049452782
"('gdp_usd', 'life_exp', 'qol', 'mv_play_dom')",0.049372646
"('life_exp', 'num_play_dom', 'mv_play_int')",0.049194111
"('gdp_usd', 'qol', 'mv_play_dom', 'mv_play_int')",0.048435531
"('gdp_usd', 'elo_rating', 'life_exp', 'dom_perc')",0.047395102
"('gdp_usd', 'elo_rating', 'life_exp', 'int_perc')",0.047395102
"('gdp_usd', 'elo_rating', 'life_exp', 'dom_perc', 'int_perc')",0.047395102
"('gdp_usd', 'qol', 'mv_play_dom', 'dom_int_mv_ratio')",0.046981562
"('gdp_usd', 'mv_usd', 'life_exp', 'dom_int_mv_ratio', 'dom_perc', 'int_perc')",0.046869545
"('gdp_usd', 'mv_usd', 'life_exp', 'dom_int_mv_ratio', 'int_perc')",0.046869545
"('gdp_usd', 'mv_usd', 'life_exp', 'dom_int_mv_ratio', 'dom_perc')",0.046869545
"('gdp_usd', 'qol', 'mv_play_dom')",0.046696657
"('gdp_usd', 'elo_rating', 'life_exp', 'mv_play_int', 'dom_int_mv_ratio')",0.046251492
"('gdp_usd', 'life_exp', 'qol', 'mv_play_int', 'dom_int_mv_ratio')",0.04610434
"('gdp_usd', 'life_exp', 'qol', 'mv_play_int')",0.045535622
"('gdp_usd', 'mv_usd', 'life_exp', 'mv_play_int', 'dom_int_mv_ratio')",0.045404685
"('gdp_usd', 'life_exp', 'qol', 'dom_int_mv_ratio')",0.044735126
"('life_exp', 'num_play_dom', 'dom_perc')",0.044190251
"('life_exp', 'num_play_dom', 'int_perc')",0.044190251
"('life_exp', 'num_play_dom', 'dom_perc', 'int_perc')",0.044190251
"('gdp_usd', 'qol', 'mv_play_int', 'dom_int_mv_ratio')",0.044177626
"('gdp_usd', 'qol', 'mv_play_int')",0.043990957
"('elo_rating', 'bmi', 'num_play_dom')",0.043730011
"('gdp_usd', 'mv_usd', 'life_exp', 'dom_perc')",0.043331471
"('gdp_usd', 'mv_usd', 'life_exp', 'int_perc')",0.043331471
"('gdp_usd', 'mv_usd', 'life_exp', 'dom_perc', 'int_perc')",0.043331471
"('life_exp', 'num_play_int', 'int_perc')",0.043055315
"('life_exp', 'num_play_int', 'dom_perc')",0.043055315
"('life_exp', 'num_play_int', 'dom_perc', 'int_perc')",0.043055315
"('gdp_usd', 'mv_usd', 'dom_int_mv_ratio', 'dom_perc')",0.043010477
"('gdp_usd', 'mv_usd', 'dom_int_mv_ratio', 'int_perc')",0.043010477
"('gdp_usd', 'mv_usd', 'dom_int_mv_ratio', 'dom_perc', 'int_perc')",0.043010477
"('gdp_usd', 'life_exp', 'qol')",0.042723993
"('gdp_usd', 'qol', 'dom_int_mv_ratio')",0.042217245
"('gdp_usd', 'mv_usd', 'life_exp', 'dom_int_mv_ratio')",0.041586659
"('gdp_usd', 'qol')",0.040940899
"('gdp_usd', 'mv_usd', 'dom_perc')",0.04068125
"('gdp_usd', 'mv_usd', 'int_perc')",0.04068125
"('gdp_usd', 'mv_usd', 'dom_perc', 'int_perc')",0.04068125
"('gdp_usd', 'mv_usd', 'mv_play_int', 'dom_int_mv_ratio')",0.040595333
"('gdp_usd', 'elo_rating', 'life_exp', 'mv_play_int')",0.039037775
"('life_exp', 'int_perc')",0.038597301
"('life_exp', 'dom_perc', 'int_perc')",0.038597301
"('life_exp', 'dom_perc')",0.038597301
"('gdp_usd', 'mv_usd', 'life_exp', 'mv_play_int')",0.03796361
"('gdp_usd', 'elo_rating', 'mv_play_int', 'dom_int_mv_ratio')",0.037501564
"('gdp_usd', 'mv_usd', 'dom_int_mv_ratio')",0.037108984
"('gdp_usd', 'elo_rating', 'int_perc')",0.036812487
"('gdp_usd', 'elo_rating', 'dom_perc')",0.036812487
"('gdp_usd', 'elo_rating', 'dom_perc', 'int_perc')",0.036812487
"('gdp_usd', 'mv_usd', 'life_exp')",0.036570534
"('gdp_usd', 'mv_usd', 'mv_play_int')",0.035069183
"('gdp_usd', 'life_exp', 'mv_play_dom', 'dom_int_mv_ratio', 'dom_perc')",0.034622201
"('gdp_usd', 'life_exp', 'mv_play_dom', 'dom_int_mv_ratio', 'dom_perc', 'int_perc')",0.034622201
"('gdp_usd', 'life_exp', 'mv_play_dom', 'dom_int_mv_ratio', 'int_perc')",0.034622201
"('gdp_usd', 'life_exp', 'dom_int_mv_ratio', 'dom_perc')",0.034616017
"('gdp_usd', 'life_exp', 'dom_int_mv_ratio', 'int_perc')",0.034616017
"('gdp_usd', 'life_exp', 'dom_int_mv_ratio', 'dom_perc', 'int_perc')",0.034616017
"('gdp_usd', 'life_exp', 'mv_play_dom', 'dom_perc')",0.034200167
"('gdp_usd', 'life_exp', 'mv_play_dom', 'int_perc')",0.034200167
"('gdp_usd', 'life_exp', 'mv_play_dom', 'dom_perc', 'int_perc')",0.034200167
"('gdp_usd', 'life_exp', 'dom_perc')",0.033803613
"('gdp_usd', 'life_exp', 'int_perc')",0.033803613
"('gdp_usd', 'life_exp', 'dom_perc', 'int_perc')",0.033803613
"('gdp_usd', 'mv_usd')",0.033596838
"('elo_rating', 'bmi')",0.032998076
"('gdp_usd', 'elo_rating', 'life_exp', 'dom_int_mv_ratio')",0.031727974
"('power_rating', 'gdp_usd', 'bmi')",0.030461424
"('gdp_usd', 'mv_play_dom', 'dom_int_mv_ratio', 'dom_perc')",0.03007257
"('gdp_usd', 'mv_play_dom', 'dom_int_mv_ratio', 'int_perc')",0.03007257
"('gdp_usd', 'mv_play_dom', 'dom_int_mv_ratio', 'dom_perc', 'int_perc')",0.03007257
"('gdp_usd', 'dom_int_mv_ratio', 'dom_perc')",0.030063885
"('gdp_usd', 'dom_int_mv_ratio', 'int_perc')",0.030063885
"('gdp_usd', 'dom_int_mv_ratio', 'dom_perc', 'int_perc')",0.030063885
"('gdp_usd', 'life_exp', 'mv_play_dom', 'mv_play_int', 'dom_int_mv_ratio')",0.029459529
"('gdp_usd', 'mv_play_dom', 'dom_perc')",0.028569919
"('gdp_usd', 'mv_play_dom', 'int_perc')",0.028569919
"('gdp_usd', 'mv_play_dom', 'dom_perc', 'int_perc')",0.028569919
"('num_play_dom', 'num_play_int', 'dom_int_mv_ratio')",0.028507575
"('gdp_usd', 'life_exp', 'mv_play_dom', 'mv_play_int')",0.028278412
"('num_play_dom', 'dom_int_mv_ratio')",0.027242463
"('gdp_usd', 'dom_perc')",0.027172427
"('gdp_usd', 'int_perc')",0.027172427
"('gdp_usd', 'dom_perc', 'int_perc')",0.027172427
"('power_rating', 'bmi')",0.024318699
"('gdp_usd', 'elo_rating', 'dom_int_mv_ratio')",0.024247585
"('gdp_usd', 'elo_rating', 'mv_play_int')",0.023736691
"('life_exp', 'mv_play_int', 'num_play_int')",0.023731582
"('gdp_usd', 'life_exp', 'mv_play_dom', 'dom_int_mv_ratio')",0.023556967
"('gdp_usd', 'life_exp', 'mv_play_dom')",0.023551169
"('gdp_usd', 'mv_play_dom', 'mv_play_int', 'dom_int_mv_ratio')",0.023463297
"('gdp_usd', 'mv_play_dom', 'mv_play_int')",0.023181716
"('gdp_usd', 'life_exp', 'mv_play_int', 'dom_int_mv_ratio')",0.021455438
"('gdp_usd', 'life_exp', 'mv_play_int')",0.020714833
"('qol', 'dom_perc')",0.0206097
"('qol', 'int_perc')",0.0206097
"('qol', 'dom_perc', 'int_perc')",0.0206097
"('life_exp', 'mv_play_int')",0.020466749
"('power_rating', 'gdp_usd', 'dom_perc', 'int_perc')",0.018044482
"('power_rating', 'gdp_usd', 'dom_perc')",0.018044482
"('power_rating', 'gdp_usd', 'int_perc')",0.018044482
"('power_rating', 'dom_perc')",0.018031417
"('power_rating', 'int_perc')",0.018031417
"('power_rating', 'dom_perc', 'int_perc')",0.018031417
"('gdp_usd', 'mv_play_dom', 'dom_int_mv_ratio')",0.017916104
"('gdp_usd', 'mv_play_dom')",0.017650418
"('gdp_usd', 'elo_rating', 'life_exp')",0.017463051
"('gdp_usd', 'life_exp', 'dom_int_mv_ratio')",0.01684824
"('life_exp', 'num_play_dom', 'num_play_int')",0.016493159
"('gdp_usd', 'mv_play_int', 'dom_int_mv_ratio')",0.014601411
"('life_exp', 'num_play_dom')",0.014326496
"('gdp_usd', 'life_exp')",0.012595574
"('gdp_usd', 'mv_play_int')",0.011074598
"('gdp_usd', 'dom_int_mv_ratio')",0.01039618
"('mv_play_int', 'num_play_int')",0.003777568
"('life_exp', 'num_play_int')",0.002326887
"('qol', 'num_play_dom')",0.002298612
"('gdp_usd', 'elo_rating')",0.001593463
"('bmi', 'mv_play_int', 'num_play_int')",0.000841114
"('power_rating', 'gdp_usd')",0.00066049
"('bmi', 'num_play_int')",0.000622096
"('num_play_dom', 'num_play_int')",0.000200555
"('bmi', 'mv_play_int')",0.000175253
"('elo_rating', 'num_play_dom')",8.93E-05
